t#bar{t} jec_CorrelationGroupMPFInSitu up,	0.166380130	0.166570137	0.163764901	0.163468065	0.158557179	0.158667103	0.161322463	0.160633724	0.171949440	0.172123639	0.178025887	0.178537333
t#bar{t} jec_RelativeFSR up,	0.166782712	0.166570137	0.163077234	0.163468065	0.158822965	0.158667103	0.160858858	0.160633724	0.172014161	0.172123639	0.178444070	0.178537333
t#bar{t} jec_CorrelationGroupUncorrelated up,	0.166692981	0.166570137	0.163977598	0.163468065	0.158978757	0.158667103	0.160763705	0.160633724	0.171634167	0.172123639	0.177952791	0.178537333
t#bar{t} jec_FlavorPureGluon up,	0.166562905	0.166570137	0.163721939	0.163468065	0.158477263	0.158667103	0.160882294	0.160633724	0.172025876	0.172123639	0.178329723	0.178537333
t#bar{t} jec_FlavorPureQuark up,	0.166665424	0.166570137	0.163398842	0.163468065	0.158398677	0.158667103	0.160946149	0.160633724	0.172329913	0.172123639	0.178260995	0.178537333
t#bar{t} jec_FlavorPureCharm up,	0.166428508	0.166570137	0.163614205	0.163468065	0.158681914	0.158667103	0.160925915	0.160633724	0.171930302	0.172123639	0.178419155	0.178537333
t#bar{t} jec_FlavorPureBottom up,	0.166541355	0.166570137	0.163729050	0.163468065	0.158909095	0.158667103	0.160606130	0.160633724	0.172142216	0.172123639	0.178072154	0.178537333
t#bar{t} jer up,	0.166529561	0.166570137	0.163657204	0.163468065	0.158846694	0.158667103	0.160524171	0.160633724	0.172323138	0.172123639	0.178119233	0.178537333
t#bar{t} btag_heavy up,	0.166896911	0.166570137	0.163750537	0.163468065	0.158536244	0.158667103	0.160741105	0.160633724	0.172157518	0.172123639	0.177917686	0.178537333
t#bar{t} btag_light up,	0.166548982	0.166570137	0.163769415	0.163468065	0.158674506	0.158667103	0.161157914	0.160633724	0.171794936	0.172123639	0.178054247	0.178537333
t#bar{t} csv_heavy up,	0.167142341	0.166570137	0.163160530	0.163468065	0.158653671	0.158667103	0.161571026	0.160633724	0.171540349	0.172123639	0.177932083	0.178537333
t#bar{t} csv_light up,	0.166564410	0.166570137	0.163656293	0.163468065	0.158613729	0.158667103	0.160711469	0.160633724	0.172019002	0.172123639	0.178435097	0.178537333
t#bar{t} tracking up,	0.166719831	0.166570137	0.163619890	0.163468065	0.158670366	0.158667103	0.160842533	0.160633724	0.172075543	0.172123639	0.178071837	0.178537333
t#bar{t} jec_CorrelationGroupMPFInSitu down,	0.166749011	0.166570137	0.163345237	0.163468065	0.158687173	0.158667103	0.160773383	0.160633724	0.172266348	0.172123639	0.178178847	0.178537333
t#bar{t} jec_RelativeFSR down,	0.166615296	0.166570137	0.163762598	0.163468065	0.158756901	0.158667103	0.160742948	0.160633724	0.172015263	0.172123639	0.178106993	0.178537333
t#bar{t} jec_CorrelationGroupUncorrelated down,	0.166456208	0.166570137	0.163622005	0.163468065	0.158831339	0.158667103	0.160822037	0.160633724	0.172053539	0.172123639	0.178214872	0.178537333
t#bar{t} jec_FlavorPureGluon down,	0.166515464	0.166570137	0.163919186	0.163468065	0.158751419	0.158667103	0.160765756	0.160633724	0.171840819	0.172123639	0.178207354	0.178537333
t#bar{t} jec_FlavorPureQuark down,	0.166656730	0.166570137	0.163753190	0.163468065	0.158719003	0.158667103	0.160672993	0.160633724	0.171930269	0.172123639	0.178267814	0.178537333
t#bar{t} jec_FlavorPureCharm down,	0.166541213	0.166570137	0.163868207	0.163468065	0.158681472	0.158667103	0.161003692	0.160633724	0.172196051	0.172123639	0.177709366	0.178537333
t#bar{t} jec_FlavorPureBottom down,	0.166609403	0.166570137	0.163582164	0.163468065	0.158557076	0.158667103	0.160905070	0.160633724	0.172109082	0.172123639	0.178237205	0.178537333
t#bar{t} jer down,	0.166795382	0.166570137	0.163601944	0.163468065	0.158487750	0.158667103	0.160839823	0.160633724	0.172066042	0.172123639	0.178209059	0.178537333
t#bar{t} btag_heavy down,	0.166368509	0.166570137	0.163761088	0.163468065	0.158726802	0.158667103	0.160496692	0.160633724	0.172348445	0.172123639	0.178298465	0.178537333
t#bar{t} btag_light down,	0.166236771	0.166570137	0.163453153	0.163468065	0.158946042	0.158667103	0.161036607	0.160633724	0.172072061	0.172123639	0.178255365	0.178537333
t#bar{t} csv_heavy down,	0.166709678	0.166570137	0.163532245	0.163468065	0.158869557	0.158667103	0.161378593	0.160633724	0.171729028	0.172123639	0.177780900	0.178537333
t#bar{t} csv_light down,	0.166784634	0.166570137	0.163798161	0.163468065	0.158826752	0.158667103	0.160883525	0.160633724	0.171993380	0.172123639	0.177713547	0.178537333
t#bar{t} tracking down,	0.166821298	0.166570137	0.163390989	0.163468065	0.158861418	0.158667103	0.160826009	0.160633724	0.171714374	0.172123639	0.178385911	0.178537333
t#bar{t} evtgen,	0.165515082	0.166570137	0.163437459	0.163468065	0.158658660	0.158667103	0.159668117	0.160633724	0.174018300	0.172123639	0.178702383	0.178537333
t#bar{t} m=171.5,	0.167298274	0.166570137	0.165555480	0.163468065	0.158378438	0.158667103	0.157068030	0.160633724	0.172810645	0.172123639	0.178889133	0.178537333
t#bar{t} m=173.5,	0.168805812	0.166570137	0.164831259	0.163468065	0.160360774	0.158667103	0.159879333	0.160633724	0.169666651	0.172123639	0.176456171	0.178537333
t#bar{t} Herwig++,	0.165714057	0.166570137	0.165108455	0.163468065	0.160459331	0.158667103	0.160512237	0.160633724	0.170696466	0.172123639	0.177509454	0.178537333
t#bar{t} isr up,	0.166991812	0.166570137	0.163929834	0.163468065	0.161219810	0.158667103	0.159388404	0.160633724	0.173001254	0.172123639	0.175468886	0.178537333
t#bar{t} isr dn,	0.168377265	0.166570137	0.162481597	0.163468065	0.159828433	0.158667103	0.159597209	0.160633724	0.171083503	0.172123639	0.178631992	0.178537333
t#bar{t} fsr up,	0.165307325	0.166570137	0.161643358	0.163468065	0.159448852	0.158667103	0.161940650	0.160633724	0.172245892	0.172123639	0.179413922	0.178537333
t#bar{t} fsr dn,	0.165259978	0.166570137	0.162416073	0.163468065	0.159155319	0.158667103	0.161472195	0.160633724	0.173601342	0.172123639	0.178095093	0.178537333
t#bar{t} hdamp up,	0.167352761	0.166570137	0.163980720	0.163468065	0.158475746	0.158667103	0.160735665	0.160633724	0.171703642	0.172123639	0.177751466	0.178537333
t#bar{t} hdamp dn,	0.168316164	0.166570137	0.165085566	0.163468065	0.158182133	0.158667103	0.159623333	0.160633724	0.169801146	0.172123639	0.178991658	0.178537333
t#bar{t} UEup,	0.165427356	0.166570137	0.162567652	0.163468065	0.158214703	0.158667103	0.162123043	0.160633724	0.172461097	0.172123639	0.179206149	0.178537333
t#bar{t} UEdn,	0.166028952	0.166570137	0.163902536	0.163468065	0.159431736	0.158667103	0.160084086	0.160633724	0.172207359	0.172123639	0.178345331	0.178537333
t#bar{t} ERDon,	0.167296272	0.166570137	0.163545220	0.163468065	0.157833218	0.158667103	0.162016543	0.160633724	0.172596786	0.172123639	0.176711961	0.178537333
t#bar{t} QCDbased,	0.166790877	0.166570137	0.164318043	0.163468065	0.160970913	0.158667103	0.161279468	0.160633724	0.170935036	0.172123639	0.175705663	0.178537333
t#bar{t} gluon move,	0.166774608	0.166570137	0.161991308	0.163468065	0.160035430	0.158667103	0.161338146	0.160633724	0.171850556	0.172123639	0.178009951	0.178537333
