t#bar{t} pileup up,	0.167065119	0.167083586	0.163313722	0.163447733	0.158579406	0.158695237	0.160698975	0.160636337	0.172224051	0.172103049	0.178118727	0.178034058
t#bar{t} pileup down,	0.167151913	0.167083586	0.163548448	0.163447733	0.158800697	0.158695237	0.160578515	0.160636337	0.171954364	0.172103049	0.177966062	0.178034058
t#bar{t} trig efficiency correction up,	0.166960147	0.167083586	0.163507513	0.163447733	0.158610084	0.158695237	0.160574524	0.160636337	0.172149501	0.172103049	0.178198231	0.178034058
t#bar{t} trig efficiency correction down,	0.166977460	0.167083586	0.163505560	0.163447733	0.158602989	0.158695237	0.160555981	0.160636337	0.172139524	0.172103049	0.178218486	0.178034058
t#bar{t} sel efficiency correction up,	0.166965281	0.167083586	0.163508807	0.163447733	0.158607925	0.158695237	0.160566013	0.160636337	0.172149778	0.172103049	0.178202196	0.178034058
t#bar{t} sel efficiency correction down,	0.166971139	0.167083586	0.163504961	0.163447733	0.158605642	0.158695237	0.160564987	0.160636337	0.172139949	0.172103049	0.178213322	0.178034058
t#bar{t} b fragmentation up,	0.166825603	0.167083586	0.163537345	0.163447733	0.158825991	0.158695237	0.160495416	0.160636337	0.172335690	0.172103049	0.177979954	0.178034058
t#bar{t} b fragmentation down,	0.167028458	0.167083586	0.163482390	0.163447733	0.158526026	0.158695237	0.160598459	0.160636337	0.172052805	0.172103049	0.178311862	0.178034058
t#bar{t} Peterson Frag,	0.166941719	0.167083586	0.163478562	0.163447733	0.158750895	0.158695237	0.160512707	0.160636337	0.172169322	0.172103049	0.178146795	0.178034058
t#bar{t} semilep BR up,	0.166980290	0.167083586	0.163531324	0.163447733	0.158615757	0.158695237	0.160573727	0.160636337	0.172142965	0.172103049	0.178155938	0.178034058
t#bar{t} semilep BR down,	0.166978181	0.167083586	0.163496649	0.163447733	0.158603924	0.158695237	0.160557285	0.160636337	0.172145667	0.172103049	0.178218294	0.178034058
t#bar{t} QCD scale 1,	0.166874258	0.167083586	0.163405252	0.163447733	0.158736375	0.158695237	0.160699002	0.160636337	0.172141420	0.172103049	0.178143694	0.178034058
t#bar{t} QCD scale 2,	0.166941871	0.167083586	0.163455632	0.163447733	0.158519047	0.158695237	0.160611818	0.160636337	0.172192753	0.172103049	0.178278880	0.178034058
t#bar{t} QCD scale 3,	0.167028973	0.167083586	0.163553380	0.163447733	0.158400642	0.158695237	0.160516641	0.160636337	0.172191631	0.172103049	0.178308734	0.178034058
t#bar{t} QCD scale 4,	0.166842914	0.167083586	0.163350617	0.163447733	0.158638403	0.158695237	0.160733713	0.160636337	0.172198462	0.172103049	0.178235892	0.178034058
t#bar{t} QCD scale 5,	0.167066536	0.167083586	0.163676580	0.163447733	0.158538591	0.158695237	0.160433566	0.160636337	0.172100390	0.172103049	0.178184336	0.178034058
t#bar{t} QCD scale 6,	0.166907992	0.167083586	0.163467366	0.163447733	0.158608035	0.158695237	0.160608377	0.160636337	0.172180652	0.172103049	0.178227578	0.178034058
t#bar{t} jec_CorrelationGroupMPFInSitu up,	0.166653855	0.167083586	0.163467811	0.163447733	0.158752273	0.158695237	0.160743806	0.160636337	0.172248648	0.172103049	0.178133607	0.178034058
t#bar{t} jec_RelativeFSR up,	0.166052509	0.167083586	0.163648687	0.163447733	0.158944293	0.158695237	0.161134410	0.160636337	0.171789102	0.172103049	0.178430999	0.178034058
t#bar{t} jec_CorrelationGroupUncorrelated up,	0.166455994	0.167083586	0.163527680	0.163447733	0.159173343	0.158695237	0.160823031	0.160636337	0.171721459	0.172103049	0.178298492	0.178034058
t#bar{t} jec_FlavorPureGluon up,	0.166570147	0.167083586	0.163719486	0.163447733	0.159121544	0.158695237	0.160565496	0.160636337	0.171948323	0.172103049	0.178075004	0.178034058
t#bar{t} jec_FlavorPureQuark up,	0.166446438	0.167083586	0.163635660	0.163447733	0.158589677	0.158695237	0.160758247	0.160636337	0.172038554	0.172103049	0.178531425	0.178034058
t#bar{t} jec_FlavorPureCharm up,	0.166330659	0.167083586	0.163945820	0.163447733	0.158377555	0.158695237	0.161087771	0.160636337	0.172166278	0.172103049	0.178091918	0.178034058
t#bar{t} jec_FlavorPureBottom up,	0.166736492	0.167083586	0.163470335	0.163447733	0.158903547	0.158695237	0.160794351	0.160636337	0.171987069	0.172103049	0.178108206	0.178034058
t#bar{t} jer up,	0.166912286	0.167083586	0.163331188	0.163447733	0.158844353	0.158695237	0.160943848	0.160636337	0.171753530	0.172103049	0.178214795	0.178034058
t#bar{t} btag_heavy up,	0.166506133	0.167083586	0.163517269	0.163447733	0.159037253	0.158695237	0.160935787	0.160636337	0.171932553	0.172103049	0.178071005	0.178034058
t#bar{t} btag_light up,	0.166552608	0.167083586	0.163491528	0.163447733	0.158985846	0.158695237	0.160849713	0.160636337	0.171930616	0.172103049	0.178189689	0.178034058
t#bar{t} csv_heavy up,	0.166632216	0.167083586	0.163497029	0.163447733	0.158876452	0.158695237	0.161304943	0.160636337	0.171386626	0.172103049	0.178302733	0.178034058
t#bar{t} csv_light up,	0.166411888	0.167083586	0.163854647	0.163447733	0.158481902	0.158695237	0.161001662	0.160636337	0.171935586	0.172103049	0.178314315	0.178034058
t#bar{t} tracking up,	0.166582028	0.167083586	0.163854027	0.163447733	0.158794469	0.158695237	0.160915507	0.160636337	0.172055901	0.172103049	0.177798068	0.178034058
t#bar{t} jec_CorrelationGroupMPFInSitu down,	0.166437262	0.167083586	0.163616689	0.163447733	0.158775210	0.158695237	0.160764977	0.160636337	0.172417858	0.172103049	0.177988005	0.178034058
t#bar{t} jec_RelativeFSR down,	0.166392092	0.167083586	0.163835844	0.163447733	0.158841292	0.158695237	0.160941703	0.160636337	0.171865569	0.172103049	0.178123499	0.178034058
t#bar{t} jec_CorrelationGroupUncorrelated down,	0.166339666	0.167083586	0.163714180	0.163447733	0.158871621	0.158695237	0.160462766	0.160636337	0.172345237	0.172103049	0.178266529	0.178034058
t#bar{t} jec_FlavorPureGluon down,	0.166460632	0.167083586	0.163546620	0.163447733	0.158610634	0.158695237	0.160931455	0.160636337	0.172229304	0.172103049	0.178221355	0.178034058
t#bar{t} jec_FlavorPureQuark down,	0.166568350	0.167083586	0.163651591	0.163447733	0.158624847	0.158695237	0.160607376	0.160636337	0.172282172	0.172103049	0.178265664	0.178034058
t#bar{t} jec_FlavorPureCharm down,	0.166668009	0.167083586	0.163760030	0.163447733	0.158491393	0.158695237	0.160603122	0.160636337	0.172007562	0.172103049	0.178469884	0.178034058
t#bar{t} jec_FlavorPureBottom down,	0.166765206	0.167083586	0.163998240	0.163447733	0.158906920	0.158695237	0.160861168	0.160636337	0.171553933	0.172103049	0.177914533	0.178034058
t#bar{t} jer down,	0.166383641	0.167083586	0.163847481	0.163447733	0.158529103	0.158695237	0.160892525	0.160636337	0.172019123	0.172103049	0.178328126	0.178034058
t#bar{t} btag_heavy down,	0.166853416	0.167083586	0.163811106	0.163447733	0.158864440	0.158695237	0.160564831	0.160636337	0.171986183	0.172103049	0.177920023	0.178034058
t#bar{t} btag_light down,	0.166728276	0.167083586	0.163325034	0.163447733	0.158777591	0.158695237	0.160740670	0.160636337	0.172094999	0.172103049	0.178333430	0.178034058
t#bar{t} csv_heavy down,	0.167191819	0.167083586	0.163854460	0.163447733	0.158874591	0.158695237	0.160363177	0.160636337	0.171732454	0.172103049	0.177983500	0.178034058
t#bar{t} csv_light down,	0.166564890	0.167083586	0.164110517	0.163447733	0.158472482	0.158695237	0.160799466	0.160636337	0.171843295	0.172103049	0.178209351	0.178034058
t#bar{t} tracking down,	0.166685307	0.167083586	0.163558932	0.163447733	0.158959933	0.158695237	0.160650053	0.160636337	0.171837480	0.172103049	0.178308296	0.178034058
t#bar{t} evtgen,	0.164912233	0.167083586	0.163146590	0.163447733	0.160668847	0.158695237	0.158992530	0.160636337	0.174048603	0.172103049	0.178231196	0.178034058
t#bar{t} m=171.5,	0.166439549	0.167083586	0.164435415	0.163447733	0.159104928	0.158695237	0.157695017	0.160636337	0.173290106	0.172103049	0.179034986	0.178034058
t#bar{t} m=173.5,	0.168459445	0.167083586	0.164020339	0.163447733	0.159639098	0.158695237	0.160212341	0.160636337	0.171123884	0.172103049	0.176544893	0.178034058
t#bar{t} Herwig++,	0.165315411	0.167083586	0.164642066	0.163447733	0.160294133	0.158695237	0.161150320	0.160636337	0.170418778	0.172103049	0.178179291	0.178034058
t#bar{t} isr up,	0.167398449	0.167083586	0.163550245	0.163447733	0.160901748	0.158695237	0.159153326	0.160636337	0.172833202	0.172103049	0.176163030	0.178034058
t#bar{t} isr dn,	0.168290089	0.167083586	0.161991261	0.163447733	0.159567131	0.158695237	0.159652706	0.160636337	0.171424430	0.172103049	0.179074382	0.178034058
t#bar{t} fsr up,	0.165656672	0.167083586	0.161633557	0.163447733	0.159315594	0.158695237	0.162534117	0.160636337	0.172228825	0.172103049	0.178631234	0.178034058
t#bar{t} fsr dn,	0.165725637	0.167083586	0.162411247	0.163447733	0.158890902	0.158695237	0.161258322	0.160636337	0.173241730	0.172103049	0.178472162	0.178034058
t#bar{t} hdamp up,	0.166740404	0.167083586	0.164383675	0.163447733	0.158135623	0.158695237	0.161277188	0.160636337	0.171527448	0.172103049	0.177935661	0.178034058
t#bar{t} hdamp dn,	0.167412214	0.167083586	0.164977144	0.163447733	0.159413613	0.158695237	0.159462195	0.160636337	0.169704504	0.172103049	0.179030330	0.178034058
t#bar{t} UEup,	0.166109617	0.167083586	0.162471990	0.163447733	0.158114863	0.158695237	0.161698777	0.160636337	0.172432932	0.172103049	0.179171821	0.178034058
t#bar{t} UEdn,	0.166085023	0.167083586	0.163320266	0.163447733	0.159964433	0.158695237	0.160628893	0.160636337	0.172643697	0.172103049	0.177357686	0.178034058
t#bar{t} ERDon,	0.167143193	0.167083586	0.162845523	0.163447733	0.158448325	0.158695237	0.161635966	0.160636337	0.172560827	0.172103049	0.177366166	0.178034058
t#bar{t} QCDbased,	0.165894554	0.167083586	0.164751672	0.163447733	0.160517204	0.158695237	0.162920316	0.160636337	0.170438333	0.172103049	0.175477922	0.178034058
t#bar{t} gluon move,	0.166495655	0.167083586	0.162670539	0.163447733	0.159916716	0.158695237	0.161008545	0.160636337	0.171663353	0.172103049	0.178245191	0.178034058
