t#bar{t},	0.098108120	0.098763364	0.098239555	0.098266894	0.098135274	0.098315493	0.098626417	0.099101729	0.099026477	0.099097202	0.099542838	0.099756395	0.100782782	0.101569775	0.101638335	0.100984593	0.102704121	0.101889268	0.103196081	0.102255286
t#bar{t} jec_CorrelationGroupMPFInSitu up,	0.098822190	0.098763364	0.098167185	0.098266894	0.098479050	0.098315493	0.099230965	0.099101729	0.099369328	0.099097202	0.099681278	0.099756395	0.101375631	0.101569775	0.100914089	0.100984593	0.101651460	0.101889268	0.102308825	0.102255286
t#bar{t} jec_RelativeFSR up,	0.098572087	0.098763364	0.098274739	0.098266894	0.098227333	0.098315493	0.099033525	0.099101729	0.099342683	0.099097202	0.099798953	0.099756395	0.101507991	0.101569775	0.101073189	0.100984593	0.101893684	0.101889268	0.102275817	0.102255286
t#bar{t} jec_CorrelationGroupUncorrelated up,	0.098775651	0.098763364	0.098156556	0.098266894	0.098317603	0.098315493	0.099106669	0.099101729	0.099130240	0.099097202	0.099727319	0.099756395	0.101472721	0.101569775	0.100913028	0.100984593	0.101870847	0.101889268	0.102529366	0.102255286
t#bar{t} jec_FlavorPureGluon up,	0.098605431	0.098763364	0.098346745	0.098266894	0.098252789	0.098315493	0.099182471	0.099101729	0.099217475	0.099097202	0.099822524	0.099756395	0.101307232	0.101569775	0.101261785	0.100984593	0.101775139	0.101889268	0.102228409	0.102255286
t#bar{t} jec_FlavorPureQuark up,	0.098538115	0.098763364	0.098417685	0.098266894	0.098296295	0.098315493	0.099075927	0.099101729	0.099200445	0.099097202	0.099717032	0.099756395	0.101502081	0.101569775	0.101009715	0.100984593	0.101926950	0.101889268	0.102315755	0.102255286
t#bar{t} jec_FlavorPureCharm up,	0.098636758	0.098763364	0.098258713	0.098266894	0.098244642	0.098315493	0.098997345	0.099101729	0.099137065	0.099097202	0.099872852	0.099756395	0.101463012	0.101569775	0.101437174	0.100984593	0.101799309	0.101889268	0.102153130	0.102255286
t#bar{t} jec_FlavorPureBottom up,	0.098969070	0.098763364	0.098096735	0.098266894	0.098107261	0.098315493	0.099163896	0.099101729	0.099530393	0.099097202	0.099727981	0.099756395	0.101390915	0.101569775	0.101171104	0.100984593	0.101621433	0.101889268	0.102221212	0.102255286
t#bar{t} jer up,	0.098656272	0.098763364	0.098131511	0.098266894	0.098408674	0.098315493	0.099038127	0.099101729	0.099068681	0.099097202	0.099805189	0.099756395	0.101331179	0.101569775	0.101277786	0.100984593	0.101867188	0.101889268	0.102415392	0.102255286
t#bar{t} btag_heavy up,	0.098631520	0.098763364	0.098347790	0.098266894	0.098265153	0.098315493	0.099126837	0.099101729	0.099306669	0.099097202	0.099837278	0.099756395	0.101209640	0.101569775	0.101303938	0.100984593	0.101780197	0.101889268	0.102190979	0.102255286
t#bar{t} btag_light up,	0.098501405	0.098763364	0.098352430	0.098266894	0.098226347	0.098315493	0.099218640	0.099101729	0.099315188	0.099097202	0.099541711	0.099756395	0.101286146	0.101569775	0.101161394	0.100984593	0.101948466	0.101889268	0.102448274	0.102255286
t#bar{t} csv_heavy up,	0.098718810	0.098763364	0.098252499	0.098266894	0.098389185	0.098315493	0.099044227	0.099101729	0.099286158	0.099097202	0.099761488	0.099756395	0.101319163	0.101569775	0.101215684	0.100984593	0.101804060	0.101889268	0.102208727	0.102255286
t#bar{t} csv_light up,	0.098640374	0.098763364	0.098268147	0.098266894	0.098343369	0.098315493	0.099075704	0.099101729	0.099378090	0.099097202	0.099647502	0.099756395	0.101285710	0.101569775	0.101263108	0.100984593	0.101677489	0.101889268	0.102420504	0.102255286
t#bar{t} tracking up,	0.098649408	0.098763364	0.098278728	0.098266894	0.098426573	0.098315493	0.099278094	0.099101729	0.099178369	0.099097202	0.099697865	0.099756395	0.101370991	0.101569775	0.101134294	0.100984593	0.101663688	0.101889268	0.102321991	0.102255286
t#bar{t} jec_CorrelationGroupMPFInSitu down,	0.098599291	0.098763364	0.098216616	0.098266894	0.098142673	0.098315493	0.099140452	0.099101729	0.099286488	0.099097202	0.099874411	0.099756395	0.101378266	0.101569775	0.101111116	0.100984593	0.101736275	0.101889268	0.102514410	0.102255286
t#bar{t} jec_RelativeFSR down,	0.098721634	0.098763364	0.098407026	0.098266894	0.098519142	0.098315493	0.098850100	0.099101729	0.099491251	0.099097202	0.099624960	0.099756395	0.101426340	0.101569775	0.100938748	0.100984593	0.101663059	0.101889268	0.102357740	0.102255286
t#bar{t} jec_CorrelationGroupUncorrelated down,	0.098845987	0.098763364	0.098161897	0.098266894	0.098179873	0.098315493	0.099191165	0.099101729	0.099282233	0.099097202	0.099585984	0.099756395	0.101361519	0.101569775	0.101167478	0.100984593	0.101823977	0.101889268	0.102399886	0.102255286
t#bar{t} jec_FlavorPureGluon down,	0.098309477	0.098763364	0.098391845	0.098266894	0.098374713	0.098315493	0.099358896	0.099101729	0.099254361	0.099097202	0.099658454	0.099756395	0.101488697	0.101569775	0.101161354	0.100984593	0.101764981	0.101889268	0.102237223	0.102255286
t#bar{t} jec_FlavorPureQuark down,	0.098494106	0.098763364	0.098409688	0.098266894	0.098401550	0.098315493	0.099006170	0.099101729	0.099156186	0.099097202	0.099584888	0.099756395	0.101515997	0.101569775	0.101166690	0.100984593	0.101717376	0.101889268	0.102547348	0.102255286
t#bar{t} jec_FlavorPureCharm down,	0.098826417	0.098763364	0.098267241	0.098266894	0.098415672	0.098315493	0.099243806	0.099101729	0.099371404	0.099097202	0.099725977	0.099756395	0.101324850	0.101569775	0.101022384	0.100984593	0.101650262	0.101889268	0.102151988	0.102255286
t#bar{t} jec_FlavorPureBottom down,	0.098568089	0.098763364	0.098475516	0.098266894	0.098404527	0.098315493	0.099310756	0.099101729	0.099344440	0.099097202	0.099732956	0.099756395	0.101241299	0.101569775	0.101064376	0.100984593	0.101595213	0.101889268	0.102262829	0.102255286
t#bar{t} jer down,	0.098846840	0.098763364	0.098422151	0.098266894	0.098273445	0.098315493	0.099181190	0.099101729	0.099068323	0.099097202	0.099630169	0.099756395	0.101216116	0.101569775	0.101167211	0.100984593	0.101769815	0.101889268	0.102424740	0.102255286
t#bar{t} btag_heavy down,	0.098641399	0.098763364	0.098468485	0.098266894	0.098288170	0.098315493	0.098827397	0.099101729	0.099302099	0.099097202	0.099760152	0.099756395	0.101406062	0.101569775	0.101246541	0.100984593	0.101774660	0.101889268	0.102285035	0.102255286
t#bar{t} btag_light down,	0.098676124	0.098763364	0.098212439	0.098266894	0.098249305	0.098315493	0.099319407	0.099101729	0.099260545	0.099097202	0.099751331	0.099756395	0.101183911	0.101569775	0.101142095	0.100984593	0.101784040	0.101889268	0.102420804	0.102255286
t#bar{t} csv_heavy down,	0.098745391	0.098763364	0.098247936	0.098266894	0.098264792	0.098315493	0.098965111	0.099101729	0.099132115	0.099097202	0.099998578	0.099756395	0.101341620	0.101569775	0.101242676	0.100984593	0.101705717	0.101889268	0.102356063	0.102255286
t#bar{t} csv_light down,	0.098794434	0.098763364	0.098299338	0.098266894	0.098150482	0.098315493	0.099008979	0.099101729	0.099317204	0.099097202	0.099815563	0.099756395	0.100986045	0.101569775	0.101182098	0.100984593	0.101827834	0.101889268	0.102618024	0.102255286
t#bar{t} tracking down,	0.098511145	0.098763364	0.098178712	0.098266894	0.098528609	0.098315493	0.098944138	0.099101729	0.099091358	0.099097202	0.100086497	0.099756395	0.101348894	0.101569775	0.101093811	0.100984593	0.101682420	0.101889268	0.102534416	0.102255286
t#bar{t} evtgen,	0.098611652	0.098763364	0.098404578	0.098266894	0.098822494	0.098315493	0.098861256	0.099101729	0.098642384	0.099097202	0.099709278	0.099756395	0.101460554	0.101569775	0.100798885	0.100984593	0.101927747	0.101889268	0.102761172	0.102255286
t#bar{t} m=171.5,	0.098936676	0.098763364	0.097898075	0.098266894	0.098075085	0.098315493	0.099075891	0.099101729	0.098531694	0.099097202	0.100132061	0.099756395	0.101926500	0.101569775	0.101028014	0.100984593	0.101993823	0.101889268	0.102402181	0.102255286
t#bar{t} m=173.5,	0.098902488	0.098763364	0.098497934	0.098266894	0.098254354	0.098315493	0.098993979	0.099101729	0.098387061	0.099097202	0.099548445	0.099756395	0.101396604	0.101569775	0.101311912	0.100984593	0.102361463	0.101889268	0.102345759	0.102255286
t#bar{t} Herwig++,	0.099155261	0.098763364	0.097886994	0.098266894	0.098694014	0.098315493	0.099229445	0.099101729	0.100020103	0.099097202	0.101099617	0.099756395	0.101533433	0.101569775	0.100830970	0.100984593	0.100530353	0.101889268	0.101019809	0.102255286
t#bar{t} isr up,	0.098522193	0.098763364	0.097912293	0.098266894	0.098374951	0.098315493	0.099042866	0.099101729	0.099345168	0.099097202	0.099776484	0.099756395	0.101585117	0.101569775	0.101276732	0.100984593	0.101571799	0.101889268	0.102592396	0.102255286
t#bar{t} isr dn,	0.098684517	0.098763364	0.098030227	0.098266894	0.098824527	0.098315493	0.098573940	0.099101729	0.099352584	0.099097202	0.099568151	0.099756395	0.101914603	0.101569775	0.101222660	0.100984593	0.101386860	0.101889268	0.102441929	0.102255286
t#bar{t} fsr up,	0.098771712	0.098763364	0.098193976	0.098266894	0.098008551	0.098315493	0.098781523	0.099101729	0.098985263	0.099097202	0.099734207	0.099756395	0.101800575	0.101569775	0.101263581	0.100984593	0.102090711	0.101889268	0.102369901	0.102255286
t#bar{t} fsr dn,	0.098420944	0.098763364	0.098730492	0.098266894	0.098949302	0.098315493	0.099085496	0.099101729	0.098833202	0.099097202	0.099811607	0.099756395	0.101551655	0.101569775	0.101148190	0.100984593	0.101796444	0.101889268	0.101672667	0.102255286
t#bar{t} hdamp up,	0.099380351	0.098763364	0.098318036	0.098266894	0.098083646	0.098315493	0.098873727	0.099101729	0.098698004	0.099097202	0.100563857	0.099756395	0.101324509	0.101569775	0.101210393	0.100984593	0.101382902	0.101889268	0.102164575	0.102255286
t#bar{t} hdamp dn,	0.098566545	0.098763364	0.098077417	0.098266894	0.098174388	0.098315493	0.098974546	0.099101729	0.098470083	0.099097202	0.100490227	0.099756395	0.101575675	0.101569775	0.101174713	0.100984593	0.102053468	0.101889268	0.102442938	0.102255286
t#bar{t} UEup,	0.098994466	0.098763364	0.098303772	0.098266894	0.098273070	0.098315493	0.098392404	0.099101729	0.099110406	0.099097202	0.100034143	0.099756395	0.101772695	0.101569775	0.100792561	0.100984593	0.101942283	0.101889268	0.102384198	0.102255286
t#bar{t} UEdn,	0.098720558	0.098763364	0.098326779	0.098266894	0.098223962	0.098315493	0.098641653	0.099101729	0.098113305	0.099097202	0.099843273	0.099756395	0.101979531	0.101569775	0.101349436	0.100984593	0.102173812	0.101889268	0.102627691	0.102255286
t#bar{t} pileup up,	0.098665709	0.098763364	0.098590597	0.098266894	0.098436449	0.098315493	0.099053523	0.099101729	0.099167855	0.099097202	0.099644267	0.099756395	0.101528686	0.101569775	0.100937718	0.100984593	0.101797720	0.101889268	0.102177477	0.102255286
t#bar{t} pileup down,	0.098807152	0.098763364	0.098027326	0.098266894	0.098223615	0.098315493	0.099138892	0.099101729	0.099040322	0.099097202	0.099857672	0.099756395	0.101553043	0.101569775	0.100988117	0.100984593	0.101983525	0.101889268	0.102380336	0.102255286
t#bar{t} trig efficiency correction up,	0.098588771	0.098763364	0.098155014	0.098266894	0.098292171	0.098315493	0.098993738	0.099101729	0.099400853	0.099097202	0.099731471	0.099756395	0.101390906	0.101569775	0.101149015	0.100984593	0.101900723	0.101889268	0.102397337	0.102255286
t#bar{t} trig efficiency correction down,	0.098592444	0.098763364	0.098155665	0.098266894	0.098291453	0.098315493	0.098987518	0.099101729	0.099389707	0.099097202	0.099732075	0.099756395	0.101399632	0.101569775	0.101147361	0.100984593	0.101906290	0.101889268	0.102397856	0.102255286
t#bar{t} sel efficiency correction up,	0.098588663	0.098763364	0.098155216	0.098266894	0.098290959	0.098315493	0.098993945	0.099101729	0.099395140	0.099097202	0.099730711	0.099756395	0.101392411	0.101569775	0.101149031	0.100984593	0.101907187	0.101889268	0.102396738	0.102255286
t#bar{t} sel efficiency correction down,	0.098592649	0.098763364	0.098155513	0.098266894	0.098292616	0.098315493	0.098987244	0.099101729	0.099395504	0.099097202	0.099732831	0.099756395	0.101398114	0.101569775	0.101147352	0.100984593	0.101899772	0.101889268	0.102398406	0.102255286
t#bar{t} b fragmentation up,	0.098316061	0.098763364	0.098303701	0.098266894	0.098012932	0.098315493	0.098947666	0.099101729	0.099500136	0.099097202	0.099720737	0.099756395	0.101433179	0.101569775	0.101191744	0.100984593	0.101889335	0.101889268	0.102684509	0.102255286
t#bar{t} b fragmentation down,	0.098770604	0.098763364	0.098090278	0.098266894	0.098408004	0.098315493	0.099029626	0.099101729	0.099336642	0.099097202	0.099742122	0.099756395	0.101362190	0.101569775	0.101119952	0.100984593	0.101876458	0.101889268	0.102264125	0.102255286
t#bar{t} Peterson Frag,	0.098646216	0.098763364	0.098201140	0.098266894	0.098257738	0.098315493	0.099093145	0.099101729	0.099324979	0.099097202	0.099784344	0.099756395	0.101322042	0.101569775	0.101055523	0.100984593	0.101835825	0.101889268	0.102479048	0.102255286
t#bar{t} semilep BR up,	0.098590181	0.098763364	0.098165050	0.098266894	0.098282376	0.098315493	0.098976262	0.099101729	0.099399379	0.099097202	0.099737409	0.099756395	0.101396065	0.101569775	0.101154083	0.100984593	0.101902874	0.101889268	0.102396321	0.102255286
t#bar{t} semilep BR down,	0.098580093	0.098763364	0.098152951	0.098266894	0.098291312	0.098315493	0.098995750	0.099101729	0.099393466	0.099097202	0.099735521	0.099756395	0.101394076	0.101569775	0.101146809	0.100984593	0.101911285	0.101889268	0.102398737	0.102255286
t#bar{t} ERDon,	0.099038963	0.098763364	0.098907273	0.098266894	0.098727829	0.098315493	0.098883192	0.099101729	0.098620927	0.099097202	0.099971047	0.099756395	0.101384279	0.101569775	0.101253976	0.100984593	0.101256715	0.101889268	0.101955799	0.102255286
t#bar{t} QCDbased,	0.099983195	0.098763364	0.098955882	0.098266894	0.099040120	0.098315493	0.099003471	0.099101729	0.099521556	0.099097202	0.100031033	0.099756395	0.101270509	0.101569775	0.099963484	0.100984593	0.100875857	0.101889268	0.101354894	0.102255286
t#bar{t} gluon move,	0.098806885	0.098763364	0.098424934	0.098266894	0.098478513	0.098315493	0.099308494	0.099101729	0.099405037	0.099097202	0.100042345	0.099756395	0.101143642	0.101569775	0.101029032	0.100984593	0.101577587	0.101889268	0.101783531	0.102255286
