t#bar{t},	0.089777434	0.084547036	0.101722246	0.107626248	0.132488995	0.156902872	0.017864638	0.025334252	0.152887130	0.155111276	0.113178322	0.039113533	0.009636014	0.122652884	0.193771804	0.077586924	0.068273585	0.118722300	0.120399834	0.112402675
t#bar{t} jec_CorrelationGroupMPFInSitu up,	0.062498834	0.084547036	0.164410539	0.107626248	0.094179627	0.156902872	0.038206690	0.025334252	0.204949356	0.155111276	-0.053883499	0.039113533	0.189391754	0.122652884	0.096246382	0.077586924	0.066147786	0.118722300	0.137852531	0.112402675
t#bar{t} jec_RelativeFSR up,	0.067067510	0.084547036	0.155149840	0.107626248	0.109103509	0.156902872	0.028255767	0.025334252	0.181800473	0.155111276	0.016242736	0.039113533	0.126247663	0.122652884	0.088514180	0.077586924	0.111972268	0.118722300	0.115646054	0.112402675
t#bar{t} jec_CorrelationGroupUncorrelated up,	0.059468919	0.084547036	0.152254309	0.107626248	0.113495552	0.156902872	0.050008092	0.025334252	0.164363282	0.155111276	-0.015411770	0.039113533	0.184894261	0.122652884	0.083289042	0.077586924	0.089137871	0.118722300	0.118500442	0.112402675
t#bar{t} jec_FlavorPureGluon up,	0.063858848	0.084547036	0.121278145	0.107626248	0.180492899	0.156902872	-0.016909201	0.025334252	0.168645765	0.155111276	0.049707642	0.039113533	0.101456274	0.122652884	0.115703110	0.077586924	0.100245359	0.118722300	0.115521159	0.112402675
t#bar{t} jec_FlavorPureQuark up,	0.059592993	0.084547036	0.143264930	0.107626248	0.132917510	0.156902872	0.024377096	0.025334252	0.175876782	0.155111276	0.011239058	0.039113533	0.147163168	0.122652884	0.091251590	0.077586924	0.092024562	0.118722300	0.122292312	0.112402675
t#bar{t} jec_FlavorPureCharm up,	0.082317566	0.084547036	0.120081819	0.107626248	0.128478918	0.156902872	0.035435625	0.025334252	0.159003404	0.155111276	0.048007782	0.039113533	0.103656774	0.122652884	0.099742586	0.077586924	0.109556017	0.118722300	0.113719511	0.112402675
t#bar{t} jec_FlavorPureBottom up,	0.066093214	0.084547036	0.149871597	0.107626248	0.119292230	0.156902872	0.028185886	0.025334252	0.158460077	0.155111276	0.045168730	0.039113533	0.100401590	0.122652884	0.121989598	0.077586924	0.100463760	0.118722300	0.110073318	0.112402675
t#bar{t} jer up,	0.086238294	0.084547036	0.110350643	0.107626248	0.148148061	0.156902872	0.024035647	0.025334252	0.183929935	0.155111276	-0.040304922	0.039113533	0.207096571	0.122652884	0.065975127	0.077586924	0.087298260	0.118722300	0.127232382	0.112402675
t#bar{t} btag_heavy up,	0.070885173	0.084547036	0.137807851	0.107626248	0.125332562	0.156902872	0.015817488	0.025334252	0.198109947	0.155111276	-0.006144379	0.039113533	0.159413596	0.122652884	0.079556044	0.077586924	0.096000988	0.118722300	0.123220730	0.112402675
t#bar{t} btag_light up,	0.105847601	0.084547036	0.095663104	0.107626248	0.131203348	0.156902872	0.041639916	0.025334252	0.130692385	0.155111276	0.087817378	0.039113533	0.052947342	0.122652884	0.178511293	0.077586924	0.026714661	0.118722300	0.148962973	0.112402675
t#bar{t} csv_heavy up,	0.082135349	0.084547036	0.105042407	0.107626248	0.152214943	0.156902872	0.008974705	0.025334252	0.163357264	0.155111276	0.069582968	0.039113533	0.092765112	0.122652884	0.130612908	0.077586924	0.068843071	0.118722300	0.126471274	0.112402675
t#bar{t} csv_light up,	0.076229223	0.084547036	0.117980809	0.107626248	0.160328742	0.156902872	0.001415930	0.025334252	0.155979317	0.155111276	0.054062401	0.039113533	0.117449380	0.122652884	0.095362155	0.077586924	0.104552668	0.118722300	0.116639373	0.112402675
t#bar{t} tracking up,	0.087068609	0.084547036	0.111521331	0.107626248	0.153721344	0.156902872	-0.002301255	0.025334252	0.207563276	0.155111276	-0.040259256	0.039113533	0.197663241	0.122652884	0.073822023	0.077586924	0.072637620	0.118722300	0.138563067	0.112402675
t#bar{t} jec_CorrelationGroupMPFInSitu down,	0.089401835	0.084547036	0.114570656	0.107626248	0.136120473	0.156902872	0.033186391	0.025334252	0.134523154	0.155111276	0.086872501	0.039113533	0.057801965	0.122652884	0.137422762	0.077586924	0.108581703	0.118722300	0.101518559	0.112402675
t#bar{t} jec_RelativeFSR down,	0.091103442	0.084547036	0.118571604	0.107626248	0.123100127	0.156902872	0.048462759	0.025334252	0.128609759	0.155111276	0.060474936	0.039113533	0.102631820	0.122652884	0.149316855	0.077586924	0.034295385	0.118722300	0.143433313	0.112402675
t#bar{t} jec_CorrelationGroupUncorrelated down,	0.081506633	0.084547036	0.116097768	0.107626248	0.148130149	0.156902872	0.020715392	0.025334252	0.142133553	0.155111276	0.086211181	0.039113533	0.071843539	0.122652884	0.121693383	0.077586924	0.087766087	0.118722300	0.123902315	0.112402675
t#bar{t} jec_FlavorPureGluon down,	0.092017373	0.084547036	0.086859025	0.107626248	0.188839005	0.156902872	-0.001971698	0.025334252	0.142904027	0.155111276	0.093256835	0.039113533	0.068046423	0.122652884	0.108007853	0.077586924	0.122612089	0.118722300	0.099429068	0.112402675
t#bar{t} jec_FlavorPureQuark down,	0.089393471	0.084547036	0.111408102	0.107626248	0.129731335	0.156902872	0.040072123	0.025334252	0.164784665	0.155111276	0.022275277	0.039113533	0.130570354	0.122652884	0.105792321	0.077586924	0.068211881	0.118722300	0.137760472	0.112402675
t#bar{t} jec_FlavorPureCharm down,	0.082608987	0.084547036	0.123467505	0.107626248	0.127157911	0.156902872	0.032971563	0.025334252	0.132238832	0.155111276	0.105213908	0.039113533	0.047979110	0.122652884	0.129238256	0.077586924	0.103507059	0.118722300	0.115616869	0.112402675
t#bar{t} jec_FlavorPureBottom down,	0.077423156	0.084547036	0.127497990	0.107626248	0.137550650	0.156902872	0.008285526	0.025334252	0.187432455	0.155111276	0.007844393	0.039113533	0.147888964	0.122652884	0.094012504	0.077586924	0.085395263	0.118722300	0.126669098	0.112402675
t#bar{t} jer down,	0.081409231	0.084547036	0.115259334	0.107626248	0.151888403	0.156902872	-0.004605415	0.025334252	0.202237080	0.155111276	-0.001219363	0.039113533	0.131265863	0.122652884	0.112673073	0.077586924	0.073556781	0.118722300	0.137535014	0.112402675
t#bar{t} btag_heavy down,	0.080973424	0.084547036	0.118415824	0.107626248	0.156656918	0.156902872	0.009522735	0.025334252	0.166370736	0.155111276	0.010884557	0.039113533	0.157549487	0.122652884	0.087726241	0.077586924	0.095927467	0.118722300	0.115972612	0.112402675
t#bar{t} btag_light down,	0.089609671	0.084547036	0.104461087	0.107626248	0.159425041	0.156902872	0.013212256	0.025334252	0.167545780	0.155111276	0.016461171	0.039113533	0.129658906	0.122652884	0.110071324	0.077586924	0.087329986	0.118722300	0.122224779	0.112402675
t#bar{t} csv_heavy down,	0.077844945	0.084547036	0.113687913	0.107626248	0.161707288	0.156902872	0.006940339	0.025334252	0.170998009	0.155111276	0.030789412	0.039113533	0.121762759	0.122652884	0.086927732	0.077586924	0.106036151	0.118722300	0.123305452	0.112402675
t#bar{t} csv_light down,	0.068070313	0.084547036	0.129180816	0.107626248	0.154770341	0.156902872	0.002083201	0.025334252	0.188072506	0.155111276	-0.012571988	0.039113533	0.178076261	0.122652884	0.084420594	0.077586924	0.081892130	0.118722300	0.126005827	0.112402675
t#bar{t} tracking down,	0.101936541	0.084547036	0.077609570	0.107626248	0.174780011	0.156902872	0.013672969	0.025334252	0.147265967	0.155111276	0.055749541	0.039113533	0.120550080	0.122652884	0.104635557	0.077586924	0.065984470	0.118722300	0.137815293	0.112402675
t#bar{t} evtgen,	0.080670294	0.084547036	0.118498964	0.107626248	0.136705683	0.156902872	0.081487195	0.025334252	0.145918875	0.155111276	-0.004700496	0.039113533	0.141549513	0.122652884	0.100034728	0.077586924	0.070883853	0.118722300	0.128951390	0.112402675
t#bar{t} m=171.5,	0.090484668	0.084547036	0.150796046	0.107626248	0.051276891	0.156902872	0.113345878	0.025334252	0.087488381	0.155111276	0.168838512	0.039113533	-0.054858594	0.122652884	0.240970403	0.077586924	0.005089320	0.118722300	0.146568495	0.112402675
t#bar{t} m=173.5,	0.068812876	0.084547036	0.113711225	0.107626248	0.158988991	0.156902872	0.036827782	0.025334252	0.179774747	0.155111276	-0.038442110	0.039113533	0.199423379	0.122652884	0.046377145	0.077586924	0.104758425	0.118722300	0.129767539	0.112402675
t#bar{t} Herwig++,	0.084581454	0.084547036	0.103983976	0.107626248	0.157155979	0.156902872	0.054338819	0.025334252	0.119420963	0.155111276	0.047493000	0.039113533	0.119670428	0.122652884	0.097900824	0.077586924	0.108857390	0.118722300	0.106597166	0.112402675
t#bar{t} isr up,	0.092179566	0.084547036	0.110819485	0.107626248	0.145686811	0.156902872	0.037819060	0.025334252	0.091376725	0.155111276	0.176491789	0.039113533	-0.003042079	0.122652884	0.140052479	0.077586924	0.090318218	0.118722300	0.118297947	0.112402675
t#bar{t} isr dn,	0.069602893	0.084547036	0.132301233	0.107626248	0.131633142	0.156902872	0.059538715	0.025334252	0.094307987	0.155111276	0.093331101	0.039113533	0.104090594	0.122652884	0.105223082	0.077586924	0.091064108	0.118722300	0.118907146	0.112402675
t#bar{t} fsr up,	0.092896422	0.084547036	0.113336041	0.107626248	0.149140656	0.156902872	0.043126062	0.025334252	0.082057776	0.155111276	0.140023164	0.039113533	0.045222331	0.122652884	0.100829307	0.077586924	0.140011201	0.118722300	0.093357040	0.112402675
t#bar{t} fsr dn,	0.066135806	0.084547036	0.130816763	0.107626248	0.124391414	0.156902872	0.073211998	0.025334252	0.093458713	0.155111276	0.141039227	0.039113533	0.019882919	0.122652884	0.134334028	0.077586924	0.082865641	0.118722300	0.133863491	0.112402675
t#bar{t} hdamp up,	0.102598209	0.084547036	0.102939504	0.107626248	0.137500351	0.156902872	0.046972645	0.025334252	0.086672750	0.155111276	0.151152229	0.039113533	0.048278786	0.122652884	0.109415866	0.077586924	0.096478545	0.118722300	0.117991114	0.112402675
t#bar{t} hdamp dn,	0.091941281	0.084547036	0.118263349	0.107626248	0.138988783	0.156902872	0.024102298	0.025334252	0.116564909	0.155111276	0.186847269	0.039113533	-0.038338641	0.122652884	0.142066316	0.077586924	0.128157431	0.118722300	0.091407005	0.112402675
t#bar{t} UEup,	0.097169752	0.084547036	0.110495112	0.107626248	0.136798307	0.156902872	0.028951039	0.025334252	0.172596113	0.155111276	-0.016483659	0.039113533	0.205230733	0.122652884	0.027256573	0.077586924	0.126867754	0.118722300	0.111118274	0.112402675
t#bar{t} UEdn,	0.084307067	0.084547036	0.101366015	0.107626248	0.152993607	0.156902872	0.065114005	0.025334252	0.085904598	0.155111276	0.100040475	0.039113533	0.120268884	0.122652884	0.069712605	0.077586924	0.099052033	0.118722300	0.121240712	0.112402675
t#bar{t} pileup up,	0.086189753	0.084547036	0.116489403	0.107626248	0.129241509	0.156902872	0.050492570	0.025334252	0.139015831	0.155111276	0.061289361	0.039113533	0.101548214	0.122652884	0.084250018	0.077586924	0.121303277	0.118722300	0.110180062	0.112402675
t#bar{t} pileup down,	0.082043424	0.084547036	0.103569633	0.107626248	0.174146634	0.156902872	0.009525703	0.025334252	0.164383787	0.155111276	0.028252384	0.039113533	0.129400071	0.122652884	0.082046064	0.077586924	0.111705928	0.118722300	0.114926372	0.112402675
t#bar{t} trig efficiency correction up,	0.087776528	0.084547036	0.098911639	0.107626248	0.169277440	0.156902872	-0.010564169	0.025334252	0.229273799	0.155111276	-0.049794143	0.039113533	0.187114375	0.122652884	0.066023046	0.077586924	0.094288653	0.118722300	0.127692834	0.112402675
t#bar{t} trig efficiency correction down,	0.087888063	0.084547036	0.098248963	0.107626248	0.170398552	0.156902872	-0.011106454	0.025334252	0.230092290	0.155111276	-0.051580124	0.039113533	0.189169947	0.122652884	0.064327040	0.077586924	0.095397315	0.118722300	0.127164408	0.112402675
t#bar{t} sel efficiency correction up,	0.087935396	0.084547036	0.098792069	0.107626248	0.169216864	0.156902872	-0.010240569	0.025334252	0.228753620	0.155111276	-0.049594873	0.039113533	0.187337751	0.122652884	0.065811977	0.077586924	0.094267994	0.118722300	0.127719771	0.112402675
t#bar{t} sel efficiency correction down,	0.087730276	0.084547036	0.098362631	0.107626248	0.170466999	0.156902872	-0.011438071	0.025334252	0.230620946	0.155111276	-0.051780885	0.039113533	0.188937052	0.122652884	0.064553531	0.077586924	0.095407507	0.118722300	0.127140014	0.112402675
t#bar{t} b fragmentation up,	0.089661360	0.084547036	0.098060959	0.107626248	0.165483598	0.156902872	-0.012233154	0.025334252	0.254427337	0.155111276	-0.080057527	0.039113533	0.202526604	0.122652884	0.056938046	0.077586924	0.089755952	0.118722300	0.135436824	0.112402675
t#bar{t} b fragmentation down,	0.087153047	0.084547036	0.098057305	0.107626248	0.175601661	0.156902872	-0.014624258	0.025334252	0.220437105	0.155111276	-0.040486831	0.039113533	0.184800935	0.122652884	0.069318630	0.077586924	0.094163400	0.118722300	0.125579006	0.112402675
t#bar{t} Peterson Frag,	0.082374443	0.084547036	0.112982225	0.107626248	0.152537674	0.156902872	-0.002220364	0.025334252	0.237577162	0.155111276	-0.062544294	0.039113533	0.183968784	0.122652884	0.076149515	0.077586924	0.090621030	0.118722300	0.128553825	0.112402675
t#bar{t} semilep BR up,	0.087026932	0.084547036	0.099795678	0.107626248	0.169983671	0.156902872	-0.011535477	0.025334252	0.228804876	0.155111276	-0.049246998	0.039113533	0.187276699	0.122652884	0.066008253	0.077586924	0.094381570	0.118722300	0.127504796	0.112402675
t#bar{t} semilep BR down,	0.087304959	0.084547036	0.099768163	0.107626248	0.168139555	0.156902872	-0.009444199	0.025334252	0.229405615	0.155111276	-0.051032324	0.039113533	0.188320744	0.122652884	0.065152166	0.077586924	0.094724002	0.118722300	0.127661319	0.112402675
t#bar{t} ERDon,	0.131206675	0.084547036	0.042555448	0.107626248	0.196392748	0.156902872	0.052367057	0.025334252	0.015143914	0.155111276	0.233247185	0.039113533	-0.024697776	0.122652884	0.118743911	0.077586924	0.162058691	0.118722300	0.072982147	0.112402675
t#bar{t} QCDbased,	0.108292437	0.084547036	0.118869048	0.107626248	0.078427155	0.156902872	0.084232399	0.025334252	0.072649068	0.155111276	0.166618968	0.039113533	0.000901554	0.122652884	0.187691541	0.077586924	0.047051291	0.118722300	0.135266539	0.112402675
t#bar{t} gluon move,	0.113116582	0.084547036	0.049921200	0.107626248	0.214401495	0.156902872	0.014862639	0.025334252	0.047110111	0.155111276	0.219351865	0.039113533	0.001936009	0.122652884	0.113519732	0.077586924	0.121509026	0.118722300	0.104271341	0.112402675
