t#bar{t},	0.050462722	0.050155379	0.050147340	0.049632696	0.049778328	0.050900542	0.049901698	0.049550694	0.048816741	0.049537416	0.049175799	0.049165579	0.048265327	0.047769305	0.048244863	0.048228024	0.047743970	0.047523393	0.047867632	0.048188438	0.047856880	0.048624894	0.048677046	0.048105206	0.049054677	0.049057823	0.050037092	0.049168068	0.050943296	0.051154880	0.050947023	0.051947372	0.051635734	0.052667025	0.052386849	0.052823800	0.053545532	0.053007494	0.054511451	0.052791972
t#bar{t} jec_CorrelationGroupMPFInSitu up,	0.049884516	0.050155379	0.049605278	0.049632696	0.050945008	0.050900542	0.050120345	0.049550694	0.048920871	0.049537416	0.048702090	0.049165579	0.048268159	0.047769305	0.048176355	0.048228024	0.047334340	0.047523393	0.047697070	0.048188438	0.048885891	0.048624894	0.048417625	0.048105206	0.048953639	0.049057823	0.049117696	0.049168068	0.051100914	0.051154880	0.051813401	0.051947372	0.052608772	0.052667025	0.053312019	0.052823800	0.053432032	0.053007494	0.052703981	0.052791972
t#bar{t} jec_RelativeFSR up,	0.049935136	0.050155379	0.049070778	0.049632696	0.050854495	0.050900542	0.050008464	0.049550694	0.050210324	0.049537416	0.049092402	0.049165579	0.047822730	0.047769305	0.048260801	0.048228024	0.047707151	0.047523393	0.048024525	0.048188438	0.048850587	0.048624894	0.048086703	0.048105206	0.049675093	0.049057823	0.049283125	0.049168068	0.051060245	0.051154880	0.051918590	0.051947372	0.052209663	0.052667025	0.052523521	0.052823800	0.052935860	0.053007494	0.052469808	0.052791972
t#bar{t} jec_CorrelationGroupUncorrelated up,	0.050133869	0.050155379	0.049692806	0.049632696	0.050573472	0.050900542	0.049676033	0.049550694	0.049642921	0.049537416	0.048432670	0.049165579	0.048463284	0.047769305	0.048410080	0.048228024	0.047424305	0.047523393	0.047755385	0.048188438	0.049073488	0.048624894	0.047858480	0.048105206	0.048996674	0.049057823	0.049895340	0.049168068	0.051049714	0.051154880	0.052185884	0.051947372	0.052497904	0.052667025	0.052830954	0.052823800	0.053093153	0.053007494	0.052313586	0.052791972
t#bar{t} jec_FlavorPureGluon up,	0.049791880	0.050155379	0.049364926	0.049632696	0.050298174	0.050900542	0.049863006	0.049550694	0.049512741	0.049537416	0.048498600	0.049165579	0.048221068	0.047769305	0.048086367	0.048228024	0.047691515	0.047523393	0.048296778	0.048188438	0.048933934	0.048624894	0.048552476	0.048105206	0.049296604	0.049057823	0.049777836	0.049168068	0.050973408	0.051154880	0.051845519	0.051947372	0.052414599	0.052667025	0.052895542	0.052823800	0.053576702	0.053007494	0.052108327	0.052791972
t#bar{t} jec_FlavorPureQuark up,	0.050130551	0.050155379	0.049294737	0.049632696	0.050779706	0.050900542	0.049701543	0.049550694	0.049641532	0.049537416	0.048994376	0.049165579	0.047962344	0.047769305	0.048019113	0.048228024	0.047605878	0.047523393	0.047855824	0.048188438	0.048998244	0.048624894	0.048242445	0.048105206	0.049352314	0.049057823	0.049277683	0.049168068	0.051289656	0.051154880	0.052158197	0.051947372	0.052239722	0.052667025	0.052880682	0.052823800	0.052963099	0.053007494	0.052612354	0.052791972
t#bar{t} jec_FlavorPureCharm up,	0.049770799	0.050155379	0.049299519	0.049632696	0.050806194	0.050900542	0.049791648	0.049550694	0.050031013	0.049537416	0.048980546	0.049165579	0.048410927	0.047769305	0.047968467	0.048228024	0.047325945	0.047523393	0.047703654	0.048188438	0.048845559	0.048624894	0.048227035	0.048105206	0.049081269	0.049057823	0.049302985	0.049168068	0.051319196	0.051154880	0.051741865	0.051947372	0.052287013	0.052667025	0.053059705	0.052823800	0.053372475	0.053007494	0.052674189	0.052791972
t#bar{t} jec_FlavorPureBottom up,	0.049968494	0.050155379	0.048971496	0.049632696	0.050805530	0.050900542	0.050034225	0.049550694	0.049987212	0.049537416	0.048735692	0.049165579	0.047903560	0.047769305	0.048369403	0.048228024	0.047762060	0.047523393	0.047813862	0.048188438	0.049155371	0.048624894	0.048476455	0.048105206	0.049450126	0.049057823	0.049362664	0.049168068	0.051061549	0.051154880	0.051547627	0.051947372	0.052352384	0.052667025	0.052840246	0.052823800	0.052707254	0.053007494	0.052694792	0.052791972
t#bar{t} jer up,	0.050503099	0.050155379	0.049274702	0.049632696	0.050952271	0.050900542	0.049531397	0.049550694	0.049956615	0.049537416	0.048516392	0.049165579	0.048445309	0.047769305	0.047935042	0.048228024	0.047592731	0.047523393	0.047989902	0.048188438	0.048799782	0.048624894	0.048251116	0.048105206	0.049238483	0.049057823	0.049388207	0.049168068	0.051076174	0.051154880	0.052106875	0.051947372	0.052113809	0.052667025	0.053070485	0.052823800	0.052928944	0.053007494	0.052328665	0.052791972
t#bar{t} btag_heavy up,	0.050261652	0.050155379	0.049688077	0.049632696	0.050754170	0.050900542	0.049871705	0.049550694	0.049725276	0.049537416	0.049029972	0.049165579	0.047940399	0.047769305	0.047976270	0.048228024	0.047531034	0.047523393	0.047870450	0.048188438	0.048489389	0.048624894	0.048399918	0.048105206	0.049178700	0.049057823	0.049582155	0.049168068	0.051402994	0.051154880	0.051469137	0.051947372	0.052424952	0.052667025	0.053030700	0.052823800	0.053185698	0.053007494	0.052187352	0.052791972
t#bar{t} btag_light up,	0.049809247	0.050155379	0.049590443	0.049632696	0.050875539	0.050900542	0.049806402	0.049550694	0.049657446	0.049537416	0.049117726	0.049165579	0.047930367	0.047769305	0.048032433	0.048228024	0.047473906	0.047523393	0.047987754	0.048188438	0.048438163	0.048624894	0.048449008	0.048105206	0.049092469	0.049057823	0.049083398	0.049168068	0.051305957	0.051154880	0.051596765	0.051947372	0.052661425	0.052667025	0.052805686	0.052823800	0.053239602	0.053007494	0.053046263	0.052791972
t#bar{t} csv_heavy up,	0.049793173	0.050155379	0.049356530	0.049632696	0.050905131	0.050900542	0.049872583	0.049550694	0.049364335	0.049537416	0.049131387	0.049165579	0.048303038	0.047769305	0.048548511	0.048228024	0.047281895	0.047523393	0.047924934	0.048188438	0.048691385	0.048624894	0.048233956	0.048105206	0.048896518	0.049057823	0.049163442	0.049168068	0.050902813	0.051154880	0.051370497	0.051947372	0.052685732	0.052667025	0.052886309	0.052823800	0.053994855	0.053007494	0.052692978	0.052791972
t#bar{t} csv_light up,	0.049997153	0.050155379	0.049519064	0.049632696	0.051030814	0.050900542	0.049534888	0.049550694	0.050044426	0.049537416	0.048619777	0.049165579	0.047729306	0.047769305	0.047831300	0.048228024	0.047914555	0.047523393	0.048129693	0.048188438	0.048683169	0.048624894	0.047852849	0.048105206	0.049146028	0.049057823	0.049414604	0.049168068	0.051511890	0.051154880	0.052024586	0.051947372	0.052420914	0.052667025	0.052835723	0.052823800	0.052924183	0.053007494	0.052835077	0.052791972
t#bar{t} tracking up,	0.049660750	0.050155379	0.049638529	0.049632696	0.050517681	0.050900542	0.049546049	0.049550694	0.049055803	0.049537416	0.049114289	0.049165579	0.047926020	0.047769305	0.048152096	0.048228024	0.047645417	0.047523393	0.047828992	0.048188438	0.049094457	0.048624894	0.048332047	0.048105206	0.049223414	0.049057823	0.049679642	0.049168068	0.050765706	0.051154880	0.052328883	0.051947372	0.052595309	0.052667025	0.052890076	0.052823800	0.053476415	0.053007494	0.052528425	0.052791972
t#bar{t} jec_CorrelationGroupMPFInSitu down,	0.049919938	0.050155379	0.049324803	0.049632696	0.051273221	0.050900542	0.050222258	0.049550694	0.049633318	0.049537416	0.048953780	0.049165579	0.048321685	0.047769305	0.047978158	0.048228024	0.047823340	0.047523393	0.047376905	0.048188438	0.049068160	0.048624894	0.047845300	0.048105206	0.049538216	0.049057823	0.049527005	0.049168068	0.051439587	0.051154880	0.052119095	0.051947372	0.051520822	0.052667025	0.052801429	0.052823800	0.052974517	0.053007494	0.052338460	0.052791972
t#bar{t} jec_RelativeFSR down,	0.050646271	0.050155379	0.049596946	0.049632696	0.050649316	0.050900542	0.049908236	0.049550694	0.049507348	0.049537416	0.048740763	0.049165579	0.048000810	0.047769305	0.048087433	0.048228024	0.047446762	0.047523393	0.047684444	0.048188438	0.048827162	0.048624894	0.048324055	0.048105206	0.049211880	0.049057823	0.049864686	0.049168068	0.051097253	0.051154880	0.051484226	0.051947372	0.052349744	0.052667025	0.052558901	0.052823800	0.053236705	0.053007494	0.052777059	0.052791972
t#bar{t} jec_CorrelationGroupUncorrelated down,	0.049930777	0.050155379	0.049402105	0.049632696	0.050993861	0.050900542	0.050130331	0.049550694	0.049564907	0.049537416	0.048564023	0.049165579	0.048681462	0.047769305	0.048067468	0.048228024	0.047806728	0.047523393	0.047984254	0.048188438	0.049133733	0.048624894	0.048215369	0.048105206	0.049224006	0.049057823	0.048945978	0.049168068	0.051366307	0.051154880	0.051745303	0.051947372	0.052037413	0.052667025	0.052765902	0.052823800	0.052939427	0.053007494	0.052500647	0.052791972
t#bar{t} jec_FlavorPureGluon down,	0.050188092	0.050155379	0.049465302	0.049632696	0.050693601	0.050900542	0.050061501	0.049550694	0.049436621	0.049537416	0.048710484	0.049165579	0.048753749	0.047769305	0.048070645	0.048228024	0.047590799	0.047523393	0.047767065	0.048188438	0.048739288	0.048624894	0.047959265	0.048105206	0.049043793	0.049057823	0.049059506	0.049168068	0.051282881	0.051154880	0.051760836	0.051947372	0.052129842	0.052667025	0.053089816	0.052823800	0.053214568	0.053007494	0.052982349	0.052791972
t#bar{t} jec_FlavorPureQuark down,	0.049743140	0.050155379	0.049550109	0.049632696	0.050835601	0.050900542	0.049886250	0.049550694	0.049880129	0.049537416	0.049133631	0.049165579	0.048740868	0.047769305	0.047979447	0.048228024	0.047293875	0.047523393	0.048050209	0.048188438	0.048725244	0.048624894	0.048297980	0.048105206	0.049228712	0.049057823	0.049490467	0.049168068	0.050966819	0.051154880	0.051743555	0.051947372	0.052299987	0.052667025	0.052252347	0.052823800	0.053144309	0.053007494	0.052757323	0.052791972
t#bar{t} jec_FlavorPureCharm down,	0.049751388	0.050155379	0.049573161	0.049632696	0.050807892	0.050900542	0.049932731	0.049550694	0.049768404	0.049537416	0.048592338	0.049165579	0.048124756	0.047769305	0.048138113	0.048228024	0.047439146	0.047523393	0.048168734	0.048188438	0.049091507	0.048624894	0.048063575	0.048105206	0.048951918	0.049057823	0.049660110	0.049168068	0.051311510	0.051154880	0.051701569	0.051947372	0.052202014	0.052667025	0.052485666	0.052823800	0.053487761	0.053007494	0.052747705	0.052791972
t#bar{t} jec_FlavorPureBottom down,	0.049848284	0.050155379	0.049658725	0.049632696	0.050856409	0.050900542	0.049754063	0.049550694	0.049584990	0.049537416	0.048818729	0.049165579	0.047872852	0.047769305	0.048429852	0.048228024	0.047677811	0.047523393	0.047780681	0.048188438	0.048946834	0.048624894	0.048428925	0.048105206	0.049229236	0.049057823	0.049315710	0.049168068	0.051129098	0.051154880	0.051748017	0.051947372	0.052581380	0.052667025	0.052679842	0.052823800	0.053078326	0.053007494	0.052580237	0.052791972
t#bar{t} jer down,	0.049655859	0.050155379	0.049155627	0.049632696	0.050929759	0.050900542	0.049921168	0.049550694	0.049591287	0.049537416	0.048694407	0.049165579	0.048527773	0.047769305	0.048212600	0.048228024	0.047545777	0.047523393	0.047909338	0.048188438	0.048543607	0.048624894	0.048436910	0.048105206	0.049384852	0.049057823	0.049665018	0.049168068	0.051334437	0.051154880	0.051904478	0.051947372	0.052227099	0.052667025	0.052449484	0.052823800	0.053105261	0.053007494	0.052805261	0.052791972
t#bar{t} btag_heavy down,	0.049731598	0.050155379	0.049178008	0.049632696	0.050874342	0.050900542	0.050400314	0.049550694	0.049336175	0.049537416	0.048432102	0.049165579	0.048440525	0.047769305	0.047939840	0.048228024	0.047606208	0.047523393	0.048054242	0.048188438	0.048699821	0.048624894	0.048420218	0.048105206	0.048998092	0.049057823	0.049584790	0.049168068	0.050854151	0.051154880	0.052301822	0.051947372	0.052139922	0.052667025	0.052733289	0.052823800	0.053622362	0.053007494	0.052652178	0.052791972
t#bar{t} btag_light down,	0.049949816	0.050155379	0.049738663	0.049632696	0.050461845	0.050900542	0.050106574	0.049550694	0.049695792	0.049537416	0.049009729	0.049165579	0.048239655	0.047769305	0.047938378	0.048228024	0.047540895	0.047523393	0.048275686	0.048188438	0.048955228	0.048624894	0.048218163	0.048105206	0.048603540	0.049057823	0.049568986	0.049168068	0.051256801	0.051154880	0.051677529	0.051947372	0.052343782	0.052667025	0.052637379	0.052823800	0.053331519	0.053007494	0.052450039	0.052791972
t#bar{t} csv_heavy down,	0.049907004	0.050155379	0.049029564	0.049632696	0.050854377	0.050900542	0.050211160	0.049550694	0.049309087	0.049537416	0.048664447	0.049165579	0.048012294	0.047769305	0.048215226	0.048228024	0.047747698	0.047523393	0.048238779	0.048188438	0.048791707	0.048624894	0.048136079	0.048105206	0.049153409	0.049057823	0.049986999	0.049168068	0.051340576	0.051154880	0.052121829	0.051947372	0.052259699	0.052667025	0.052522791	0.052823800	0.052975685	0.053007494	0.052521589	0.052791972
t#bar{t} csv_light down,	0.049723395	0.050155379	0.049589497	0.049632696	0.050608670	0.050900542	0.050210082	0.049550694	0.050103831	0.049537416	0.048966018	0.049165579	0.048165951	0.047769305	0.048012961	0.048228024	0.047424564	0.047523393	0.047884252	0.048188438	0.048696680	0.048624894	0.048276638	0.048105206	0.048760615	0.049057823	0.049324101	0.049168068	0.051266470	0.051154880	0.051851915	0.051947372	0.052505226	0.052667025	0.052779102	0.052823800	0.053330954	0.053007494	0.052519077	0.052791972
t#bar{t} tracking down,	0.049972027	0.050155379	0.049304777	0.049632696	0.051142694	0.050900542	0.049843107	0.049550694	0.050013749	0.049537416	0.048830424	0.049165579	0.048305995	0.047769305	0.048151215	0.048228024	0.047467066	0.047523393	0.047652623	0.048188438	0.048908481	0.048624894	0.048111365	0.048105206	0.049143736	0.049057823	0.049188334	0.049168068	0.051050807	0.051154880	0.051570879	0.051947372	0.052770205	0.052667025	0.052591999	0.052823800	0.053198236	0.053007494	0.052782282	0.052791972
t#bar{t} evtgen,	0.051435668	0.050155379	0.050005717	0.049632696	0.050791061	0.050900542	0.048075951	0.049550694	0.049750706	0.049537416	0.049565114	0.049165579	0.045691245	0.047769305	0.046174732	0.048228024	0.047346092	0.047523393	0.048899109	0.048188438	0.048660194	0.048624894	0.047948108	0.048105206	0.049975519	0.049057823	0.049704922	0.049168068	0.051466158	0.051154880	0.052859160	0.051947372	0.054759858	0.052667025	0.053609596	0.052823800	0.051642775	0.053007494	0.051638313	0.052791972
t#bar{t} m=171.5,	0.049960347	0.050155379	0.048460416	0.049632696	0.051670799	0.050900542	0.050078723	0.049550694	0.051115001	0.049537416	0.049640146	0.049165579	0.048384075	0.047769305	0.047485629	0.048228024	0.047243946	0.047523393	0.048914126	0.048188438	0.047801206	0.048624894	0.046791242	0.048105206	0.048737132	0.049057823	0.047816190	0.049168068	0.050424154	0.051154880	0.052483646	0.051947372	0.054328832	0.052667025	0.053215462	0.052823800	0.053916113	0.053007494	0.051532816	0.052791972
t#bar{t} m=173.5,	0.050291804	0.050155379	0.049372948	0.049632696	0.050568003	0.050900542	0.048797072	0.049550694	0.051552382	0.049537416	0.049780968	0.049165579	0.048065424	0.047769305	0.047811180	0.048228024	0.046581893	0.047523393	0.047918411	0.048188438	0.049410553	0.048624894	0.046349681	0.048105206	0.050031354	0.049057823	0.048657109	0.049168068	0.050311855	0.051154880	0.053683173	0.051947372	0.053821932	0.052667025	0.053342818	0.052823800	0.052702397	0.053007494	0.050949045	0.052791972
t#bar{t} isr up,	0.049477444	0.050155379	0.050056464	0.049632696	0.051993856	0.050900542	0.047878174	0.049550694	0.050233983	0.049537416	0.048926521	0.049165579	0.048174279	0.047769305	0.048077206	0.048228024	0.047660388	0.047523393	0.048255581	0.048188438	0.048848921	0.048624894	0.048815033	0.048105206	0.049211347	0.049057823	0.049158893	0.049168068	0.050902068	0.051154880	0.052344531	0.051947372	0.052946786	0.052667025	0.052932560	0.052823800	0.052847478	0.053007494	0.051258487	0.052791972
t#bar{t} isr dn,	0.049730214	0.050155379	0.048976334	0.049632696	0.051487702	0.050900542	0.048660653	0.049550694	0.049851298	0.049537416	0.049805341	0.049165579	0.048224975	0.047769305	0.048173063	0.048228024	0.048070045	0.047523393	0.047998866	0.048188438	0.048875318	0.048624894	0.048293225	0.048105206	0.049575971	0.049057823	0.048749291	0.049168068	0.050274688	0.051154880	0.052917029	0.051947372	0.052644153	0.052667025	0.052707396	0.052823800	0.053328939	0.053007494	0.051655497	0.052791972
t#bar{t} fsr up,	0.049838159	0.050155379	0.049093014	0.049632696	0.050858967	0.050900542	0.049690391	0.049550694	0.050506770	0.049537416	0.047245518	0.049165579	0.048517840	0.047769305	0.048301554	0.048228024	0.047291273	0.047523393	0.047967701	0.048188438	0.048834650	0.048624894	0.049091905	0.048105206	0.048499124	0.049057823	0.049340715	0.049168068	0.050906857	0.051154880	0.053064985	0.051947372	0.053533768	0.052667025	0.053553289	0.052823800	0.052337310	0.053007494	0.051526213	0.052791972
t#bar{t} fsr dn,	0.050501208	0.050155379	0.049846225	0.049632696	0.052167301	0.050900542	0.049682811	0.049550694	0.049642646	0.049537416	0.048793037	0.049165579	0.046845908	0.047769305	0.048026616	0.048228024	0.046867385	0.047523393	0.048766379	0.048188438	0.048665698	0.048624894	0.047767664	0.048105206	0.049623604	0.049057823	0.048713962	0.049168068	0.051338153	0.051154880	0.052072892	0.051947372	0.052103968	0.052667025	0.053898757	0.052823800	0.051904411	0.053007494	0.052771375	0.052791972
t#bar{t} hdamp up,	0.050793345	0.050155379	0.049853499	0.049632696	0.051669617	0.050900542	0.049048802	0.049550694	0.048944948	0.049537416	0.049205960	0.049165579	0.046818813	0.047769305	0.048342659	0.048228024	0.048101801	0.047523393	0.047948359	0.048188438	0.048836274	0.048624894	0.047446296	0.048105206	0.048989974	0.049057823	0.048284525	0.049168068	0.051622302	0.051154880	0.052624263	0.051947372	0.052951836	0.052667025	0.054060290	0.052823800	0.051861029	0.053007494	0.052595409	0.052791972
t#bar{t} hdamp dn,	0.049699205	0.050155379	0.049679647	0.049632696	0.050607640	0.050900542	0.049561372	0.049550694	0.050217475	0.049537416	0.048016369	0.049165579	0.047797896	0.047769305	0.047892022	0.048228024	0.046623069	0.047523393	0.050145330	0.048188438	0.049687373	0.048624894	0.048015273	0.048105206	0.048670205	0.049057823	0.048504097	0.049168068	0.049950371	0.051154880	0.051574441	0.051947372	0.054266603	0.052667025	0.053448926	0.052823800	0.053944732	0.053007494	0.051697954	0.052791972
t#bar{t} UEup,	0.048947597	0.050155379	0.050063162	0.049632696	0.051459665	0.050900542	0.049444702	0.049550694	0.050533020	0.049537416	0.049045305	0.049165579	0.048070257	0.047769305	0.048004787	0.048228024	0.046995550	0.047523393	0.047433976	0.048188438	0.048387526	0.048624894	0.048306925	0.048105206	0.048815850	0.049057823	0.048064225	0.049168068	0.050420661	0.051154880	0.053022600	0.051947372	0.053054233	0.052667025	0.054547526	0.052823800	0.053318157	0.053007494	0.052064277	0.052791972
t#bar{t} UEdn,	0.050124505	0.050155379	0.049923186	0.049632696	0.051583577	0.050900542	0.049213796	0.049550694	0.048455971	0.049537416	0.047714259	0.049165579	0.047658402	0.047769305	0.048247138	0.048228024	0.046862926	0.047523393	0.048972740	0.048188438	0.050448322	0.048624894	0.047605798	0.048105206	0.047978408	0.049057823	0.049596763	0.049168068	0.049944567	0.051154880	0.053427847	0.051947372	0.053111546	0.052667025	0.054070103	0.052823800	0.052937816	0.053007494	0.052122328	0.052791972
t#bar{t} ERDon,	0.049905244	0.050155379	0.049852436	0.049632696	0.050940258	0.050900542	0.048956862	0.049550694	0.049314666	0.049537416	0.048520235	0.049165579	0.048201468	0.047769305	0.048286219	0.048228024	0.048899485	0.047523393	0.048262179	0.048188438	0.049186624	0.048624894	0.048056961	0.048105206	0.049046042	0.049057823	0.049399585	0.049168068	0.051145330	0.051154880	0.051976566	0.051947372	0.053174377	0.052667025	0.052350577	0.052823800	0.052713110	0.053007494	0.051811777	0.052791972
t#bar{t} QCDbased,	0.049784457	0.050155379	0.049630635	0.049632696	0.050721290	0.050900542	0.048849134	0.049550694	0.050232551	0.049537416	0.049716278	0.049165579	0.047953212	0.047769305	0.047744844	0.048228024	0.047793176	0.047523393	0.048556940	0.048188438	0.048707611	0.048624894	0.048349227	0.048105206	0.049220196	0.049057823	0.048410366	0.049168068	0.051302581	0.051154880	0.052548469	0.051947372	0.052178381	0.052667025	0.053412500	0.052823800	0.052686996	0.053007494	0.052201156	0.052791972
t#bar{t} gluon move,	0.050343123	0.050155379	0.050588203	0.049632696	0.051923717	0.050900542	0.049571202	0.049550694	0.048983794	0.049537416	0.048014980	0.049165579	0.048200377	0.047769305	0.048226817	0.048228024	0.047740735	0.047523393	0.047890059	0.048188438	0.048568294	0.048624894	0.048930294	0.048105206	0.049027460	0.049057823	0.049397595	0.049168068	0.049693187	0.051154880	0.052613757	0.051947372	0.052191740	0.052667025	0.053470007	0.052823800	0.052737487	0.053007494	0.051887175	0.052791972
