t#bar{t},	0.133185030	0.102378613	0.126160676	0.102527823	0.115824595	0.099776454	0.105542912	0.101058856	0.096999102	0.099330878	0.090554110	0.099287270	0.086211653	0.099689138	0.083037726	0.098357072	0.081395283	0.099346029	0.081088915	0.098247869
t#bar{t} jec_CorrelationGroupMPFInSitu up,	0.102247941	0.102378613	0.102895798	0.102527823	0.099706356	0.099776454	0.100770901	0.101058856	0.099207643	0.099330878	0.099408676	0.099287270	0.099663342	0.099689138	0.098551727	0.098357072	0.099358128	0.099346029	0.098189486	0.098247869
t#bar{t} jec_RelativeFSR up,	0.102405915	0.102378613	0.102714967	0.102527823	0.099740501	0.099776454	0.100717356	0.101058856	0.099360201	0.099330878	0.099751370	0.099287270	0.099706013	0.099689138	0.098276064	0.098357072	0.099163724	0.099346029	0.098163891	0.098247869
t#bar{t} jec_CorrelationGroupUncorrelated up,	0.102231083	0.102378613	0.102379440	0.102527823	0.100084652	0.099776454	0.100913502	0.101058856	0.099148008	0.099330878	0.099734156	0.099287270	0.099674114	0.099689138	0.098558456	0.098357072	0.099238742	0.099346029	0.098037847	0.098247869
t#bar{t} jec_FlavorPureGluon up,	0.102347263	0.102378613	0.102642833	0.102527823	0.100031745	0.099776454	0.100826559	0.101058856	0.099305014	0.099330878	0.099592391	0.099287270	0.099331458	0.099689138	0.098405611	0.098357072	0.099504486	0.099346029	0.098012640	0.098247869
t#bar{t} jec_FlavorPureQuark up,	0.102224667	0.102378613	0.102868398	0.102527823	0.099738522	0.099776454	0.100848760	0.101058856	0.099107422	0.099330878	0.099511048	0.099287270	0.099666400	0.099689138	0.098426685	0.098357072	0.099421693	0.099346029	0.098186406	0.098247869
t#bar{t} jec_FlavorPureCharm up,	0.102114850	0.102378613	0.102728429	0.102527823	0.099730617	0.099776454	0.100660579	0.101058856	0.099149892	0.099330878	0.099660751	0.099287270	0.099783203	0.099689138	0.098419556	0.098357072	0.099436114	0.099346029	0.098316009	0.098247869
t#bar{t} jec_FlavorPureBottom up,	0.102434297	0.102378613	0.102594450	0.102527823	0.099759284	0.099776454	0.100993492	0.101058856	0.099172459	0.099330878	0.099692759	0.099287270	0.099461757	0.099689138	0.098463630	0.098357072	0.099256841	0.099346029	0.098171031	0.098247869
t#bar{t} jer up,	0.102342975	0.102378613	0.102658438	0.102527823	0.099911259	0.099776454	0.100869106	0.101058856	0.099080493	0.099330878	0.099550699	0.099287270	0.099970828	0.099689138	0.098132803	0.098357072	0.099537293	0.099346029	0.097946106	0.098247869
t#bar{t} btag_heavy up,	0.102440243	0.102378613	0.102677851	0.102527823	0.099765044	0.099776454	0.100907476	0.101058856	0.099352931	0.099330878	0.099277817	0.099287270	0.099796142	0.099689138	0.098238930	0.098357072	0.099291977	0.099346029	0.098251588	0.098247869
t#bar{t} btag_light up,	0.102331128	0.102378613	0.102560450	0.102527823	0.099539433	0.099776454	0.101066578	0.101058856	0.099214525	0.099330878	0.099624637	0.099287270	0.099685660	0.099689138	0.098527829	0.098357072	0.099349620	0.099346029	0.098100141	0.098247869
t#bar{t} csv_heavy up,	0.102347568	0.102378613	0.102540553	0.102527823	0.099723985	0.099776454	0.101168566	0.101058856	0.099354138	0.099330878	0.099674115	0.099287270	0.099721798	0.099689138	0.098341857	0.098357072	0.099067893	0.099346029	0.098059528	0.098247869
t#bar{t} csv_light up,	0.102266626	0.102378613	0.102612483	0.102527823	0.100065471	0.099776454	0.101030396	0.101058856	0.099015470	0.099330878	0.099666754	0.099287270	0.099596773	0.099689138	0.098184059	0.098357072	0.099450105	0.099346029	0.098111864	0.098247869
t#bar{t} tracking up,	0.102459992	0.102378613	0.102451175	0.102527823	0.099852211	0.099776454	0.100969027	0.101058856	0.099390047	0.099330878	0.099513653	0.099287270	0.099761808	0.099689138	0.098248715	0.098357072	0.099390173	0.099346029	0.097963199	0.098247869
t#bar{t} jec_CorrelationGroupMPFInSitu down,	0.102553876	0.102378613	0.102780593	0.102527823	0.099802047	0.099776454	0.100887410	0.101058856	0.099021190	0.099330878	0.099812951	0.099287270	0.099709217	0.099689138	0.098224498	0.098357072	0.099131905	0.099346029	0.098076314	0.098247869
t#bar{t} jec_RelativeFSR down,	0.102304512	0.102378613	0.102590319	0.102527823	0.099710507	0.099776454	0.100897224	0.101058856	0.099368769	0.099330878	0.099754715	0.099287270	0.099767438	0.099689138	0.098313657	0.098357072	0.099441281	0.099346029	0.097851579	0.098247869
t#bar{t} jec_CorrelationGroupUncorrelated down,	0.101978282	0.102378613	0.102338612	0.102527823	0.099955511	0.099776454	0.100924244	0.101058856	0.099246347	0.099330878	0.099831208	0.099287270	0.099794345	0.099689138	0.098495736	0.098357072	0.099439093	0.099346029	0.097996624	0.098247869
t#bar{t} jec_FlavorPureGluon down,	0.102450467	0.102378613	0.102480039	0.102527823	0.099791860	0.099776454	0.101065118	0.101058856	0.099214586	0.099330878	0.099716468	0.099287270	0.099627773	0.099689138	0.098238709	0.098357072	0.099207453	0.099346029	0.098207528	0.098247869
t#bar{t} jec_FlavorPureQuark down,	0.102244557	0.102378613	0.102629578	0.102527823	0.099671452	0.099776454	0.100846318	0.101058856	0.099301440	0.099330878	0.099538920	0.099287270	0.099832866	0.099689138	0.098568229	0.098357072	0.099274828	0.099346029	0.098091813	0.098247869
t#bar{t} jec_FlavorPureCharm down,	0.102184369	0.102378613	0.102717194	0.102527823	0.099672154	0.099776454	0.101071114	0.101058856	0.099267502	0.099330878	0.099537245	0.099287270	0.099515770	0.099689138	0.098499705	0.098357072	0.099365024	0.099346029	0.098169922	0.098247869
t#bar{t} jec_FlavorPureBottom down,	0.102210717	0.102378613	0.102724777	0.102527823	0.099890863	0.099776454	0.100869967	0.101058856	0.099190133	0.099330878	0.099643737	0.099287270	0.099961030	0.099689138	0.098245913	0.098357072	0.099359355	0.099346029	0.097903508	0.098247869
t#bar{t} jer down,	0.102160258	0.102378613	0.102716575	0.102527823	0.099879927	0.099776454	0.100674776	0.101058856	0.099231444	0.099330878	0.099740692	0.099287270	0.099661624	0.099689138	0.098474774	0.098357072	0.099388627	0.099346029	0.098071302	0.098247869
t#bar{t} btag_heavy down,	0.102436839	0.102378613	0.102626375	0.102527823	0.099743979	0.099776454	0.101082507	0.101058856	0.099276365	0.099330878	0.099532282	0.099287270	0.099743356	0.099689138	0.098218439	0.098357072	0.099126196	0.099346029	0.098213662	0.098247869
t#bar{t} btag_light down,	0.102090879	0.102378613	0.102473962	0.102527823	0.100164142	0.099776454	0.101125905	0.101058856	0.099193811	0.099330878	0.099755469	0.099287270	0.099455690	0.099689138	0.098231176	0.098357072	0.099234831	0.099346029	0.098274135	0.098247869
t#bar{t} csv_heavy down,	0.102336196	0.102378613	0.102598171	0.102527823	0.099757752	0.099776454	0.100890596	0.101058856	0.099299237	0.099330878	0.099678685	0.099287270	0.099726067	0.099689138	0.098363486	0.098357072	0.099315051	0.099346029	0.098034758	0.098247869
t#bar{t} csv_light down,	0.102532001	0.102378613	0.102333928	0.102527823	0.099849728	0.099776454	0.100872166	0.101058856	0.099146621	0.099330878	0.099804090	0.099287270	0.099788149	0.099689138	0.098465256	0.098357072	0.099268100	0.099346029	0.097939960	0.098247869
t#bar{t} tracking down,	0.102507684	0.102378613	0.102628839	0.102527823	0.099863319	0.099776454	0.100952202	0.101058856	0.099321297	0.099330878	0.099499354	0.099287270	0.099453463	0.099689138	0.098330366	0.098357072	0.099311693	0.099346029	0.098131783	0.098247869
t#bar{t} evtgen,	0.102440911	0.102378613	0.102795077	0.102527823	0.099585172	0.099776454	0.101336825	0.101058856	0.098938974	0.099330878	0.098680646	0.099287270	0.100141296	0.099689138	0.098773060	0.098357072	0.099452749	0.099346029	0.097855291	0.098247869
t#bar{t} m=171.5,	0.102679226	0.102378613	0.101899963	0.102527823	0.100019656	0.099776454	0.100874620	0.101058856	0.099358732	0.099330878	0.099686561	0.099287270	0.099101556	0.099689138	0.098438967	0.098357072	0.099692844	0.099346029	0.098247877	0.098247869
t#bar{t} m=173.5,	0.102147102	0.102378613	0.102320951	0.102527823	0.099433548	0.099776454	0.101138967	0.101058856	0.099267286	0.099330878	0.099196110	0.099287270	0.098577867	0.099689138	0.100561923	0.098357072	0.099501860	0.099346029	0.097854386	0.098247869
t#bar{t} Herwig++,	0.089553800	0.102378613	0.091189047	0.102527823	0.091590988	0.099776454	0.096601681	0.101058856	0.099254660	0.099330878	0.103186534	0.099287270	0.106118868	0.099689138	0.107088533	0.098357072	0.108425044	0.099346029	0.106990846	0.098247869
t#bar{t} isr up,	0.101977738	0.102378613	0.101610275	0.102527823	0.099693193	0.099776454	0.101031680	0.101058856	0.099364536	0.099330878	0.099536628	0.099287270	0.099734053	0.099689138	0.098769337	0.098357072	0.099843087	0.099346029	0.098439473	0.098247869
t#bar{t} isr dn,	0.102679486	0.102378613	0.102981098	0.102527823	0.099718686	0.099776454	0.101200978	0.101058856	0.099475224	0.099330878	0.099225685	0.099287270	0.099494965	0.099689138	0.098479505	0.098357072	0.099026763	0.099346029	0.097717610	0.098247869
t#bar{t} fsr up,	0.100782713	0.102378613	0.101380192	0.102527823	0.099520758	0.099776454	0.100641634	0.101058856	0.098760623	0.099330878	0.099129894	0.099287270	0.100046161	0.099689138	0.099371929	0.098357072	0.100345283	0.099346029	0.100020813	0.098247869
t#bar{t} fsr dn,	0.103407781	0.102378613	0.103366280	0.102527823	0.100200983	0.099776454	0.101141790	0.101058856	0.098731281	0.099330878	0.099233591	0.099287270	0.099526811	0.099689138	0.098127319	0.098357072	0.099145641	0.099346029	0.097118522	0.098247869
t#bar{t} hdamp up,	0.102052814	0.102378613	0.102624718	0.102527823	0.099341009	0.099776454	0.100511294	0.101058856	0.099381681	0.099330878	0.099211581	0.099287270	0.099870262	0.099689138	0.098759362	0.098357072	0.099893389	0.099346029	0.098353892	0.098247869
t#bar{t} hdamp dn,	0.102476813	0.102378613	0.103349122	0.102527823	0.099791729	0.099776454	0.100700471	0.101058856	0.099073143	0.099330878	0.098983039	0.099287270	0.099896593	0.099689138	0.098396108	0.098357072	0.099206925	0.099346029	0.098126056	0.098247869
t#bar{t} UEup,	0.102097375	0.102378613	0.102038883	0.102527823	0.099159465	0.099776454	0.101037614	0.101058856	0.099381580	0.099330878	0.099704372	0.099287270	0.099766562	0.099689138	0.098851421	0.098357072	0.099966980	0.099346029	0.097995750	0.098247869
t#bar{t} UEdn,	0.102112002	0.102378613	0.102454417	0.102527823	0.099573166	0.099776454	0.100569704	0.101058856	0.098921557	0.099330878	0.099059405	0.099287270	0.099651270	0.099689138	0.098739149	0.098357072	0.100459429	0.099346029	0.098459901	0.098247869
t#bar{t} ERDon,	0.097922627	0.102378613	0.098613060	0.102527823	0.097731534	0.099776454	0.100534188	0.101058856	0.099236290	0.099330878	0.100294585	0.099287270	0.101486132	0.099689138	0.101175760	0.098357072	0.102289157	0.099346029	0.100716667	0.098247869
t#bar{t} QCDbased,	0.092518071	0.102378613	0.093884616	0.102527823	0.094270713	0.099776454	0.098900293	0.101058856	0.099375608	0.099330878	0.101856727	0.099287270	0.103441281	0.099689138	0.104747130	0.098357072	0.106093991	0.099346029	0.104911570	0.098247869
t#bar{t} gluon move,	0.102951826	0.102378613	0.102749122	0.102527823	0.099972359	0.099776454	0.100911277	0.101058856	0.098666818	0.099330878	0.099882866	0.099287270	0.099294861	0.099689138	0.098390671	0.098357072	0.099662690	0.099346029	0.097517510	0.098247869
