t#bar{t},	0.065731403	0.064613515	0.092634505	0.094133372	0.096016846	0.091670958	0.091685085	0.091319695	0.085238886	0.089380973	0.078595588	0.077451679	0.070084322	0.068200727	0.062836300	0.062525558	0.055532243	0.055461502	0.048437740	0.050505358	0.043103546	0.043632555	0.037501173	0.037706781	0.032870832	0.032021719	0.028937334	0.027747162	0.025433376	0.026795723	0.021998164	0.023092969	0.019033599	0.019168818	0.016776104	0.016235712	0.014560768	0.013746858	0.012992187	0.014588367
t#bar{t} jec_CorrelationGroupMPFInSitu up,	0.064318173	0.064613515	0.095147210	0.094133372	0.091513074	0.091670958	0.090103300	0.091319695	0.088259236	0.089380973	0.076576117	0.077451679	0.069207043	0.068200727	0.062509472	0.062525558	0.055359916	0.055461502	0.050347301	0.050505358	0.043498530	0.043632555	0.038231199	0.037706781	0.033113641	0.032021719	0.027340182	0.027747162	0.027952984	0.026795723	0.022962861	0.023092969	0.018770170	0.019168818	0.016447295	0.016235712	0.013918469	0.013746858	0.014423825	0.014588367
t#bar{t} jec_RelativeFSR up,	0.064736671	0.064613515	0.093759759	0.094133372	0.091471352	0.091670958	0.091453905	0.091319695	0.088404110	0.089380973	0.077579017	0.077451679	0.068099922	0.068200727	0.062133802	0.062525558	0.055834807	0.055461502	0.051746933	0.050505358	0.043304067	0.043632555	0.037418405	0.037706781	0.032756559	0.032021719	0.027885823	0.027747162	0.026527832	0.026795723	0.023351055	0.023092969	0.019257998	0.019168818	0.016366887	0.016235712	0.013435968	0.013746858	0.014475129	0.014588367
t#bar{t} jec_CorrelationGroupUncorrelated up,	0.064809364	0.064613515	0.093430081	0.094133372	0.091270497	0.091670958	0.090463654	0.091319695	0.087989438	0.089380973	0.078322827	0.077451679	0.068557259	0.068200727	0.062462864	0.062525558	0.055119867	0.055461502	0.049127819	0.050505358	0.043424624	0.043632555	0.038674513	0.037706781	0.032970026	0.032021719	0.028149014	0.027747162	0.027727501	0.026795723	0.023882146	0.023092969	0.018853137	0.019168818	0.016599741	0.016235712	0.014027830	0.013746858	0.014137798	0.014588367
t#bar{t} jec_FlavorPureGluon up,	0.065385423	0.064613515	0.092904732	0.094133372	0.091376114	0.091670958	0.091497494	0.091319695	0.089376709	0.089380973	0.076871165	0.077451679	0.067907715	0.068200727	0.063423100	0.062525558	0.056071865	0.055461502	0.050492998	0.050505358	0.042390388	0.043632555	0.037841728	0.037706781	0.033040872	0.032021719	0.027253962	0.027747162	0.026514150	0.026795723	0.024148821	0.023092969	0.018487536	0.019168818	0.016477568	0.016235712	0.013934948	0.013746858	0.014602713	0.014588367
t#bar{t} jec_FlavorPureQuark up,	0.064616237	0.064613515	0.094625487	0.094133372	0.091253470	0.091670958	0.091308839	0.091319695	0.088750212	0.089380973	0.078257173	0.077451679	0.067604429	0.068200727	0.062437683	0.062525558	0.055427279	0.055461502	0.049961157	0.050505358	0.043364009	0.043632555	0.038480845	0.037706781	0.032231249	0.032021719	0.028406708	0.027747162	0.027711820	0.026795723	0.022730463	0.023092969	0.018672000	0.019168818	0.016309877	0.016235712	0.013842675	0.013746858	0.014008389	0.014588367
t#bar{t} jec_FlavorPureCharm up,	0.063814909	0.064613515	0.095340872	0.094133372	0.090892056	0.091670958	0.090211532	0.091319695	0.088809709	0.089380973	0.078240643	0.077451679	0.068152468	0.068200727	0.062679270	0.062525558	0.055689150	0.055461502	0.049968722	0.050505358	0.043707645	0.043632555	0.038733505	0.037706781	0.032155729	0.032021719	0.028211400	0.027747162	0.027334011	0.026795723	0.023144828	0.023092969	0.018448235	0.019168818	0.016648386	0.016235712	0.013674154	0.013746858	0.014142778	0.014588367
t#bar{t} jec_FlavorPureBottom up,	0.064404069	0.064613515	0.094366340	0.094133372	0.090993142	0.091670958	0.090647097	0.091319695	0.089218611	0.089380973	0.077566908	0.077451679	0.069552080	0.068200727	0.062332548	0.062525558	0.055301143	0.055461502	0.051052243	0.050505358	0.043066549	0.043632555	0.038019154	0.037706781	0.032610128	0.032021719	0.028321572	0.027747162	0.027223883	0.026795723	0.022621524	0.023092969	0.018588027	0.019168818	0.016221695	0.016235712	0.013470563	0.013746858	0.014422725	0.014588367
t#bar{t} jer up,	0.064681067	0.064613515	0.093286235	0.094133372	0.091147628	0.091670958	0.090430484	0.091319695	0.089778034	0.089380973	0.078418447	0.077451679	0.068622161	0.068200727	0.062552341	0.062525558	0.055775073	0.055461502	0.050711231	0.050505358	0.042481349	0.043632555	0.037941503	0.037706781	0.032746310	0.032021719	0.027602970	0.027747162	0.027883587	0.026795723	0.022920492	0.023092969	0.018451411	0.019168818	0.016297757	0.016235712	0.014113992	0.013746858	0.014157928	0.014588367
t#bar{t} btag_heavy up,	0.064220629	0.064613515	0.093750172	0.094133372	0.091469797	0.091670958	0.091835080	0.091319695	0.089105315	0.089380973	0.077434701	0.077451679	0.069257444	0.068200727	0.062544304	0.062525558	0.055400634	0.055461502	0.049935899	0.050505358	0.043335232	0.043632555	0.037198563	0.037706781	0.032908949	0.032021719	0.027572300	0.027747162	0.027096479	0.026795723	0.023248830	0.023092969	0.018821341	0.019168818	0.016731923	0.016235712	0.013618880	0.013746858	0.014513529	0.014588367
t#bar{t} btag_light up,	0.065110238	0.064613515	0.093462417	0.094133372	0.092158800	0.091670958	0.091877967	0.091319695	0.087696982	0.089380973	0.077201195	0.077451679	0.068291278	0.068200727	0.063024475	0.062525558	0.055386597	0.055461502	0.050806513	0.050505358	0.043678111	0.043632555	0.037584101	0.037706781	0.032595866	0.032021719	0.028513481	0.027747162	0.027284669	0.026795723	0.022889930	0.023092969	0.018352917	0.019168818	0.016126065	0.016235712	0.013857969	0.013746858	0.014100428	0.014588367
t#bar{t} csv_heavy up,	0.065063719	0.064613515	0.093515908	0.094133372	0.091694260	0.091670958	0.089539387	0.091319695	0.088568278	0.089380973	0.079719064	0.077451679	0.068746765	0.068200727	0.063269480	0.062525558	0.055425805	0.055461502	0.050082568	0.050505358	0.043328432	0.043632555	0.038295628	0.037706781	0.032997399	0.032021719	0.026896516	0.027747162	0.027089614	0.026795723	0.023143721	0.023092969	0.018537942	0.019168818	0.016361199	0.016235712	0.013674310	0.013746858	0.014050005	0.014588367
t#bar{t} csv_light up,	0.064384919	0.064613515	0.094068700	0.094133372	0.091709249	0.091670958	0.091040061	0.091319695	0.088854534	0.089380973	0.077063192	0.077451679	0.067113768	0.068200727	0.063149113	0.062525558	0.055775294	0.055461502	0.050544186	0.050505358	0.043546543	0.043632555	0.037495691	0.037706781	0.032934569	0.032021719	0.027923486	0.027747162	0.027655830	0.026795723	0.022984141	0.023092969	0.019213935	0.019168818	0.016437167	0.016235712	0.013894402	0.013746858	0.014211220	0.014588367
t#bar{t} tracking up,	0.065116309	0.064613515	0.094769010	0.094133372	0.092177240	0.091670958	0.089972935	0.091319695	0.089121257	0.089380973	0.077754392	0.077451679	0.069067953	0.068200727	0.062601499	0.062525558	0.054642921	0.055461502	0.050053778	0.050505358	0.042530356	0.043632555	0.038028808	0.037706781	0.033163326	0.032021719	0.028053659	0.027747162	0.027351254	0.026795723	0.022440767	0.023092969	0.018942915	0.019168818	0.016324954	0.016235712	0.013589473	0.013746858	0.014297195	0.014588367
t#bar{t} jec_CorrelationGroupMPFInSitu down,	0.064740519	0.064613515	0.094196659	0.094133372	0.090649318	0.091670958	0.091426356	0.091319695	0.090801568	0.089380973	0.077407626	0.077451679	0.067862487	0.068200727	0.062503982	0.062525558	0.055541211	0.055461502	0.050399736	0.050505358	0.043522339	0.043632555	0.037893205	0.037706781	0.032131645	0.032021719	0.028041505	0.027747162	0.027134936	0.026795723	0.022980103	0.023092969	0.018290178	0.019168818	0.016625438	0.016235712	0.013636006	0.013746858	0.014215184	0.014588367
t#bar{t} jec_RelativeFSR down,	0.064049906	0.064613515	0.094698877	0.094133372	0.091156892	0.091670958	0.091687722	0.091319695	0.088731588	0.089380973	0.076809232	0.077451679	0.068976724	0.068200727	0.063256811	0.062525558	0.054738986	0.055461502	0.050321499	0.050505358	0.043395412	0.043632555	0.037856956	0.037706781	0.032903249	0.032021719	0.027680460	0.027747162	0.027685709	0.026795723	0.022999262	0.023092969	0.018730976	0.019168818	0.016160594	0.016235712	0.013877167	0.013746858	0.014281980	0.014588367
t#bar{t} jec_CorrelationGroupUncorrelated down,	0.065357138	0.064613515	0.093652520	0.094133372	0.091819638	0.091670958	0.091114628	0.091319695	0.089061284	0.089380973	0.077386914	0.077451679	0.068231930	0.068200727	0.063290131	0.062525558	0.055196535	0.055461502	0.050516200	0.050505358	0.043118288	0.043632555	0.037571264	0.037706781	0.032179114	0.032021719	0.027981368	0.027747162	0.027149577	0.026795723	0.023171634	0.023092969	0.018429142	0.019168818	0.017248470	0.016235712	0.013605589	0.013746858	0.013918635	0.014588367
t#bar{t} jec_FlavorPureGluon down,	0.064947110	0.064613515	0.093947819	0.094133372	0.092326999	0.091670958	0.091512888	0.091319695	0.087676820	0.089380973	0.078697662	0.077451679	0.069117848	0.068200727	0.062397173	0.062525558	0.054980872	0.055461502	0.050950681	0.050505358	0.043294562	0.043632555	0.038072832	0.037706781	0.032587174	0.032021719	0.027755695	0.027747162	0.026748059	0.026795723	0.022990791	0.023092969	0.018498348	0.019168818	0.016395006	0.016235712	0.013438078	0.013746858	0.013663581	0.014588367
t#bar{t} jec_FlavorPureQuark down,	0.065130322	0.064613515	0.094171086	0.094133372	0.091212549	0.091670958	0.090796856	0.091319695	0.088657552	0.089380973	0.076970573	0.077451679	0.068917971	0.068200727	0.062853551	0.062525558	0.055912554	0.055461502	0.049984136	0.050505358	0.042439514	0.043632555	0.038025517	0.037706781	0.032887989	0.032021719	0.027958077	0.027747162	0.027486475	0.026795723	0.022537870	0.023092969	0.019368669	0.019168818	0.016605744	0.016235712	0.013963220	0.013746858	0.014119778	0.014588367
t#bar{t} jec_FlavorPureCharm down,	0.065255969	0.064613515	0.093843051	0.094133372	0.090704591	0.091670958	0.089748810	0.091319695	0.090116269	0.089380973	0.077684593	0.077451679	0.068241589	0.068200727	0.062874513	0.062525558	0.055547799	0.055461502	0.049969203	0.050505358	0.043612727	0.043632555	0.038552657	0.037706781	0.032600980	0.032021719	0.027955138	0.027747162	0.026996644	0.026795723	0.023187340	0.023092969	0.018911373	0.019168818	0.016465484	0.016235712	0.013336736	0.013746858	0.014394534	0.014588367
t#bar{t} jec_FlavorPureBottom down,	0.063689926	0.064613515	0.094022554	0.094133372	0.091836181	0.091670958	0.091156283	0.091319695	0.089254761	0.089380973	0.079024222	0.077451679	0.068658962	0.068200727	0.062568964	0.062525558	0.054848256	0.055461502	0.050187851	0.050505358	0.044271110	0.043632555	0.038053416	0.037706781	0.032367973	0.032021719	0.027432408	0.027747162	0.027190157	0.026795723	0.023039111	0.023092969	0.018794672	0.019168818	0.016372808	0.016235712	0.013673809	0.013746858	0.013556577	0.014588367
t#bar{t} jer down,	0.064162314	0.064613515	0.092578548	0.094133372	0.092035991	0.091670958	0.090070222	0.091319695	0.088533502	0.089380973	0.076669072	0.077451679	0.069786233	0.068200727	0.062008854	0.062525558	0.055958868	0.055461502	0.050928035	0.050505358	0.043691455	0.043632555	0.038278458	0.037706781	0.032560206	0.032021719	0.028477399	0.027747162	0.028070782	0.026795723	0.022956565	0.023092969	0.018603943	0.019168818	0.016884889	0.016235712	0.013887262	0.013746858	0.013857401	0.014588367
t#bar{t} btag_heavy down,	0.064748502	0.064613515	0.094119531	0.094133372	0.091213582	0.091670958	0.089995651	0.091319695	0.088364711	0.089380973	0.078328684	0.077451679	0.067998693	0.068200727	0.062805181	0.062525558	0.056192697	0.055461502	0.049783929	0.050505358	0.043402090	0.043632555	0.039641342	0.037706781	0.032315616	0.032021719	0.028929104	0.027747162	0.027219180	0.026795723	0.023367808	0.023092969	0.018911184	0.019168818	0.016011554	0.016235712	0.012974316	0.013746858	0.013676645	0.014588367
t#bar{t} btag_light down,	0.064829875	0.064613515	0.095081988	0.094133372	0.092105440	0.091670958	0.090588919	0.091319695	0.089850823	0.089380973	0.077714714	0.077451679	0.067916223	0.068200727	0.061749478	0.062525558	0.055661248	0.055461502	0.050433714	0.050505358	0.043014175	0.043632555	0.037837955	0.037706781	0.032529419	0.032021719	0.027707935	0.027747162	0.027619380	0.026795723	0.022779450	0.023092969	0.018727029	0.019168818	0.016549074	0.016235712	0.013559390	0.013746858	0.013743771	0.014588367
t#bar{t} csv_heavy down,	0.065001885	0.064613515	0.093781552	0.094133372	0.091625076	0.091670958	0.090431083	0.091319695	0.089717610	0.089380973	0.076818324	0.077451679	0.068281000	0.068200727	0.062598305	0.062525558	0.054982496	0.055461502	0.050171513	0.050505358	0.044405051	0.043632555	0.038033947	0.037706781	0.032505892	0.032021719	0.028318178	0.027747162	0.027056158	0.026795723	0.023094178	0.023092969	0.018974843	0.019168818	0.016565287	0.016235712	0.013903367	0.013746858	0.013734256	0.014588367
t#bar{t} csv_light down,	0.064783460	0.064613515	0.093497065	0.094133372	0.092145298	0.091670958	0.090419685	0.091319695	0.088577348	0.089380973	0.078136622	0.077451679	0.068053340	0.068200727	0.062498269	0.062525558	0.055986501	0.055461502	0.050504285	0.050505358	0.043170949	0.043632555	0.037424208	0.037706781	0.033219018	0.032021719	0.028281928	0.027747162	0.027558900	0.026795723	0.023585343	0.023092969	0.018377030	0.019168818	0.016304498	0.016235712	0.013298402	0.013746858	0.014177849	0.014588367
t#bar{t} tracking down,	0.065082976	0.064613515	0.093919284	0.094133372	0.091714599	0.091670958	0.090814962	0.091319695	0.089213499	0.089380973	0.077502388	0.077451679	0.067873479	0.068200727	0.062432047	0.062525558	0.055984010	0.055461502	0.050175362	0.050505358	0.043289420	0.043632555	0.038480764	0.037706781	0.032760496	0.032021719	0.027660566	0.027747162	0.027536183	0.026795723	0.022902395	0.023092969	0.018782596	0.019168818	0.016414432	0.016235712	0.013384737	0.013746858	0.014075806	0.014588367
t#bar{t} evtgen,	0.065093400	0.064613515	0.093835291	0.094133372	0.089797761	0.091670958	0.091196953	0.091319695	0.090801047	0.089380973	0.075920168	0.077451679	0.068478692	0.068200727	0.063406657	0.062525558	0.056798124	0.055461502	0.050173423	0.050505358	0.043716804	0.043632555	0.037500962	0.037706781	0.032720545	0.032021719	0.028265226	0.027747162	0.025799965	0.026795723	0.022995434	0.023092969	0.019450152	0.019168818	0.016809558	0.016235712	0.012814703	0.013746858	0.014425133	0.014588367
t#bar{t} m=171.5,	0.064812867	0.064613515	0.091781589	0.094133372	0.091625832	0.091670958	0.092843470	0.091319695	0.089580094	0.089380973	0.078126663	0.077451679	0.068051411	0.068200727	0.061467439	0.062525558	0.055197888	0.055461502	0.050737360	0.050505358	0.044195745	0.043632555	0.039096776	0.037706781	0.031390778	0.032021719	0.030026126	0.027747162	0.026575332	0.026795723	0.021814778	0.023092969	0.019502084	0.019168818	0.015124305	0.016235712	0.014495513	0.013746858	0.013553949	0.014588367
t#bar{t} m=173.5,	0.064918815	0.064613515	0.094326233	0.094133372	0.090363717	0.091670958	0.088975320	0.091319695	0.089969412	0.089380973	0.077366712	0.077451679	0.066343445	0.068200727	0.062041204	0.062525558	0.056601276	0.055461502	0.051003554	0.050505358	0.043826587	0.043632555	0.039162974	0.037706781	0.034218793	0.032021719	0.026672009	0.027747162	0.025884124	0.026795723	0.023297348	0.023092969	0.019278017	0.019168818	0.016458235	0.016235712	0.014038109	0.013746858	0.015254116	0.014588367
t#bar{t} Herwig++,	0.079658513	0.064613515	0.104017194	0.094133372	0.095623828	0.091670958	0.090300217	0.091319695	0.087706387	0.089380973	0.074236006	0.077451679	0.065085241	0.068200727	0.059744031	0.062525558	0.051388002	0.055461502	0.047792083	0.050505358	0.042259364	0.043632555	0.035864213	0.037706781	0.031144778	0.032021719	0.027082069	0.027747162	0.024559787	0.026795723	0.022007830	0.023092969	0.019240224	0.019168818	0.015198976	0.016235712	0.012979930	0.013746858	0.014111328	0.014588367
t#bar{t} isr up,	0.063122242	0.064613515	0.093735001	0.094133372	0.089847842	0.091670958	0.091497446	0.091319695	0.089120121	0.089380973	0.076913269	0.077451679	0.068911486	0.068200727	0.061954280	0.062525558	0.055985580	0.055461502	0.051631065	0.050505358	0.043462996	0.043632555	0.037378160	0.037706781	0.032138627	0.032021719	0.028023851	0.027747162	0.026743159	0.026795723	0.023165218	0.023092969	0.019951953	0.019168818	0.017095872	0.016235712	0.014194249	0.013746858	0.015127582	0.014588367
t#bar{t} isr dn,	0.065249914	0.064613515	0.093693775	0.094133372	0.092099641	0.091670958	0.089637129	0.091319695	0.088912258	0.089380973	0.077132481	0.077451679	0.070292936	0.068200727	0.063118057	0.062525558	0.055479421	0.055461502	0.051204104	0.050505358	0.043624181	0.043632555	0.036898318	0.037706781	0.031778239	0.032021719	0.027562666	0.027747162	0.026781932	0.026795723	0.022020172	0.023092969	0.019610579	0.019168818	0.015913746	0.016235712	0.014209713	0.013746858	0.014780740	0.014588367
t#bar{t} fsr up,	0.050466062	0.064613515	0.079593237	0.094133372	0.082288053	0.091670958	0.087360221	0.091319695	0.087197825	0.089380973	0.076909733	0.077451679	0.070044954	0.068200727	0.064251078	0.062525558	0.059884440	0.055461502	0.054870613	0.050505358	0.048391078	0.043632555	0.040772910	0.037706781	0.036463501	0.032021719	0.030633491	0.027747162	0.030580340	0.026795723	0.027035527	0.023092969	0.021854685	0.019168818	0.018236504	0.016235712	0.016092354	0.013746858	0.017073396	0.014588367
t#bar{t} fsr dn,	0.076012761	0.064613515	0.105387127	0.094133372	0.098577190	0.091670958	0.094200055	0.091319695	0.089539688	0.089380973	0.072960190	0.077451679	0.067774741	0.068200727	0.060914404	0.062525558	0.052241258	0.055461502	0.048157525	0.050505358	0.040293482	0.043632555	0.035227930	0.037706781	0.030686987	0.032021719	0.025516057	0.027747162	0.024275477	0.026795723	0.021348214	0.023092969	0.017405266	0.019168818	0.014309765	0.016235712	0.012777085	0.013746858	0.012394797	0.014588367
t#bar{t} hdamp up,	0.063127982	0.064613515	0.093342346	0.094133372	0.089630935	0.091670958	0.090470729	0.091319695	0.090524583	0.089380973	0.077681732	0.077451679	0.068858472	0.068200727	0.062661551	0.062525558	0.054926248	0.055461502	0.051169281	0.050505358	0.043899425	0.043632555	0.037939720	0.037706781	0.032239218	0.032021719	0.027295010	0.027747162	0.026576230	0.026795723	0.023154071	0.023092969	0.019894294	0.019168818	0.016957575	0.016235712	0.014548203	0.013746858	0.015102396	0.014588367
t#bar{t} hdamp dn,	0.064655837	0.064613515	0.095107440	0.094133372	0.090951148	0.091670958	0.092583232	0.091319695	0.087619794	0.089380973	0.077536721	0.077451679	0.067503815	0.068200727	0.064523729	0.062525558	0.056448819	0.055461502	0.051575989	0.050505358	0.043289345	0.043632555	0.036788731	0.037706781	0.031321043	0.032021719	0.027709806	0.027747162	0.026323088	0.026795723	0.022642632	0.023092969	0.019174789	0.019168818	0.015952986	0.016235712	0.013534955	0.013746858	0.014756102	0.014588367
t#bar{t} UEup,	0.064231908	0.064613515	0.093475125	0.094133372	0.092203456	0.091670958	0.091329863	0.091319695	0.090036783	0.089380973	0.076636997	0.077451679	0.066640540	0.068200727	0.062917218	0.062525558	0.055626070	0.055461502	0.050781155	0.050505358	0.043751951	0.043632555	0.038208200	0.037706781	0.032261195	0.032021719	0.027294621	0.027747162	0.026761214	0.026795723	0.023786272	0.023092969	0.019572164	0.019168818	0.016966132	0.016235712	0.013567769	0.013746858	0.013951368	0.014588367
t#bar{t} UEdn,	0.063856517	0.064613515	0.094558677	0.094133372	0.092514552	0.091670958	0.091995885	0.091319695	0.089141342	0.089380973	0.079379717	0.077451679	0.067563513	0.068200727	0.062929148	0.062525558	0.054913477	0.055461502	0.048947936	0.050505358	0.042958023	0.043632555	0.037455972	0.037706781	0.032434287	0.032021719	0.027286728	0.027747162	0.025999035	0.026795723	0.023041711	0.023092969	0.019542334	0.019168818	0.017163527	0.016235712	0.013644439	0.013746858	0.014673180	0.014588367
t#bar{t} pileup up,	0.064892096	0.064613515	0.094540494	0.094133372	0.091674899	0.091670958	0.090721485	0.091319695	0.089535980	0.089380973	0.077750128	0.077451679	0.067896723	0.068200727	0.062565837	0.062525558	0.055707372	0.055461502	0.050429045	0.050505358	0.043863163	0.043632555	0.038029992	0.037706781	0.031772030	0.032021719	0.027661222	0.027747162	0.026795627	0.026795723	0.023022577	0.023092969	0.019008429	0.019168818	0.016137120	0.016235712	0.013405031	0.013746858	0.014590749	0.014588367
t#bar{t} pileup down,	0.064380098	0.064613515	0.093768091	0.094133372	0.091655855	0.091670958	0.091953539	0.091319695	0.089286107	0.089380973	0.077193746	0.077451679	0.068461461	0.068200727	0.062488023	0.062525558	0.055336397	0.055461502	0.050549862	0.050505358	0.043408150	0.043632555	0.037337620	0.037706781	0.032180513	0.032021719	0.027786522	0.027747162	0.026735514	0.026795723	0.023175279	0.023092969	0.019269115	0.019168818	0.016382592	0.016235712	0.014042967	0.013746858	0.014608547	0.014588367
t#bar{t} trig efficiency correction up,	0.064639112	0.064613515	0.093514448	0.094133372	0.091911141	0.091670958	0.091138351	0.091319695	0.089384487	0.089380973	0.077154786	0.077451679	0.068818943	0.068200727	0.061420732	0.062525558	0.055486476	0.055461502	0.050055767	0.050505358	0.043753960	0.043632555	0.037814200	0.037706781	0.032093746	0.032021719	0.027848330	0.027747162	0.027168245	0.026795723	0.023394401	0.023092969	0.019041728	0.019168818	0.016710494	0.016235712	0.014092065	0.013746858	0.014558588	0.014588367
t#bar{t} trig efficiency correction down,	0.064643500	0.064613515	0.093557503	0.094133372	0.091913409	0.091670958	0.091145178	0.091319695	0.089376585	0.089380973	0.077169841	0.077451679	0.068829358	0.068200727	0.061422503	0.062525558	0.055468611	0.055461502	0.050057064	0.050505358	0.043755335	0.043632555	0.037807000	0.037706781	0.032079667	0.032021719	0.027849410	0.027747162	0.027153489	0.026795723	0.023387259	0.023092969	0.019044086	0.019168818	0.016697075	0.016235712	0.014087002	0.013746858	0.014556126	0.014588367
t#bar{t} sel efficiency correction up,	0.064648518	0.064613515	0.093511324	0.094133372	0.091928616	0.091670958	0.091136686	0.091319695	0.089390727	0.089380973	0.077161564	0.077451679	0.068808140	0.068200727	0.061417003	0.062525558	0.055479064	0.055461502	0.050057820	0.050505358	0.043757844	0.043632555	0.037805900	0.037706781	0.032082482	0.032021719	0.027857662	0.027747162	0.027171785	0.026795723	0.023390616	0.023092969	0.019038650	0.019168818	0.016703275	0.016235712	0.014092409	0.013746858	0.014559915	0.014588367
t#bar{t} sel efficiency correction down,	0.064633961	0.064613515	0.093560761	0.094133372	0.091895698	0.091670958	0.091146882	0.091319695	0.089370243	0.089380973	0.077163000	0.077451679	0.068840341	0.068200727	0.061426288	0.062525558	0.055476089	0.055461502	0.050054987	0.050505358	0.043751400	0.043632555	0.037815399	0.037706781	0.032091054	0.032021719	0.027839951	0.027747162	0.027149868	0.026795723	0.023391081	0.023092969	0.019047212	0.019168818	0.016704367	0.016235712	0.014086643	0.013746858	0.014554775	0.014588367
t#bar{t} b fragmentation up,	0.064278621	0.064613515	0.092653816	0.094133372	0.091570526	0.091670958	0.091632019	0.091319695	0.089289910	0.089380973	0.077460815	0.077451679	0.068589198	0.068200727	0.061432002	0.062525558	0.055653063	0.055461502	0.049626828	0.050505358	0.043915394	0.043632555	0.038223359	0.037706781	0.032234879	0.032021719	0.027658538	0.027747162	0.027057601	0.026795723	0.023862463	0.023092969	0.018945417	0.019168818	0.016940760	0.016235712	0.014250021	0.013746858	0.014724770	0.014588367
t#bar{t} b fragmentation down,	0.064863908	0.064613515	0.093914535	0.094133372	0.092182834	0.091670958	0.090983402	0.091319695	0.089222443	0.089380973	0.077023966	0.077451679	0.068847433	0.068200727	0.061433514	0.062525558	0.055381776	0.055461502	0.050308939	0.050505358	0.043715535	0.043632555	0.037634620	0.037706781	0.032034132	0.032021719	0.028023467	0.027747162	0.027180179	0.026795723	0.023164429	0.023092969	0.019070993	0.019168818	0.016570996	0.016235712	0.013978237	0.013746858	0.014464663	0.014588367
t#bar{t} Peterson Frag,	0.064535784	0.064613515	0.093097180	0.094133372	0.091591846	0.091670958	0.091251894	0.091319695	0.089037556	0.089380973	0.076943177	0.077451679	0.068891848	0.068200727	0.061882188	0.062525558	0.055501656	0.055461502	0.049910689	0.050505358	0.043756063	0.043632555	0.038090650	0.037706781	0.032176702	0.032021719	0.028156269	0.027747162	0.027183672	0.026795723	0.023463638	0.023092969	0.018905186	0.019168818	0.016790865	0.016235712	0.014110195	0.013746858	0.014722941	0.014588367
t#bar{t} semilep BR up,	0.064643081	0.064613515	0.093556672	0.094133372	0.091922757	0.091670958	0.091109252	0.091319695	0.089387443	0.089380973	0.077144813	0.077451679	0.068814625	0.068200727	0.061466466	0.062525558	0.055476436	0.055461502	0.050049550	0.050505358	0.043721566	0.043632555	0.037819362	0.037706781	0.032109151	0.032021719	0.027857528	0.027747162	0.027151202	0.026795723	0.023371966	0.023092969	0.019034144	0.019168818	0.016694727	0.016235712	0.014087225	0.013746858	0.014582035	0.014588367
t#bar{t} semilep BR down,	0.064654430	0.064613515	0.093524254	0.094133372	0.091897182	0.091670958	0.091151311	0.091319695	0.089385497	0.089380973	0.077176243	0.077451679	0.068816412	0.068200727	0.061421883	0.062525558	0.055482252	0.055461502	0.050050426	0.050505358	0.043747734	0.043632555	0.037810121	0.037706781	0.032080070	0.032021719	0.027853006	0.027747162	0.027159649	0.026795723	0.023395844	0.023092969	0.019048618	0.019168818	0.016709186	0.016235712	0.014081665	0.013746858	0.014554217	0.014588367
t#bar{t} ERDon,	0.062417004	0.064613515	0.094356160	0.094133372	0.089837512	0.091670958	0.089515499	0.091319695	0.089555035	0.089380973	0.076829822	0.077451679	0.067379153	0.068200727	0.063707980	0.062525558	0.055474255	0.055461502	0.050916565	0.050505358	0.043448155	0.043632555	0.038897243	0.037706781	0.032811882	0.032021719	0.028565714	0.027747162	0.026467339	0.026795723	0.023082013	0.023092969	0.020361049	0.019168818	0.016921345	0.016235712	0.014363535	0.013746858	0.015092742	0.014588367
t#bar{t} QCDbased,	0.067240758	0.064613515	0.095229762	0.094133372	0.091266754	0.091670958	0.092198958	0.091319695	0.087940305	0.089380973	0.076131109	0.077451679	0.068386515	0.068200727	0.061645724	0.062525558	0.056671573	0.055461502	0.049678295	0.050505358	0.042175687	0.043632555	0.036917629	0.037706781	0.032127361	0.032021719	0.028091925	0.027747162	0.026753681	0.026795723	0.022857604	0.023092969	0.020013611	0.019168818	0.016193913	0.016235712	0.013401632	0.013746858	0.015077204	0.014588367
t#bar{t} gluon move,	0.064341127	0.064613515	0.095733118	0.094133372	0.090778349	0.091670958	0.091494283	0.091319695	0.088904427	0.089380973	0.076890840	0.077451679	0.067008072	0.068200727	0.062979941	0.062525558	0.055496702	0.055461502	0.050333795	0.050505358	0.043659410	0.043632555	0.038690252	0.037706781	0.032362627	0.032021719	0.027300394	0.027747162	0.026538275	0.026795723	0.022658509	0.023092969	0.020006472	0.019168818	0.016584962	0.016235712	0.013625176	0.013746858	0.014613269	0.014588367
