t#bar{t},	0.381995465	0.381398585	0.360203991	0.362154095	0.168969867	0.167257622	0.063788966	0.065702684	0.020059225	0.018540059	0.004982487	0.004946954
t#bar{t} jec_CorrelationGroupMPFInSitu up,	0.380041229	0.381398585	0.362650398	0.362154095	0.168436494	0.167257622	0.065183064	0.065702684	0.019005486	0.018540059	0.004683328	0.004946954
t#bar{t} jec_RelativeFSR up,	0.380774262	0.381398585	0.362074654	0.362154095	0.168089595	0.167257622	0.065589240	0.065702684	0.018589296	0.018540059	0.004882952	0.004946954
t#bar{t} jec_CorrelationGroupUncorrelated up,	0.378436285	0.381398585	0.362733582	0.362154095	0.169160462	0.167257622	0.066023268	0.065702684	0.018672468	0.018540059	0.004973935	0.004946954
t#bar{t} jec_FlavorPureGluon up,	0.379423715	0.381398585	0.362510364	0.362154095	0.168697451	0.167257622	0.065799137	0.065702684	0.018910941	0.018540059	0.004658392	0.004946954
t#bar{t} jec_FlavorPureQuark up,	0.379661071	0.381398585	0.362672034	0.362154095	0.168285946	0.167257622	0.065316915	0.065702684	0.019240634	0.018540059	0.004823400	0.004946954
t#bar{t} jec_FlavorPureCharm up,	0.380480135	0.381398585	0.361955781	0.362154095	0.168860234	0.167257622	0.065367227	0.065702684	0.018701364	0.018540059	0.004635259	0.004946954
t#bar{t} jec_FlavorPureBottom up,	0.382546292	0.381398585	0.359700853	0.362154095	0.168566494	0.167257622	0.065980061	0.065702684	0.018633170	0.018540059	0.004573130	0.004946954
t#bar{t} jer up,	0.380028577	0.381398585	0.361587550	0.362154095	0.169424025	0.167257622	0.065818423	0.065702684	0.018424539	0.018540059	0.004716886	0.004946954
t#bar{t} btag_heavy up,	0.381386402	0.381398585	0.360910660	0.362154095	0.168634446	0.167257622	0.065414905	0.065702684	0.018799375	0.018540059	0.004854212	0.004946954
t#bar{t} btag_light up,	0.379519912	0.381398585	0.363829540	0.362154095	0.168056250	0.167257622	0.064673607	0.065702684	0.019056125	0.018540059	0.004864566	0.004946954
t#bar{t} csv_heavy up,	0.380923376	0.381398585	0.361023702	0.362154095	0.169051763	0.167257622	0.065317074	0.065702684	0.018972086	0.018540059	0.004712000	0.004946954
t#bar{t} csv_light up,	0.378898506	0.381398585	0.362988499	0.362154095	0.168504591	0.167257622	0.065661232	0.065702684	0.019055812	0.018540059	0.004891361	0.004946954
t#bar{t} tracking up,	0.381255563	0.381398585	0.361444292	0.362154095	0.168207629	0.167257622	0.065653796	0.065702684	0.018722398	0.018540059	0.004716322	0.004946954
t#bar{t} jec_CorrelationGroupMPFInSitu down,	0.380398709	0.381398585	0.362005091	0.362154095	0.168654496	0.167257622	0.065381761	0.065702684	0.018660781	0.018540059	0.004899163	0.004946954
t#bar{t} jec_RelativeFSR down,	0.380869133	0.381398585	0.362142563	0.362154095	0.168085753	0.167257622	0.065036874	0.065702684	0.019190804	0.018540059	0.004674873	0.004946954
t#bar{t} jec_CorrelationGroupUncorrelated down,	0.381709644	0.381398585	0.361575870	0.362154095	0.167797229	0.167257622	0.065753017	0.065702684	0.018637050	0.018540059	0.004527189	0.004946954
t#bar{t} jec_FlavorPureGluon down,	0.380088719	0.381398585	0.361812627	0.362154095	0.168890215	0.167257622	0.065707897	0.065702684	0.018850134	0.018540059	0.004650408	0.004946954
t#bar{t} jec_FlavorPureQuark down,	0.380515080	0.381398585	0.362755601	0.362154095	0.167698746	0.167257622	0.065892052	0.065702684	0.018717604	0.018540059	0.004420918	0.004946954
t#bar{t} jec_FlavorPureCharm down,	0.380717422	0.381398585	0.362041326	0.362154095	0.167481578	0.167257622	0.066169374	0.065702684	0.018980573	0.018540059	0.004609728	0.004946954
t#bar{t} jec_FlavorPureBottom down,	0.380179367	0.381398585	0.362564085	0.362154095	0.167948008	0.167257622	0.065950500	0.065702684	0.018877854	0.018540059	0.004480187	0.004946954
t#bar{t} jer down,	0.381675954	0.381398585	0.361291466	0.362154095	0.168169650	0.167257622	0.065592052	0.065702684	0.018432625	0.018540059	0.004838254	0.004946954
t#bar{t} btag_heavy down,	0.380596396	0.381398585	0.362802872	0.362154095	0.168681425	0.167257622	0.064616554	0.065702684	0.018385302	0.018540059	0.004917450	0.004946954
t#bar{t} btag_light down,	0.379769731	0.381398585	0.362803352	0.362154095	0.168897360	0.167257622	0.064751834	0.065702684	0.019068739	0.018540059	0.004708984	0.004946954
t#bar{t} csv_heavy down,	0.378694311	0.381398585	0.363384872	0.362154095	0.169466656	0.167257622	0.064317963	0.065702684	0.019424735	0.018540059	0.004711463	0.004946954
t#bar{t} csv_light down,	0.380520832	0.381398585	0.361833306	0.362154095	0.168565492	0.167257622	0.065333982	0.065702684	0.019051068	0.018540059	0.004695320	0.004946954
t#bar{t} tracking down,	0.381282455	0.381398585	0.361746699	0.362154095	0.168599375	0.167257622	0.064994579	0.065702684	0.018566224	0.018540059	0.004810667	0.004946954
t#bar{t} evtgen,	0.375382439	0.381398585	0.369774788	0.362154095	0.166186362	0.167257622	0.066432439	0.065702684	0.017405798	0.018540059	0.004818174	0.004946954
t#bar{t} m=171.5,	0.382319006	0.381398585	0.362083370	0.362154095	0.166127005	0.167257622	0.066229412	0.065702684	0.018481593	0.018540059	0.004759614	0.004946954
t#bar{t} m=173.5,	0.383038949	0.381398585	0.362769031	0.362154095	0.167028535	0.167257622	0.065611983	0.065702684	0.017055657	0.018540059	0.004495846	0.004946954
t#bar{t} Herwig++,	0.378945502	0.381398585	0.356538223	0.362154095	0.170360915	0.167257622	0.069469829	0.065702684	0.019371735	0.018540059	0.005313795	0.004946954
t#bar{t} isr up,	0.377513989	0.381398585	0.364444248	0.362154095	0.168706179	0.167257622	0.066159441	0.065702684	0.018198049	0.018540059	0.004978094	0.004946954
t#bar{t} isr dn,	0.379294676	0.381398585	0.363498698	0.362154095	0.167943200	0.167257622	0.065618997	0.065702684	0.018702937	0.018540059	0.004941492	0.004946954
t#bar{t} fsr up,	0.357208742	0.381398585	0.367530984	0.362154095	0.178915413	0.167257622	0.071309899	0.065702684	0.019559603	0.018540059	0.005475359	0.004946954
t#bar{t} fsr dn,	0.397046567	0.381398585	0.360229393	0.362154095	0.158884332	0.167257622	0.061354615	0.065702684	0.017754344	0.018540059	0.004730749	0.004946954
t#bar{t} hdamp up,	0.380608116	0.381398585	0.359685882	0.362154095	0.169978355	0.167257622	0.065937718	0.065702684	0.018831102	0.018540059	0.004958828	0.004946954
t#bar{t} hdamp dn,	0.383224943	0.381398585	0.362495583	0.362154095	0.165672078	0.167257622	0.065607631	0.065702684	0.018021910	0.018540059	0.004977855	0.004946954
t#bar{t} UEup,	0.378539821	0.381398585	0.363381849	0.362154095	0.170354366	0.167257622	0.064405243	0.065702684	0.018138950	0.018540059	0.005179772	0.004946954
t#bar{t} UEdn,	0.380606938	0.381398585	0.362873180	0.362154095	0.167926591	0.167257622	0.066162586	0.065702684	0.017544527	0.018540059	0.004886179	0.004946954
t#bar{t} ERDon,	0.379648705	0.381398585	0.361487902	0.362154095	0.169989935	0.167257622	0.065844766	0.065702684	0.018183579	0.018540059	0.004845113	0.004946954
t#bar{t} QCDbased,	0.383846854	0.381398585	0.361455050	0.362154095	0.166410874	0.167257622	0.065425874	0.065702684	0.018014586	0.018540059	0.004846761	0.004946954
t#bar{t} gluon move,	0.381834503	0.381398585	0.361914224	0.362154095	0.166968778	0.167257622	0.066148242	0.065702684	0.017994099	0.018540059	0.005140154	0.004946954
