t#bar{t} pileup up,	0.063376699	0.063315400	0.061820621	0.061673748	0.061124350	0.060900752	0.059099833	0.059003079	0.056042672	0.055921181	0.054851057	0.054796193	0.052335802	0.052381392	0.050569786	0.050554956	0.048743536	0.048778111	0.047553065	0.047729998	0.046130085	0.046108489	0.045326269	0.045373411	0.044615606	0.044642485	0.044373463	0.044518117	0.043587027	0.043594212	0.043935573	0.043929308	0.044075475	0.044224052	0.043885877	0.043974650	0.044654486	0.044643875	0.043898718	0.043936592
t#bar{t} pileup down,	0.063268552	0.063315400	0.061533902	0.061673748	0.060696721	0.060900752	0.058874235	0.059003079	0.055882152	0.055921181	0.054747720	0.054796193	0.052418877	0.052381392	0.050526787	0.050554956	0.048824456	0.048778111	0.047895362	0.047729998	0.046087759	0.046108489	0.045417458	0.045373411	0.044653612	0.044642485	0.044638750	0.044518117	0.043587835	0.043594212	0.043934569	0.043929308	0.044324427	0.044224052	0.044038379	0.043974650	0.044680483	0.044643875	0.043967964	0.043936592
t#bar{t} trig efficiency correction up,	0.063193606	0.063315400	0.061568587	0.061673748	0.060757640	0.060900752	0.058832708	0.059003079	0.056059721	0.055921181	0.054737549	0.054796193	0.052177373	0.052381392	0.050600815	0.050554956	0.048911236	0.048778111	0.047732426	0.047729998	0.046165300	0.046108489	0.045497252	0.045373411	0.044623191	0.044642485	0.044670049	0.044518117	0.043743435	0.043594212	0.043998684	0.043929308	0.043956700	0.044224052	0.044022043	0.043974650	0.044750237	0.044643875	0.044001450	0.043936592
t#bar{t} trig efficiency correction down,	0.063196689	0.063315400	0.061567378	0.061673748	0.060759195	0.060900752	0.058834133	0.059003079	0.056057974	0.055921181	0.054737536	0.054796193	0.052176362	0.052381392	0.050602564	0.050554956	0.048909892	0.048778111	0.047725893	0.047729998	0.046166687	0.046108489	0.045495418	0.045373411	0.044622392	0.044642485	0.044667473	0.044518117	0.043747076	0.043594212	0.044003573	0.043929308	0.043953565	0.044224052	0.044024176	0.043974650	0.044747215	0.044643875	0.044004808	0.043936592
t#bar{t} sel efficiency correction up,	0.063195367	0.063315400	0.061563696	0.061673748	0.060754180	0.060900752	0.058833996	0.059003079	0.056062619	0.055921181	0.054737423	0.054796193	0.052176962	0.052381392	0.050601190	0.050554956	0.048911566	0.048778111	0.047732993	0.047729998	0.046164449	0.046108489	0.045495436	0.045373411	0.044620067	0.044642485	0.044669504	0.044518117	0.043742795	0.043594212	0.044001913	0.043929308	0.043958372	0.044224052	0.044021408	0.043974650	0.044754115	0.044643875	0.044001947	0.043936592
t#bar{t} sel efficiency correction down,	0.063194904	0.063315400	0.061572338	0.061673748	0.060762667	0.060900752	0.058832789	0.059003079	0.056055011	0.055921181	0.054737654	0.054796193	0.052176764	0.052381392	0.050602190	0.050554956	0.048909565	0.048778111	0.047725322	0.047729998	0.046167571	0.046108489	0.045497267	0.045373411	0.044625566	0.044642485	0.044668040	0.044518117	0.043747749	0.043594212	0.044000319	0.043929308	0.043951873	0.044224052	0.044024838	0.043974650	0.044743270	0.044643875	0.044004303	0.043936592
t#bar{t} b fragmentation up,	0.062927609	0.063315400	0.061500995	0.061673748	0.060602302	0.060900752	0.058683643	0.059003079	0.056050451	0.055921181	0.054663603	0.054796193	0.052157836	0.052381392	0.050713798	0.050554956	0.048743373	0.048778111	0.047645649	0.047729998	0.046148557	0.046108489	0.045524300	0.045373411	0.044786428	0.044642485	0.044851505	0.044518117	0.043800718	0.043594212	0.043984035	0.043929308	0.044012656	0.044224052	0.044184917	0.043974650	0.044868111	0.044643875	0.044149514	0.043936592
t#bar{t} b fragmentation down,	0.063365975	0.063315400	0.061606041	0.061673748	0.060820779	0.060900752	0.058887378	0.059003079	0.056085019	0.055921181	0.054798690	0.054796193	0.052179376	0.052381392	0.050544061	0.050554956	0.049002337	0.048778111	0.047732335	0.047729998	0.046188872	0.046108489	0.045470308	0.045373411	0.044535066	0.044642485	0.044576346	0.044518117	0.043728022	0.043594212	0.044008618	0.043929308	0.043911226	0.044224052	0.043951940	0.043974650	0.044676263	0.044643875	0.043931347	0.043936592
t#bar{t} Peterson Frag,	0.063248591	0.063315400	0.061559238	0.061673748	0.060596558	0.060900752	0.058708478	0.059003079	0.056065049	0.055921181	0.054644033	0.054796193	0.052109398	0.052381392	0.050626687	0.050554956	0.048855476	0.048778111	0.047665697	0.047729998	0.046194638	0.046108489	0.045517393	0.045373411	0.044722949	0.044642485	0.044784060	0.044518117	0.043824074	0.043594212	0.044018921	0.043929308	0.043979124	0.044224052	0.044059820	0.043974650	0.044771858	0.044643875	0.044047957	0.043936592
t#bar{t} semilep BR up,	0.063190320	0.063315400	0.061568776	0.061673748	0.060768180	0.060900752	0.058834656	0.059003079	0.056048596	0.055921181	0.054746150	0.054796193	0.052173074	0.052381392	0.050591312	0.050554956	0.048906768	0.048778111	0.047739966	0.047729998	0.046176045	0.046108489	0.045499760	0.045373411	0.044622971	0.044642485	0.044671202	0.044518117	0.043741176	0.043594212	0.043994395	0.043929308	0.043960387	0.044224052	0.044017848	0.043974650	0.044747566	0.044643875	0.044000850	0.043936592
t#bar{t} semilep BR down,	0.063197056	0.063315400	0.061568504	0.061673748	0.060757976	0.060900752	0.058831137	0.059003079	0.056057173	0.055921181	0.054738827	0.054796193	0.052178091	0.052381392	0.050603498	0.050554956	0.048911972	0.048778111	0.047726036	0.047729998	0.046165364	0.046108489	0.045492704	0.045373411	0.044622022	0.044642485	0.044674131	0.044518117	0.043743329	0.043594212	0.044002481	0.043929308	0.043954182	0.044224052	0.044022970	0.043974650	0.044749098	0.044643875	0.044003450	0.043936592
t#bar{t} QCD scale 1,	0.063138002	0.063315400	0.061512792	0.061673748	0.060832881	0.060900752	0.058800252	0.059003079	0.056046164	0.055921181	0.054713554	0.054796193	0.052199626	0.052381392	0.050615543	0.050554956	0.048849079	0.048778111	0.047788393	0.047729998	0.046169228	0.046108489	0.045526941	0.045373411	0.044625402	0.044642485	0.044689902	0.044518117	0.043746375	0.043594212	0.043978344	0.043929308	0.044024916	0.044224052	0.044039348	0.043974650	0.044724741	0.044643875	0.043978519	0.043936592
t#bar{t} QCD scale 2,	0.063242692	0.063315400	0.061605261	0.061673748	0.060804828	0.060900752	0.058822390	0.059003079	0.056062748	0.055921181	0.054730545	0.054796193	0.052153428	0.052381392	0.050632623	0.050554956	0.048865098	0.048778111	0.047772326	0.047729998	0.046171993	0.046108489	0.045479003	0.045373411	0.044652222	0.044642485	0.044665394	0.044518117	0.043730979	0.043594212	0.043950896	0.043929308	0.043976518	0.044224052	0.044003514	0.043974650	0.044680043	0.044643875	0.043997500	0.043936592
t#bar{t} QCD scale 3,	0.063288232	0.063315400	0.061656255	0.061673748	0.060733000	0.060900752	0.058849226	0.059003079	0.056076010	0.055921181	0.054745665	0.054796193	0.052137041	0.052381392	0.050629710	0.050554956	0.048914614	0.048778111	0.047724457	0.047729998	0.046163257	0.046108489	0.045451995	0.045373411	0.044653298	0.044642485	0.044648226	0.044518117	0.043731065	0.043594212	0.043964526	0.043929308	0.043923621	0.044224052	0.043991007	0.043974650	0.044703479	0.044643875	0.044015317	0.043936592
t#bar{t} QCD scale 4,	0.063193813	0.063315400	0.061559873	0.061673748	0.060873455	0.060900752	0.058798619	0.059003079	0.056050148	0.055921181	0.054712911	0.054796193	0.052174128	0.052381392	0.050637736	0.050554956	0.048813113	0.048778111	0.047826640	0.047729998	0.046177990	0.046108489	0.045505701	0.045373411	0.044650164	0.044642485	0.044679738	0.044518117	0.043728459	0.043594212	0.043931020	0.043929308	0.044037086	0.044224052	0.044018263	0.043974650	0.044655587	0.044643875	0.043975556	0.043936592
t#bar{t} QCD scale 5,	0.063207913	0.063315400	0.061573120	0.061673748	0.060608531	0.060900752	0.058881587	0.059003079	0.056068863	0.055921181	0.054772907	0.054796193	0.052194803	0.052381392	0.050549115	0.050554956	0.049025694	0.048778111	0.047643184	0.047729998	0.046141251	0.046108489	0.045460531	0.045373411	0.044616037	0.044642485	0.044648122	0.044518117	0.043772091	0.043594212	0.044080127	0.043929308	0.043849861	0.044224052	0.044022283	0.043974650	0.044839336	0.044643875	0.044044645	0.043936592
t#bar{t} QCD scale 6,	0.063195445	0.063315400	0.061576459	0.061673748	0.060775324	0.060900752	0.058854080	0.059003079	0.056072865	0.055921181	0.054731446	0.054796193	0.052184453	0.052381392	0.050587977	0.050554956	0.048905279	0.048778111	0.047716851	0.047729998	0.046173702	0.046108489	0.045497879	0.045373411	0.044623199	0.044642485	0.044656781	0.044518117	0.043746871	0.043594212	0.044000591	0.043929308	0.043934427	0.044224052	0.044027769	0.043974650	0.044745663	0.044643875	0.043992942	0.043936592
t#bar{t} jec_CorrelationGroupMPFInSitu up,	0.063123555	0.063315400	0.061813919	0.061673748	0.061118948	0.060900752	0.058996342	0.059003079	0.055762687	0.055921181	0.054960952	0.054796193	0.052526498	0.052381392	0.050533630	0.050554956	0.048780620	0.048778111	0.047699746	0.047729998	0.046185824	0.046108489	0.044917415	0.045373411	0.044755021	0.044642485	0.044535561	0.044518117	0.043544077	0.043594212	0.044128224	0.043929308	0.044098958	0.044224052	0.044202465	0.043974650	0.044543024	0.044643875	0.043772536	0.043936592
t#bar{t} jec_RelativeFSR up,	0.063137960	0.063315400	0.061706855	0.061673748	0.061239197	0.060900752	0.059155740	0.059003079	0.055875857	0.055921181	0.054660385	0.054796193	0.052478179	0.052381392	0.050620709	0.050554956	0.049041400	0.048778111	0.047741244	0.047729998	0.045852324	0.046108489	0.045056134	0.045373411	0.044756817	0.044642485	0.044591643	0.044518117	0.043558081	0.043594212	0.043970377	0.043929308	0.044070732	0.044224052	0.043955573	0.043974650	0.044480112	0.044643875	0.044050683	0.043936592
t#bar{t} jec_CorrelationGroupUncorrelated up,	0.063229071	0.063315400	0.061843673	0.061673748	0.060950337	0.060900752	0.059115461	0.059003079	0.056032318	0.055921181	0.054922311	0.054796193	0.052471869	0.052381392	0.050445581	0.050554956	0.048806331	0.048778111	0.047759897	0.047729998	0.046088485	0.046108489	0.045166999	0.045373411	0.044745590	0.044642485	0.044400398	0.044518117	0.043849497	0.043594212	0.043953410	0.043929308	0.043897789	0.044224052	0.044021850	0.043974650	0.044442161	0.044643875	0.043856972	0.043936592
t#bar{t} jec_FlavorPureGluon up,	0.063104429	0.063315400	0.061946893	0.061673748	0.061139294	0.060900752	0.058998563	0.059003079	0.056423732	0.055921181	0.054729351	0.054796193	0.052234084	0.052381392	0.050729289	0.050554956	0.048717487	0.048778111	0.047637401	0.047729998	0.046213509	0.046108489	0.045032800	0.045373411	0.044823927	0.044642485	0.044441850	0.044518117	0.043582975	0.043594212	0.043755579	0.043929308	0.044366560	0.044224052	0.043980353	0.043974650	0.044520076	0.044643875	0.043621847	0.043936592
t#bar{t} jec_FlavorPureQuark up,	0.063417196	0.063315400	0.061650352	0.061673748	0.060791621	0.060900752	0.059245182	0.059003079	0.056258090	0.055921181	0.054718363	0.054796193	0.052321744	0.052381392	0.050812852	0.050554956	0.048982697	0.048778111	0.047570495	0.047729998	0.046054845	0.046108489	0.044920723	0.045373411	0.044503733	0.044642485	0.044568871	0.044518117	0.043509763	0.043594212	0.043961864	0.043929308	0.044156006	0.044224052	0.043787529	0.043974650	0.044682426	0.044643875	0.044085645	0.043936592
t#bar{t} jec_FlavorPureCharm up,	0.063296074	0.063315400	0.061677645	0.061673748	0.060917545	0.060900752	0.059185885	0.059003079	0.056171325	0.055921181	0.055023010	0.054796193	0.052213962	0.052381392	0.050883122	0.050554956	0.048721134	0.048778111	0.047598122	0.047729998	0.046226042	0.046108489	0.045187310	0.045373411	0.044738002	0.044642485	0.044212634	0.044518117	0.043627086	0.043594212	0.043768937	0.043929308	0.044207442	0.044224052	0.043703837	0.043974650	0.044669589	0.044643875	0.043971297	0.043936592
t#bar{t} jec_FlavorPureBottom up,	0.063324483	0.063315400	0.061768703	0.061673748	0.060543820	0.060900752	0.058994849	0.059003079	0.056122888	0.055921181	0.055044862	0.054796193	0.052290020	0.052381392	0.050527067	0.050554956	0.048849825	0.048778111	0.047729983	0.047729998	0.046253755	0.046108489	0.045220859	0.045373411	0.044653580	0.044642485	0.044689743	0.044518117	0.043724623	0.043594212	0.043997054	0.043929308	0.044131416	0.044224052	0.043884422	0.043974650	0.044304647	0.044643875	0.043943401	0.043936592
t#bar{t} jer up,	0.063134763	0.063315400	0.061595126	0.061673748	0.060767494	0.060900752	0.059268568	0.059003079	0.056046665	0.055921181	0.054834904	0.054796193	0.052214002	0.052381392	0.050749676	0.050554956	0.048872376	0.048778111	0.047575185	0.047729998	0.046121748	0.046108489	0.045037662	0.045373411	0.044802618	0.044642485	0.044490357	0.044518117	0.043805571	0.043594212	0.043983525	0.043929308	0.044257087	0.044224052	0.043916537	0.043974650	0.044616454	0.044643875	0.043909682	0.043936592
t#bar{t} btag_heavy up,	0.063514654	0.063315400	0.061698154	0.061673748	0.060749553	0.060900752	0.059191907	0.059003079	0.056348081	0.055921181	0.054471144	0.054796193	0.052240193	0.052381392	0.050609007	0.050554956	0.048859729	0.048778111	0.047484478	0.047729998	0.046265169	0.046108489	0.045088328	0.045373411	0.044885792	0.044642485	0.044518752	0.044518117	0.043641252	0.043594212	0.043719934	0.043929308	0.044294130	0.044224052	0.043895846	0.043974650	0.044707915	0.044643875	0.043815982	0.043936592
t#bar{t} btag_light up,	0.063381329	0.063315400	0.061618860	0.061673748	0.060856817	0.060900752	0.059266534	0.059003079	0.056017990	0.055921181	0.054640905	0.054796193	0.052525018	0.052381392	0.050668880	0.050554956	0.048762674	0.048778111	0.047641416	0.047729998	0.046354494	0.046108489	0.045114427	0.045373411	0.044773849	0.044642485	0.044524658	0.044518117	0.043723755	0.043594212	0.043765243	0.043929308	0.044200118	0.044224052	0.043804823	0.043974650	0.044599709	0.044643875	0.043758501	0.043936592
t#bar{t} csv_heavy up,	0.063747797	0.063315400	0.061353083	0.061673748	0.060912155	0.060900752	0.058951030	0.059003079	0.056162820	0.055921181	0.054759720	0.054796193	0.052320403	0.052381392	0.050589996	0.050554956	0.048616522	0.048778111	0.047302004	0.047729998	0.046344692	0.046108489	0.045373389	0.045373411	0.044925495	0.044642485	0.044423953	0.044518117	0.043327284	0.043594212	0.043934420	0.043929308	0.044149168	0.044224052	0.044058780	0.043974650	0.044627899	0.044643875	0.044119390	0.043936592
t#bar{t} csv_light up,	0.063531254	0.063315400	0.061593860	0.061673748	0.060853231	0.060900752	0.058870964	0.059003079	0.056034222	0.055921181	0.054928910	0.054796193	0.052513584	0.052381392	0.050574637	0.050554956	0.048819510	0.048778111	0.047574252	0.047729998	0.046105064	0.046108489	0.045109170	0.045373411	0.044948551	0.044642485	0.044595157	0.044518117	0.043601033	0.043594212	0.043741126	0.043929308	0.044275262	0.044224052	0.043897498	0.043974650	0.044753670	0.044643875	0.043679044	0.043936592
t#bar{t} tracking up,	0.063238528	0.063315400	0.061871268	0.061673748	0.061157423	0.060900752	0.059067741	0.059003079	0.056272997	0.055921181	0.054736808	0.054796193	0.052435266	0.052381392	0.050588669	0.050554956	0.048945351	0.048778111	0.047336390	0.047729998	0.046025707	0.046108489	0.044987585	0.045373411	0.044643361	0.044642485	0.044509697	0.044518117	0.043733592	0.043594212	0.043926182	0.043929308	0.044142312	0.044224052	0.043945968	0.043974650	0.044487117	0.044643875	0.043948036	0.043936592
t#bar{t} jec_CorrelationGroupMPFInSitu down,	0.063070384	0.063315400	0.061641947	0.061673748	0.060978578	0.060900752	0.059058865	0.059003079	0.056003901	0.055921181	0.054978917	0.054796193	0.052273626	0.052381392	0.050713034	0.050554956	0.048953768	0.048778111	0.047665558	0.047729998	0.046205712	0.046108489	0.045286986	0.045373411	0.044716366	0.044642485	0.044799063	0.044518117	0.043510724	0.043594212	0.043860580	0.043929308	0.044255565	0.044224052	0.044002028	0.043974650	0.044272937	0.044643875	0.043751462	0.043936592
t#bar{t} jec_RelativeFSR down,	0.063679966	0.063315400	0.061569970	0.061673748	0.061024380	0.060900752	0.058936975	0.059003079	0.056137493	0.055921181	0.054972353	0.054796193	0.052279298	0.052381392	0.050614711	0.050554956	0.048896238	0.048778111	0.047560161	0.047729998	0.046066532	0.046108489	0.045002404	0.045373411	0.044899441	0.044642485	0.044649509	0.044518117	0.043544098	0.043594212	0.043706184	0.043929308	0.044019904	0.044224052	0.043957479	0.043974650	0.044584104	0.044643875	0.043898798	0.043936592
t#bar{t} jec_CorrelationGroupUncorrelated down,	0.062972718	0.063315400	0.061819833	0.061673748	0.060921403	0.060900752	0.059067950	0.059003079	0.056132572	0.055921181	0.054519570	0.054796193	0.052359265	0.052381392	0.050536446	0.050554956	0.049013390	0.048778111	0.047578249	0.047729998	0.045997584	0.046108489	0.045356189	0.045373411	0.044642195	0.044642485	0.044370459	0.044518117	0.043948903	0.043594212	0.043740890	0.043929308	0.044212162	0.044224052	0.043905068	0.043974650	0.044829253	0.044643875	0.044075903	0.043936592
t#bar{t} jec_FlavorPureGluon down,	0.063243192	0.063315400	0.061771621	0.061673748	0.061065846	0.060900752	0.059250911	0.059003079	0.056258925	0.055921181	0.054553902	0.054796193	0.052391866	0.052381392	0.050742707	0.050554956	0.048715557	0.048778111	0.047715310	0.047729998	0.046293004	0.046108489	0.045376949	0.045373411	0.044632426	0.044642485	0.044612782	0.044518117	0.043336604	0.043594212	0.043792455	0.043929308	0.044101082	0.044224052	0.043999821	0.043974650	0.044385515	0.044643875	0.043759523	0.043936592
t#bar{t} jec_FlavorPureQuark down,	0.063417100	0.063315400	0.061737779	0.061673748	0.060941097	0.060900752	0.059357155	0.059003079	0.056064277	0.055921181	0.054891371	0.054796193	0.052387885	0.052381392	0.050547981	0.050554956	0.048605004	0.048778111	0.047644943	0.047729998	0.046017275	0.046108489	0.045282693	0.045373411	0.044853388	0.044642485	0.044517873	0.044518117	0.043584902	0.043594212	0.043838689	0.043929308	0.044102696	0.044224052	0.043933467	0.043974650	0.044526236	0.044643875	0.043748188	0.043936592
t#bar{t} jec_FlavorPureCharm down,	0.063386870	0.063315400	0.061443500	0.061673748	0.060917735	0.060900752	0.059148448	0.059003079	0.056196735	0.055921181	0.054561307	0.054796193	0.052298212	0.052381392	0.050638880	0.050554956	0.048962598	0.048778111	0.047799272	0.047729998	0.046292882	0.046108489	0.044887521	0.045373411	0.044626365	0.044642485	0.044572712	0.044518117	0.043683901	0.043594212	0.043909959	0.043929308	0.044313393	0.044224052	0.044004299	0.043974650	0.044599182	0.044643875	0.043756229	0.043936592
t#bar{t} jec_FlavorPureBottom down,	0.063482178	0.063315400	0.061718442	0.061673748	0.060936702	0.060900752	0.059042541	0.059003079	0.055985973	0.055921181	0.054800573	0.054796193	0.052348747	0.052381392	0.051051160	0.050554956	0.048708431	0.048778111	0.047592329	0.047729998	0.045950030	0.046108489	0.045207231	0.045373411	0.044921572	0.044642485	0.044444486	0.044518117	0.043677639	0.043594212	0.043740500	0.043929308	0.044253162	0.044224052	0.043835124	0.043974650	0.044428029	0.044643875	0.043875151	0.043936592
t#bar{t} jer down,	0.063136585	0.063315400	0.061864163	0.061673748	0.061009769	0.060900752	0.058958196	0.059003079	0.056234143	0.055921181	0.054676876	0.054796193	0.052433907	0.052381392	0.050509155	0.050554956	0.048951293	0.048778111	0.047837765	0.047729998	0.046252105	0.046108489	0.045015053	0.045373411	0.044815367	0.044642485	0.044497604	0.044518117	0.043551976	0.043594212	0.043782506	0.043929308	0.044030382	0.044224052	0.043948277	0.043974650	0.044641515	0.044643875	0.043853363	0.043936592
t#bar{t} btag_heavy down,	0.063579311	0.063315400	0.061577393	0.061673748	0.060754111	0.060900752	0.059206763	0.059003079	0.056136484	0.055921181	0.054871364	0.054796193	0.052247246	0.052381392	0.050536461	0.050554956	0.048800870	0.048778111	0.047412592	0.047729998	0.046301907	0.046108489	0.045083567	0.045373411	0.044692006	0.044642485	0.044756276	0.044518117	0.043747426	0.043594212	0.043996288	0.043929308	0.044327103	0.044224052	0.043813216	0.043974650	0.044677172	0.044643875	0.043482445	0.043936592
t#bar{t} btag_light down,	0.063347732	0.063315400	0.061666933	0.061673748	0.061128703	0.060900752	0.059048149	0.059003079	0.056052488	0.055921181	0.054740222	0.054796193	0.052467025	0.052381392	0.050850225	0.050554956	0.048508322	0.048778111	0.047701950	0.047729998	0.046251557	0.046108489	0.044904818	0.045373411	0.044751481	0.044642485	0.044393364	0.044518117	0.043776038	0.043594212	0.043827023	0.043929308	0.044198460	0.044224052	0.043726314	0.043974650	0.044736510	0.044643875	0.043922688	0.043936592
t#bar{t} csv_heavy down,	0.063155872	0.063315400	0.061879477	0.061673748	0.060836904	0.060900752	0.058794161	0.059003079	0.055857480	0.055921181	0.054798966	0.054796193	0.052397868	0.052381392	0.050584490	0.050554956	0.048720048	0.048778111	0.047543315	0.047729998	0.046231625	0.046108489	0.045178133	0.045373411	0.044670679	0.044642485	0.044521346	0.044518117	0.043842038	0.043594212	0.043876467	0.043929308	0.044203542	0.044224052	0.044085007	0.043974650	0.044550753	0.044643875	0.044271828	0.043936592
t#bar{t} csv_light down,	0.063582323	0.063315400	0.061604625	0.061673748	0.060898580	0.060900752	0.059083799	0.059003079	0.056053591	0.055921181	0.054893208	0.054796193	0.052314790	0.052381392	0.050770099	0.050554956	0.048728353	0.048778111	0.047722348	0.047729998	0.046128202	0.046108489	0.044961712	0.045373411	0.044796106	0.044642485	0.044413799	0.044518117	0.043716968	0.043594212	0.043757656	0.043929308	0.044312351	0.044224052	0.043882835	0.043974650	0.044450176	0.044643875	0.043928479	0.043936592
t#bar{t} tracking down,	0.063262881	0.063315400	0.061524886	0.061673748	0.061037079	0.060900752	0.059094354	0.059003079	0.056102953	0.055921181	0.054805942	0.054796193	0.052105082	0.052381392	0.050579293	0.050554956	0.049050982	0.048778111	0.047342655	0.047729998	0.046194964	0.046108489	0.045155474	0.045373411	0.044790407	0.044642485	0.044424149	0.044518117	0.043726671	0.043594212	0.044053293	0.043929308	0.044081832	0.044224052	0.044188134	0.043974650	0.044577917	0.044643875	0.043901051	0.043936592
t#bar{t} evtgen,	0.062196950	0.063315400	0.061258579	0.061673748	0.060698883	0.060900752	0.057535373	0.059003079	0.056363853	0.055921181	0.054676596	0.054796193	0.053432544	0.052381392	0.049615520	0.050554956	0.048149574	0.048778111	0.048394398	0.047729998	0.049180929	0.046108489	0.044422995	0.045373411	0.047104989	0.044642485	0.045101068	0.044518117	0.044105658	0.043594212	0.042749650	0.043929308	0.044361293	0.044224052	0.042455592	0.043974650	0.044065629	0.044643875	0.044129927	0.043936592
t#bar{t} m=171.5,	0.064331832	0.063315400	0.059896151	0.061673748	0.061179776	0.060900752	0.058299101	0.059003079	0.056400597	0.055921181	0.056261373	0.054796193	0.052487247	0.052381392	0.051042647	0.050554956	0.048834815	0.048778111	0.047661724	0.047729998	0.045692837	0.046108489	0.044607182	0.045373411	0.045112426	0.044642485	0.044285286	0.044518117	0.045202351	0.043594212	0.043476744	0.043929308	0.043788633	0.044224052	0.044708210	0.043974650	0.043703884	0.044643875	0.043027184	0.043936592
t#bar{t} m=173.5,	0.065070349	0.063315400	0.062517990	0.061673748	0.062972407	0.060900752	0.058671420	0.059003079	0.056798481	0.055921181	0.054563075	0.054796193	0.051931739	0.052381392	0.049504625	0.050554956	0.048912534	0.048778111	0.046446245	0.047729998	0.045334488	0.046108489	0.047218082	0.045373411	0.044258339	0.044642485	0.042661375	0.044518117	0.042061982	0.043594212	0.044836389	0.043929308	0.042705497	0.044224052	0.045447644	0.043974650	0.043901554	0.044643875	0.044185785	0.043936592
t#bar{t} Herwig++,	0.059503388	0.063315400	0.057759683	0.061673748	0.057000771	0.060900752	0.054598664	0.059003079	0.052473193	0.055921181	0.052582893	0.054796193	0.052033638	0.052381392	0.048587075	0.050554956	0.049131415	0.048778111	0.047986385	0.047729998	0.046748946	0.046108489	0.046205503	0.045373411	0.045982357	0.044642485	0.045549630	0.044518117	0.046924914	0.043594212	0.047439625	0.043929308	0.045800793	0.044224052	0.047675603	0.043974650	0.048350596	0.044643875	0.047664928	0.043936592
t#bar{t} isr up,	0.063506585	0.063315400	0.060988655	0.061673748	0.060696940	0.060900752	0.059620250	0.059003079	0.055630759	0.055921181	0.055386556	0.054796193	0.052547056	0.052381392	0.050559932	0.050554956	0.048357571	0.048778111	0.047222621	0.047729998	0.046786789	0.046108489	0.044414094	0.045373411	0.045111845	0.044642485	0.044744510	0.044518117	0.043923254	0.043594212	0.043577646	0.043929308	0.044317583	0.044224052	0.044234596	0.043974650	0.044560905	0.044643875	0.043811852	0.043936592
t#bar{t} isr dn,	0.064309424	0.063315400	0.063542224	0.061673748	0.060061148	0.060900752	0.058066518	0.059003079	0.057268905	0.055921181	0.053593512	0.054796193	0.053005364	0.052381392	0.051295773	0.050554956	0.048542492	0.048778111	0.047052772	0.047729998	0.046857783	0.046108489	0.045283834	0.045373411	0.044373162	0.044642485	0.045085688	0.044518117	0.043909688	0.043594212	0.043912711	0.043929308	0.042806098	0.044224052	0.043667417	0.043974650	0.043621082	0.044643875	0.043744404	0.043936592
t#bar{t} fsr up,	0.062605626	0.063315400	0.061966819	0.061673748	0.060192580	0.060900752	0.059605710	0.059003079	0.057355436	0.055921181	0.054050494	0.054796193	0.051936919	0.052381392	0.051101309	0.050554956	0.048371997	0.048778111	0.047535042	0.047729998	0.046352433	0.046108489	0.045296191	0.045373411	0.045606909	0.044642485	0.044465131	0.044518117	0.044049027	0.043594212	0.043768193	0.043929308	0.042949306	0.044224052	0.044014542	0.043974650	0.044401362	0.044643875	0.044374973	0.043936592
t#bar{t} fsr dn,	0.063761922	0.063315400	0.062367639	0.061673748	0.061364191	0.060900752	0.057808281	0.059003079	0.057073307	0.055921181	0.054105158	0.054796193	0.052503262	0.052381392	0.050566479	0.050554956	0.048245350	0.048778111	0.046439112	0.047729998	0.045812204	0.046108489	0.046376198	0.045373411	0.043945738	0.044642485	0.044527528	0.044518117	0.044553545	0.043594212	0.042848367	0.043929308	0.043934374	0.044224052	0.044308501	0.043974650	0.045182687	0.044643875	0.044276155	0.043936592
t#bar{t} hdamp up,	0.064083794	0.063315400	0.062550894	0.061673748	0.061255311	0.060900752	0.057886222	0.059003079	0.057366040	0.055921181	0.055553455	0.054796193	0.051879206	0.052381392	0.049814494	0.050554956	0.048411321	0.048778111	0.047372042	0.047729998	0.045946085	0.046108489	0.045911600	0.045373411	0.044609101	0.044642485	0.043848603	0.044518117	0.044120919	0.043594212	0.043565376	0.043929308	0.043909964	0.044224052	0.044118276	0.043974650	0.043255600	0.044643875	0.044541697	0.043936592
t#bar{t} hdamp dn,	0.062351673	0.063315400	0.062892904	0.061673748	0.061587300	0.060900752	0.058464433	0.059003079	0.057192123	0.055921181	0.054859118	0.054796193	0.052798042	0.052381392	0.051509349	0.050554956	0.049057652	0.048778111	0.047731539	0.047729998	0.046582155	0.046108489	0.045207195	0.045373411	0.044713588	0.044642485	0.044686504	0.044518117	0.044383677	0.043594212	0.042351435	0.043929308	0.042610222	0.044224052	0.042471941	0.043974650	0.044349671	0.044643875	0.044199478	0.043936592
t#bar{t} UEup,	0.063985717	0.063315400	0.062254480	0.061673748	0.061371005	0.060900752	0.059467700	0.059003079	0.055973490	0.055921181	0.055108964	0.054796193	0.053321317	0.052381392	0.048737310	0.050554956	0.047384393	0.048778111	0.046966914	0.047729998	0.046210946	0.046108489	0.044672761	0.045373411	0.045780577	0.044642485	0.043834710	0.044518117	0.043230658	0.043594212	0.043859269	0.043929308	0.044978811	0.044224052	0.044608165	0.043974650	0.044006769	0.044643875	0.044246046	0.043936592
t#bar{t} UEdn,	0.063178947	0.063315400	0.059931298	0.061673748	0.061516206	0.060900752	0.058360794	0.059003079	0.056705687	0.055921181	0.054912843	0.054796193	0.053229066	0.052381392	0.050753193	0.050554956	0.048391566	0.048778111	0.047565248	0.047729998	0.046256256	0.046108489	0.044379973	0.045373411	0.046057820	0.044642485	0.044507858	0.044518117	0.044922623	0.043594212	0.043496964	0.043929308	0.044409886	0.044224052	0.043913151	0.043974650	0.043209642	0.044643875	0.044300980	0.043936592
t#bar{t} cflip,	0.052805169	0.063315400	0.053990878	0.061673748	0.050801865	0.060900752	0.050491158	0.059003079	0.051227972	0.055921181	0.050452211	0.054796193	0.050413675	0.052381392	0.048199614	0.050554956	0.048258088	0.048778111	0.047995684	0.047729998	0.048415692	0.046108489	0.047994473	0.045373411	0.049216050	0.044642485	0.051122214	0.044518117	0.049801254	0.043594212	0.049576445	0.043929308	0.048668341	0.044224052	0.050443719	0.043974650	0.050075961	0.044643875	0.050049536	0.043936592
t#bar{t} ERDon,	0.061204845	0.063315400	0.060695933	0.061673748	0.058885781	0.060900752	0.058384229	0.059003079	0.056160012	0.055921181	0.054767886	0.054796193	0.052502343	0.052381392	0.051015899	0.050554956	0.048873325	0.048778111	0.047291020	0.047729998	0.046579681	0.046108489	0.045361565	0.045373411	0.044830273	0.044642485	0.045043281	0.044518117	0.044427060	0.043594212	0.044869905	0.043929308	0.044032472	0.044224052	0.044477404	0.043974650	0.045050662	0.044643875	0.045546424	0.043936592
t#bar{t} QCDbased,	0.059643115	0.063315400	0.059523794	0.061673748	0.060137821	0.060900752	0.056902272	0.059003079	0.053661566	0.055921181	0.052884102	0.054796193	0.051529893	0.052381392	0.049723813	0.050554956	0.049387044	0.048778111	0.047199428	0.047729998	0.045625369	0.046108489	0.046287261	0.045373411	0.045417020	0.044642485	0.045537540	0.044518117	0.045658472	0.043594212	0.045463426	0.043929308	0.046438830	0.044224052	0.047125934	0.043974650	0.046263197	0.044643875	0.045590104	0.043936592
t#bar{t} gluon move,	0.063203227	0.063315400	0.061039905	0.061673748	0.060841997	0.060900752	0.058697070	0.059003079	0.058200166	0.055921181	0.054216929	0.054796193	0.052725770	0.052381392	0.050678094	0.050554956	0.048385183	0.048778111	0.047902930	0.047729998	0.046082995	0.046108489	0.045149710	0.045373411	0.045007547	0.044642485	0.044147707	0.044518117	0.043330438	0.043594212	0.043592316	0.043929308	0.043886945	0.044224052	0.043267468	0.043974650	0.045010466	0.044643875	0.044633135	0.043936592
