t#bar{t},	0.052308786	0.052685319	0.051978852	0.051736917	0.050955980	0.050966936	0.050566473	0.050626280	0.049278428	0.049155394	0.049119372	0.048862720	0.047038992	0.047530603	0.046345515	0.045402927	0.046974430	0.047772358	0.048598674	0.048171777	0.047394452	0.047180072	0.046963544	0.047525775	0.048099119	0.048285678	0.049178694	0.048624037	0.050007192	0.051024843	0.051550203	0.050755128	0.052829495	0.053010621	0.053425149	0.053026774	0.053197373	0.053758891	0.054189279	0.053896951
t#bar{t} jec_CorrelationGroupMPFInSitu up,	0.052577731	0.052685319	0.051791682	0.051736917	0.050850008	0.050966936	0.050438931	0.050626280	0.049533058	0.049155394	0.048758388	0.048862720	0.047183423	0.047530603	0.045739653	0.045402927	0.047712979	0.047772358	0.048075399	0.048171777	0.047194694	0.047180072	0.048072760	0.047525775	0.048135218	0.048285678	0.048729357	0.048624037	0.050574289	0.051024843	0.051064380	0.050755128	0.053115853	0.053010621	0.052787012	0.053026774	0.053566929	0.053758891	0.054098256	0.053896951
t#bar{t} jec_RelativeFSR up,	0.051980078	0.052685319	0.052007518	0.051736917	0.050842146	0.050966936	0.050616214	0.050626280	0.049349031	0.049155394	0.048658488	0.048862720	0.047570450	0.047530603	0.045708906	0.045402927	0.047418624	0.047772358	0.048386912	0.048171777	0.047133857	0.047180072	0.047841989	0.047525775	0.048183154	0.048285678	0.048828308	0.048624037	0.050839460	0.051024843	0.050836980	0.050755128	0.052918185	0.053010621	0.053241552	0.053026774	0.053729758	0.053758891	0.053908390	0.053896951
t#bar{t} jec_CorrelationGroupUncorrelated up,	0.052167244	0.052685319	0.052030183	0.051736917	0.050854222	0.050966936	0.050431380	0.050626280	0.049637691	0.049155394	0.048875907	0.048862720	0.047028155	0.047530603	0.046190959	0.045402927	0.047132908	0.047772358	0.048507115	0.048171777	0.047328837	0.047180072	0.047339067	0.047525775	0.048180992	0.048285678	0.048735883	0.048624037	0.050564209	0.051024843	0.051380435	0.050755128	0.052950540	0.053010621	0.052880923	0.053026774	0.053865653	0.053758891	0.053917697	0.053896951
t#bar{t} jec_FlavorPureGluon up,	0.051939424	0.052685319	0.051901108	0.051736917	0.051217176	0.050966936	0.050325869	0.050626280	0.049335681	0.049155394	0.048875140	0.048862720	0.047511243	0.047530603	0.045522609	0.045402927	0.047364092	0.047772358	0.048341174	0.048171777	0.047330116	0.047180072	0.048165165	0.047525775	0.047962656	0.048285678	0.048868465	0.048624037	0.050734480	0.051024843	0.050997489	0.050755128	0.053022416	0.053010621	0.052811925	0.053026774	0.053870925	0.053758891	0.053902849	0.053896951
t#bar{t} jec_FlavorPureQuark up,	0.052176509	0.052685319	0.051932281	0.051736917	0.050846272	0.050966936	0.050683929	0.050626280	0.049150115	0.049155394	0.048890117	0.048862720	0.047537790	0.047530603	0.045681601	0.045402927	0.047288104	0.047772358	0.048339395	0.048171777	0.047328172	0.047180072	0.047756052	0.047525775	0.048177548	0.048285678	0.048669213	0.048624037	0.050760091	0.051024843	0.051127421	0.050755128	0.053009807	0.053010621	0.052812323	0.053026774	0.053998787	0.053758891	0.053834475	0.053896951
t#bar{t} jec_FlavorPureCharm up,	0.052291908	0.052685319	0.051826167	0.051736917	0.051024618	0.050966936	0.050626029	0.050626280	0.049192083	0.049155394	0.048892556	0.048862720	0.047442267	0.047530603	0.045730303	0.045402927	0.047446915	0.047772358	0.048242768	0.048171777	0.047341898	0.047180072	0.047575789	0.047525775	0.048211935	0.048285678	0.048782755	0.048624037	0.050687382	0.051024843	0.050939747	0.050755128	0.053110482	0.053010621	0.052982046	0.053026774	0.053576308	0.053758891	0.054076045	0.053896951
t#bar{t} jec_FlavorPureBottom up,	0.052274065	0.052685319	0.051955930	0.051736917	0.050663463	0.050966936	0.050846238	0.050626280	0.049068339	0.049155394	0.049039920	0.048862720	0.047501028	0.047530603	0.045573034	0.045402927	0.047294485	0.047772358	0.048658516	0.048171777	0.047026919	0.047180072	0.047455476	0.047525775	0.048487992	0.048285678	0.048434683	0.048624037	0.050798955	0.051024843	0.051063952	0.050755128	0.053289073	0.053010621	0.052899428	0.053026774	0.053586842	0.053758891	0.054081662	0.053896951
t#bar{t} jer up,	0.052359334	0.052685319	0.051769447	0.051736917	0.051024630	0.050966936	0.050603840	0.050626280	0.049025688	0.049155394	0.049174627	0.048862720	0.047427232	0.047530603	0.045599957	0.045402927	0.047454737	0.047772358	0.048129292	0.048171777	0.047472772	0.047180072	0.047785723	0.047525775	0.048082001	0.048285678	0.048781919	0.048624037	0.050637079	0.051024843	0.051007714	0.050755128	0.053246037	0.053010621	0.052756259	0.053026774	0.053418449	0.053758891	0.054243264	0.053896951
t#bar{t} btag_heavy up,	0.051952984	0.052685319	0.051883210	0.051736917	0.051357178	0.050966936	0.050332266	0.050626280	0.049319513	0.049155394	0.049034480	0.048862720	0.047212101	0.047530603	0.045849437	0.045402927	0.047624516	0.047772358	0.048099030	0.048171777	0.047311212	0.047180072	0.047668575	0.047525775	0.048337548	0.048285678	0.048586997	0.048624037	0.050584132	0.051024843	0.051226435	0.050755128	0.052912197	0.053010621	0.053098214	0.053026774	0.053634302	0.053758891	0.053975674	0.053896951
t#bar{t} btag_light up,	0.051635554	0.052685319	0.052019394	0.051736917	0.051164539	0.050966936	0.050477563	0.050626280	0.049375759	0.049155394	0.049013748	0.048862720	0.047056875	0.047530603	0.046141770	0.045402927	0.047388540	0.047772358	0.048256197	0.048171777	0.047414812	0.047180072	0.047544453	0.047525775	0.048071280	0.048285678	0.048774129	0.048624037	0.050944903	0.051024843	0.050964396	0.050755128	0.053157058	0.053010621	0.052832561	0.053026774	0.053679620	0.053758891	0.054086849	0.053896951
t#bar{t} csv_heavy up,	0.051700623	0.052685319	0.051998929	0.051736917	0.050998134	0.050966936	0.050487864	0.050626280	0.049161547	0.049155394	0.049011552	0.048862720	0.047482139	0.047530603	0.045585537	0.045402927	0.047508373	0.047772358	0.048199358	0.048171777	0.047174462	0.047180072	0.048474455	0.047525775	0.048055797	0.048285678	0.048849306	0.048624037	0.050750304	0.051024843	0.050893474	0.050755128	0.053030064	0.053010621	0.052974924	0.053026774	0.053553537	0.053758891	0.054109621	0.053896951
t#bar{t} csv_light up,	0.052521595	0.052685319	0.051860340	0.051736917	0.050914951	0.050966936	0.050533580	0.050626280	0.049310281	0.049155394	0.048999396	0.048862720	0.047196991	0.047530603	0.045929247	0.045402927	0.047307413	0.047772358	0.048262110	0.048171777	0.047459831	0.047180072	0.047362964	0.047525775	0.048133001	0.048285678	0.048739312	0.048624037	0.050781521	0.051024843	0.050994118	0.050755128	0.053062033	0.053010621	0.052740727	0.053026774	0.054243534	0.053758891	0.053647056	0.053896951
t#bar{t} tracking up,	0.051826544	0.052685319	0.051998824	0.051736917	0.050882274	0.050966936	0.050601044	0.050626280	0.049293823	0.049155394	0.048972674	0.048862720	0.047354547	0.047530603	0.045594019	0.045402927	0.047723609	0.047772358	0.048082493	0.048171777	0.047414644	0.047180072	0.047817744	0.047525775	0.048208351	0.048285678	0.048687652	0.048624037	0.050834916	0.051024843	0.050949450	0.050755128	0.053155380	0.053010621	0.052898765	0.053026774	0.053656730	0.053758891	0.054046517	0.053896951
t#bar{t} jec_CorrelationGroupMPFInSitu down,	0.052026803	0.052685319	0.052001933	0.051736917	0.051029092	0.050966936	0.050380598	0.050626280	0.049483291	0.049155394	0.048556956	0.048862720	0.047660524	0.047530603	0.045718927	0.045402927	0.047278732	0.047772358	0.048412155	0.048171777	0.047050780	0.047180072	0.048020438	0.047525775	0.048279619	0.048285678	0.048712845	0.048624037	0.050448257	0.051024843	0.051274368	0.050755128	0.053057199	0.053010621	0.052966478	0.053026774	0.053391498	0.053758891	0.054249505	0.053896951
t#bar{t} jec_RelativeFSR down,	0.052121046	0.052685319	0.051971165	0.051736917	0.050738270	0.050966936	0.050677918	0.050626280	0.049313798	0.049155394	0.048808822	0.048862720	0.047451934	0.047530603	0.045701651	0.045402927	0.047463515	0.047772358	0.048242588	0.048171777	0.047412693	0.047180072	0.047655324	0.047525775	0.048047763	0.048285678	0.048817976	0.048624037	0.051044542	0.051024843	0.050802857	0.050755128	0.053049249	0.053010621	0.052934559	0.053026774	0.053722969	0.053758891	0.054021363	0.053896951
t#bar{t} jec_CorrelationGroupUncorrelated down,	0.052045621	0.052685319	0.051977172	0.051736917	0.050793380	0.050966936	0.050624673	0.050626280	0.049228088	0.049155394	0.048992740	0.048862720	0.047407348	0.047530603	0.045535128	0.045402927	0.047619507	0.047772358	0.048263527	0.048171777	0.047098827	0.047180072	0.048083073	0.047525775	0.048311992	0.048285678	0.048735472	0.048624037	0.050372535	0.051024843	0.051244196	0.050755128	0.052986428	0.053010621	0.053019978	0.053026774	0.053701744	0.053758891	0.053958570	0.053896951
t#bar{t} jec_FlavorPureGluon down,	0.051680115	0.052685319	0.052013110	0.051736917	0.051145584	0.050966936	0.050353497	0.050626280	0.049473269	0.049155394	0.048738494	0.048862720	0.047351236	0.047530603	0.045640248	0.045402927	0.047806937	0.047772358	0.048030374	0.048171777	0.047245808	0.047180072	0.048241554	0.047525775	0.048390672	0.048285678	0.048365325	0.048624037	0.050725450	0.051024843	0.051321861	0.050755128	0.052542520	0.053010621	0.053279468	0.053026774	0.054169687	0.053758891	0.053484791	0.053896951
t#bar{t} jec_FlavorPureQuark down,	0.052131697	0.052685319	0.051976334	0.051736917	0.050869279	0.050966936	0.050353188	0.050626280	0.049459947	0.049155394	0.048844766	0.048862720	0.047500192	0.047530603	0.045461118	0.045402927	0.047710385	0.047772358	0.048066934	0.048171777	0.047335219	0.047180072	0.048059943	0.047525775	0.048166869	0.048285678	0.048792435	0.048624037	0.050503516	0.051024843	0.051072074	0.050755128	0.053309310	0.053010621	0.052686552	0.053026774	0.053624279	0.053758891	0.054075964	0.053896951
t#bar{t} jec_FlavorPureCharm down,	0.052297620	0.052685319	0.051774381	0.051736917	0.051034854	0.050966936	0.050538973	0.050626280	0.049296412	0.049155394	0.049061623	0.048862720	0.047043605	0.047530603	0.046006703	0.045402927	0.047544555	0.047772358	0.047938856	0.048171777	0.047554136	0.047180072	0.047741742	0.047525775	0.047985393	0.048285678	0.048876966	0.048624037	0.050811288	0.051024843	0.050861684	0.050755128	0.052995567	0.053010621	0.052996393	0.053026774	0.053674101	0.053758891	0.053965150	0.053896951
t#bar{t} jec_FlavorPureBottom down,	0.052029708	0.052685319	0.051998813	0.051736917	0.050788576	0.050966936	0.050517309	0.050626280	0.049554313	0.049155394	0.048713087	0.048862720	0.047330483	0.047530603	0.045713467	0.045402927	0.047720778	0.047772358	0.048109579	0.048171777	0.047329541	0.047180072	0.047769393	0.047525775	0.048236394	0.048285678	0.048566309	0.048624037	0.050940296	0.051024843	0.050946329	0.050755128	0.053237459	0.053010621	0.052793181	0.053026774	0.053573283	0.053758891	0.054131702	0.053896951
t#bar{t} jer down,	0.052014904	0.052685319	0.051943726	0.051736917	0.051050457	0.050966936	0.050452568	0.050626280	0.049474324	0.049155394	0.048652645	0.048862720	0.047489868	0.047530603	0.045745688	0.045402927	0.047510993	0.047772358	0.048278496	0.048171777	0.047163799	0.047180072	0.047762448	0.047525775	0.048379433	0.048285678	0.048546496	0.048624037	0.050769110	0.051024843	0.051019914	0.050755128	0.053085771	0.053010621	0.053052472	0.053026774	0.053527646	0.053758891	0.054079242	0.053896951
t#bar{t} btag_heavy down,	0.052276209	0.052685319	0.051744558	0.051736917	0.051199398	0.050966936	0.050674833	0.050626280	0.049401766	0.049155394	0.048555305	0.048862720	0.047284792	0.047530603	0.045932745	0.045402927	0.047468168	0.047772358	0.048293540	0.048171777	0.047259604	0.047180072	0.047396048	0.047525775	0.048417144	0.048285678	0.048070633	0.048624037	0.051516517	0.051024843	0.050845338	0.050755128	0.053052110	0.053010621	0.052940733	0.053026774	0.053833046	0.053758891	0.053837512	0.053896951
t#bar{t} btag_light down,	0.052798753	0.052685319	0.051877768	0.051736917	0.050607489	0.050966936	0.050666750	0.050626280	0.049261574	0.049155394	0.049011071	0.048862720	0.047345445	0.047530603	0.045626302	0.045402927	0.047413499	0.047772358	0.048457041	0.048171777	0.047152235	0.047180072	0.047414781	0.047525775	0.048335083	0.048285678	0.048654497	0.048624037	0.050403955	0.051024843	0.051277721	0.050755128	0.053328089	0.053010621	0.052512297	0.053026774	0.053840494	0.053758891	0.054015158	0.053896951
t#bar{t} csv_heavy down,	0.052229315	0.052685319	0.051874853	0.051736917	0.050848682	0.050966936	0.050787622	0.050626280	0.049124520	0.049155394	0.048702613	0.048862720	0.047607317	0.047530603	0.045921852	0.045402927	0.047055327	0.047772358	0.048447523	0.048171777	0.047219309	0.047180072	0.047759736	0.047525775	0.048012653	0.048285678	0.048875362	0.048624037	0.051115519	0.051024843	0.050663438	0.050755128	0.052911552	0.053010621	0.053309239	0.053026774	0.053495639	0.053758891	0.054037928	0.053896951
t#bar{t} csv_light down,	0.052364596	0.052685319	0.051883790	0.051736917	0.051164263	0.050966936	0.050379805	0.050626280	0.049339390	0.049155394	0.048685098	0.048862720	0.047664773	0.047530603	0.045492412	0.045402927	0.047450637	0.047772358	0.048411196	0.048171777	0.047088322	0.047180072	0.047701954	0.047525775	0.048253711	0.048285678	0.048703749	0.048624037	0.050736710	0.051024843	0.050956795	0.050755128	0.053159022	0.053010621	0.052957525	0.053026774	0.053486026	0.053758891	0.054120227	0.053896951
t#bar{t} tracking down,	0.052054356	0.052685319	0.052027493	0.051736917	0.050928627	0.050966936	0.050489163	0.050626280	0.049352646	0.049155394	0.049037332	0.048862720	0.047308242	0.047530603	0.045727301	0.045402927	0.047596525	0.047772358	0.048265001	0.048171777	0.047350620	0.047180072	0.047292073	0.047525775	0.048357854	0.048285678	0.048597931	0.048624037	0.050634260	0.051024843	0.051140062	0.050755128	0.053222375	0.053010621	0.052912036	0.053026774	0.053702100	0.053758891	0.054004001	0.053896951
t#bar{t} evtgen,	0.050834718	0.052685319	0.052378863	0.051736917	0.051178934	0.050966936	0.050246768	0.050626280	0.050466042	0.049155394	0.048785487	0.048862720	0.045904097	0.047530603	0.047643791	0.045402927	0.047023033	0.047772358	0.048036489	0.048171777	0.047006248	0.047180072	0.047328708	0.047525775	0.049318786	0.048285678	0.048235828	0.048624037	0.050415287	0.051024843	0.051018030	0.050755128	0.053164753	0.053010621	0.053851369	0.053026774	0.053019274	0.053758891	0.054143496	0.053896951
t#bar{t} m=171.5,	0.052331906	0.052685319	0.051794081	0.051736917	0.051181797	0.050966936	0.050756644	0.050626280	0.049035961	0.049155394	0.047831860	0.048862720	0.048273472	0.047530603	0.045361073	0.045402927	0.048704462	0.047772358	0.046812449	0.048171777	0.048167224	0.047180072	0.047457416	0.047525775	0.048049963	0.048285678	0.048782073	0.048624037	0.051096885	0.051024843	0.050954714	0.050755128	0.052214371	0.053010621	0.053528899	0.053026774	0.053907012	0.053758891	0.053757737	0.053896951
t#bar{t} m=173.5,	0.052060578	0.052685319	0.051929604	0.051736917	0.052082321	0.050966936	0.049623346	0.050626280	0.049162896	0.049155394	0.049848954	0.048862720	0.047173358	0.047530603	0.045815808	0.045402927	0.047960005	0.047772358	0.047365218	0.048171777	0.047819190	0.047180072	0.046341124	0.047525775	0.049159541	0.048285678	0.047902769	0.048624037	0.050502404	0.051024843	0.051561014	0.050755128	0.054293486	0.053010621	0.051330178	0.053026774	0.054333422	0.053758891	0.053734787	0.053896951
t#bar{t} pileup up,	0.052613029	0.052685319	0.051777202	0.051736917	0.050809589	0.050966936	0.050667039	0.050626280	0.049187470	0.049155394	0.048846872	0.048862720	0.047480286	0.047530603	0.045415884	0.045402927	0.047747444	0.047772358	0.048169484	0.048171777	0.047165968	0.047180072	0.047853282	0.047525775	0.048232616	0.048285678	0.048601389	0.048624037	0.050989562	0.051024843	0.050799752	0.050755128	0.053012124	0.053010621	0.052967946	0.053026774	0.053795959	0.053758891	0.053867102	0.053896951
t#bar{t} pileup down,	0.052731924	0.052685319	0.051690683	0.051736917	0.051126394	0.050966936	0.050585435	0.050626280	0.049100172	0.049155394	0.048914192	0.048862720	0.047548635	0.047530603	0.045405872	0.045402927	0.047829221	0.047772358	0.048114531	0.048171777	0.047209924	0.047180072	0.047284402	0.047525775	0.048340005	0.048285678	0.048621597	0.048624037	0.051068003	0.051024843	0.050703373	0.050755128	0.052995164	0.053010621	0.053089715	0.053026774	0.053741334	0.053758891	0.053899422	0.053896951
t#bar{t} trig efficiency correction up,	0.052606850	0.052685319	0.051695165	0.051736917	0.051183294	0.050966936	0.050509886	0.050626280	0.049223925	0.049155394	0.048801028	0.048862720	0.047543783	0.047530603	0.045477382	0.045402927	0.047737246	0.047772358	0.048041618	0.048171777	0.047350287	0.047180072	0.047497902	0.047525775	0.048280283	0.048285678	0.048549331	0.048624037	0.050996420	0.051024843	0.050800100	0.050755128	0.053154549	0.053010621	0.052885224	0.053026774	0.053738021	0.053758891	0.053927705	0.053896951
t#bar{t} trig efficiency correction down,	0.052605511	0.052685319	0.051697748	0.051736917	0.051185702	0.050966936	0.050506246	0.050626280	0.049224543	0.049155394	0.048801712	0.048862720	0.047547693	0.047530603	0.045471675	0.045402927	0.047739528	0.047772358	0.048041268	0.048171777	0.047353126	0.047180072	0.047491421	0.047525775	0.048284712	0.048285678	0.048549798	0.048624037	0.050979252	0.051024843	0.050813875	0.050755128	0.053155737	0.053010621	0.052881130	0.053026774	0.053746652	0.053758891	0.053922672	0.053896951
t#bar{t} sel efficiency correction up,	0.052610863	0.052685319	0.051693947	0.051736917	0.051181942	0.050966936	0.050508616	0.050626280	0.049227425	0.049155394	0.048800472	0.048862720	0.047538405	0.047530603	0.045480993	0.045402927	0.047736174	0.047772358	0.048041441	0.048171777	0.047350629	0.047180072	0.047502761	0.047525775	0.048277204	0.048285678	0.048550250	0.048624037	0.050992928	0.051024843	0.050803799	0.050755128	0.053152115	0.053010621	0.052885014	0.053026774	0.053738337	0.053758891	0.053926685	0.053896951
t#bar{t} sel efficiency correction down,	0.052601415	0.052685319	0.051699002	0.051736917	0.051187048	0.050966936	0.050507557	0.050626280	0.049221003	0.049155394	0.048802237	0.048862720	0.047553134	0.047530603	0.045468058	0.045402927	0.047740623	0.047772358	0.048041420	0.048171777	0.047352782	0.047180072	0.047486487	0.047525775	0.048287862	0.048285678	0.048548877	0.048624037	0.050982768	0.051024843	0.050810149	0.050755128	0.053158198	0.053010621	0.052881334	0.053026774	0.053746353	0.053758891	0.053923691	0.053896951
t#bar{t} b fragmentation up,	0.052728352	0.052685319	0.051665689	0.051736917	0.050991784	0.050966936	0.050580840	0.050626280	0.049181409	0.049155394	0.048862967	0.048862720	0.047524056	0.047530603	0.045362424	0.045402927	0.047881120	0.047772358	0.047874145	0.048171777	0.047400776	0.047180072	0.047760120	0.047525775	0.048218538	0.048285678	0.048557567	0.048624037	0.051006801	0.051024843	0.050726076	0.050755128	0.053283584	0.053010621	0.052785697	0.053026774	0.053535064	0.053758891	0.054072991	0.053896951
t#bar{t} b fragmentation down,	0.052566526	0.052685319	0.051713107	0.051736917	0.051252355	0.050966936	0.050456107	0.050626280	0.049277118	0.049155394	0.048755156	0.048862720	0.047535655	0.047530603	0.045550267	0.045402927	0.047675150	0.047772358	0.048093520	0.048171777	0.047343794	0.047180072	0.047397534	0.047525775	0.048287840	0.048285678	0.048570007	0.048624037	0.050984861	0.051024843	0.050840442	0.050755128	0.053102376	0.053010621	0.052890438	0.053026774	0.053855065	0.053758891	0.053852682	0.053896951
t#bar{t} Peterson Frag,	0.052520559	0.052685319	0.051705744	0.051736917	0.051134572	0.050966936	0.050551223	0.050626280	0.049192461	0.049155394	0.048872991	0.048862720	0.047499772	0.047530603	0.045457831	0.045402927	0.047816192	0.047772358	0.047984729	0.048171777	0.047337923	0.047180072	0.047605611	0.047525775	0.048224723	0.048285678	0.048642167	0.048624037	0.051027740	0.051024843	0.050684923	0.050755128	0.053204180	0.053010621	0.052917187	0.053026774	0.053607633	0.053758891	0.054011839	0.053896951
t#bar{t} semilep BR up,	0.052612853	0.052685319	0.051692884	0.051736917	0.051192226	0.050966936	0.050506225	0.050626280	0.049223136	0.049155394	0.048797457	0.048862720	0.047546426	0.047530603	0.045480792	0.045402927	0.047727621	0.047772358	0.048052008	0.048171777	0.047341910	0.047180072	0.047496312	0.047525775	0.048281337	0.048285678	0.048552766	0.048624037	0.050980002	0.051024843	0.050813459	0.050755128	0.053148268	0.053010621	0.052887033	0.053026774	0.053746074	0.053758891	0.053921213	0.053896951
t#bar{t} semilep BR down,	0.052605591	0.052685319	0.051696757	0.051736917	0.051183939	0.050966936	0.050508155	0.050626280	0.049224476	0.049155394	0.048801713	0.048862720	0.047545280	0.047530603	0.045474674	0.045402927	0.047738534	0.047772358	0.048041191	0.048171777	0.047352250	0.047180072	0.047494607	0.047525775	0.048282253	0.048285678	0.048549929	0.048624037	0.050987582	0.051024843	0.050807186	0.050755128	0.053155308	0.053010621	0.052882771	0.053026774	0.053742677	0.053758891	0.053925124	0.053896951
t#bar{t} isr up,	0.052625556	0.052685319	0.051619054	0.051736917	0.051352610	0.050966936	0.050207312	0.050626280	0.049438817	0.049155394	0.048595622	0.048862720	0.047258379	0.047530603	0.045836490	0.045402927	0.048371624	0.047772358	0.047138458	0.048171777	0.047329796	0.047180072	0.048196206	0.047525775	0.048544393	0.048285678	0.048259360	0.048624037	0.050924717	0.051024843	0.050802314	0.050755128	0.052902395	0.053010621	0.053216373	0.053026774	0.053460865	0.053758891	0.053919658	0.053896951
t#bar{t} isr dn,	0.052065256	0.052685319	0.051860184	0.051736917	0.051147385	0.050966936	0.050468766	0.050626280	0.049179757	0.049155394	0.049081541	0.048862720	0.047020605	0.047530603	0.045763599	0.045402927	0.048320060	0.047772358	0.047506331	0.048171777	0.047452135	0.047180072	0.047904700	0.047525775	0.048394455	0.048285678	0.048222604	0.048624037	0.051023908	0.051024843	0.051000250	0.050755128	0.053565348	0.053010621	0.052042917	0.053026774	0.054116637	0.053758891	0.053863563	0.053896951
t#bar{t} fsr up,	0.052168591	0.052685319	0.052027892	0.051736917	0.050656121	0.050966936	0.050801084	0.050626280	0.049349733	0.049155394	0.048752958	0.048862720	0.047571889	0.047530603	0.045326790	0.045402927	0.047917621	0.047772358	0.048027565	0.048171777	0.047656366	0.047180072	0.047101176	0.047525775	0.048350458	0.048285678	0.048498103	0.048624037	0.050886510	0.051024843	0.051164885	0.050755128	0.052930437	0.053010621	0.053041801	0.053026774	0.053884279	0.053758891	0.053885739	0.053896951
t#bar{t} fsr dn,	0.051103442	0.052685319	0.052322254	0.051736917	0.051219002	0.050966936	0.050521882	0.050626280	0.049286792	0.049155394	0.049117784	0.048862720	0.047617058	0.047530603	0.045435589	0.045402927	0.047806108	0.047772358	0.048218338	0.048171777	0.047736234	0.047180072	0.046266426	0.047525775	0.048652099	0.048285678	0.048097258	0.048624037	0.051649136	0.051024843	0.051052987	0.050755128	0.053035213	0.053010621	0.052967500	0.053026774	0.053382559	0.053758891	0.054512339	0.053896951
t#bar{t} hdamp up,	0.051846543	0.052685319	0.052091315	0.051736917	0.050934827	0.050966936	0.050376135	0.050626280	0.049193702	0.049155394	0.048588854	0.048862720	0.047509144	0.047530603	0.046184174	0.045402927	0.047036719	0.047772358	0.047792378	0.048171777	0.048070812	0.047180072	0.048417507	0.047525775	0.047622235	0.048285678	0.048759260	0.048624037	0.051153604	0.051024843	0.050820296	0.050755128	0.053099178	0.053010621	0.052132777	0.053026774	0.055537791	0.053758891	0.052832748	0.053896951
t#bar{t} hdamp dn,	0.051954300	0.052685319	0.052163807	0.051736917	0.050476097	0.050966936	0.050800681	0.050626280	0.049357372	0.049155394	0.048422700	0.048862720	0.048033596	0.047530603	0.044682063	0.045402927	0.048597796	0.047772358	0.047637240	0.048171777	0.047437795	0.047180072	0.047641160	0.047525775	0.048538930	0.048285678	0.048231581	0.048624037	0.052322365	0.051024843	0.049825831	0.050755128	0.053009700	0.053010621	0.053269159	0.053026774	0.053257993	0.053758891	0.054339832	0.053896951
t#bar{t} UEup,	0.053044682	0.052685319	0.051829819	0.051736917	0.050190757	0.050966936	0.051570000	0.050626280	0.049051765	0.049155394	0.047272337	0.048862720	0.048373603	0.047530603	0.045331055	0.045402927	0.048346771	0.047772358	0.047798872	0.048171777	0.047446036	0.047180072	0.046732852	0.047525775	0.048829398	0.048285678	0.047944600	0.048624037	0.051785372	0.051024843	0.050760392	0.050755128	0.052276167	0.053010621	0.053846957	0.053026774	0.054150590	0.053758891	0.053417974	0.053896951
t#bar{t} UEdn,	0.051920845	0.052685319	0.052090287	0.051736917	0.051004594	0.050966936	0.050353200	0.050626280	0.050022047	0.049155394	0.047569659	0.048862720	0.048059838	0.047530603	0.045087008	0.045402927	0.048157576	0.047772358	0.047851196	0.048171777	0.047334226	0.047180072	0.048032841	0.047525775	0.048878284	0.048285678	0.047364794	0.048624037	0.051282960	0.051024843	0.051794122	0.050755128	0.052525288	0.053010621	0.052893949	0.053026774	0.053717084	0.053758891	0.054060202	0.053896951
t#bar{t} ERDon,	0.054631206	0.052685319	0.051249416	0.051736917	0.050512255	0.050966936	0.050578876	0.050626280	0.049196575	0.049155394	0.048012138	0.048862720	0.047653344	0.047530603	0.045533658	0.045402927	0.048350117	0.047772358	0.047185138	0.048171777	0.047000027	0.047180072	0.048551594	0.047525775	0.048391502	0.048285678	0.047679208	0.048624037	0.052119146	0.051024843	0.050357498	0.050755128	0.053100047	0.053010621	0.052150214	0.053026774	0.054179032	0.053758891	0.053569010	0.053896951
t#bar{t} QCDbased,	0.051459281	0.052685319	0.051893849	0.051736917	0.051627089	0.050966936	0.050027633	0.050626280	0.050048819	0.049155394	0.048299932	0.048862720	0.047346435	0.047530603	0.046355305	0.045402927	0.047339894	0.047772358	0.047748559	0.048171777	0.047427428	0.047180072	0.048201309	0.047525775	0.048451724	0.048285678	0.048919752	0.048624037	0.050406134	0.051024843	0.051057943	0.050755128	0.051687636	0.053010621	0.054585679	0.053026774	0.053363094	0.053758891	0.053752504	0.053896951
t#bar{t} gluon move,	0.053448736	0.052685319	0.051533348	0.051736917	0.050788358	0.050966936	0.050155204	0.050626280	0.050080674	0.049155394	0.047773636	0.048862720	0.047250400	0.047530603	0.046374920	0.045402927	0.048198878	0.047772358	0.046867422	0.048171777	0.047573854	0.047180072	0.048102770	0.047525775	0.048439611	0.048285678	0.047891028	0.048624037	0.051329363	0.051024843	0.050861822	0.050755128	0.053313487	0.053010621	0.052394698	0.053026774	0.053678891	0.053758891	0.053942899	0.053896951
