t#bar{t} pileup up,	0.296785402	0.296691217	0.274024432	0.274127637	0.182213257	0.182221840	0.118723107	0.118708660	0.078179553	0.078163153	0.050074249	0.050087493
t#bar{t} pileup down,	0.296648149	0.296691217	0.274156422	0.274127637	0.182246104	0.182221840	0.118697957	0.118708660	0.078156595	0.078163153	0.050094773	0.050087493
t#bar{t} trig efficiency correction up,	0.296841935	0.296691217	0.274065551	0.274127637	0.182050581	0.182221840	0.118817545	0.118708660	0.078127490	0.078163153	0.050096898	0.050087493
t#bar{t} trig efficiency correction down,	0.296835744	0.296691217	0.274073714	0.274127637	0.182049880	0.182221840	0.118815850	0.118708660	0.078128324	0.078163153	0.050096488	0.050087493
t#bar{t} sel efficiency correction up,	0.296834908	0.296691217	0.274080558	0.274127637	0.182041374	0.182221840	0.118819668	0.118708660	0.078126992	0.078163153	0.050096500	0.050087493
t#bar{t} sel efficiency correction down,	0.296842961	0.296691217	0.274057977	0.274127637	0.182059766	0.182221840	0.118813467	0.118708660	0.078128966	0.078163153	0.050096862	0.050087493
t#bar{t} b fragmentation up,	0.296642732	0.296691217	0.274221429	0.274127637	0.182157116	0.182221840	0.118707016	0.118708660	0.078195042	0.078163153	0.050076665	0.050087493
t#bar{t} b fragmentation down,	0.296970473	0.296691217	0.273979407	0.274127637	0.181962752	0.182221840	0.118898596	0.118708660	0.078079910	0.078163153	0.050108862	0.050087493
t#bar{t} Peterson Frag,	0.296813340	0.296691217	0.273945741	0.274127637	0.182261872	0.182221840	0.118721320	0.118708660	0.078158537	0.078163153	0.050099190	0.050087493
t#bar{t} semilep BR up,	0.296801545	0.296691217	0.274105421	0.274127637	0.182060700	0.182221840	0.118800936	0.118708660	0.078136977	0.078163153	0.050094420	0.050087493
t#bar{t} semilep BR down,	0.296837618	0.296691217	0.274075094	0.274127637	0.182044310	0.182221840	0.118819469	0.118708660	0.078127111	0.078163153	0.050096398	0.050087493
t#bar{t} QCD scale 1,	0.296824668	0.296691217	0.274042373	0.274127637	0.182114182	0.182221840	0.118778935	0.118708660	0.078144425	0.078163153	0.050095418	0.050087493
t#bar{t} QCD scale 2,	0.296894688	0.296691217	0.273992158	0.274127637	0.182064446	0.182221840	0.118824855	0.118708660	0.078127823	0.078163153	0.050096030	0.050087493
t#bar{t} QCD scale 3,	0.296894834	0.296691217	0.274028082	0.274127637	0.182012078	0.182221840	0.118851866	0.118708660	0.078117540	0.078163153	0.050095599	0.050087493
t#bar{t} QCD scale 4,	0.296891783	0.296691217	0.273960472	0.274127637	0.182115460	0.182221840	0.118796774	0.118708660	0.078140015	0.078163153	0.050095497	0.050087493
t#bar{t} QCD scale 5,	0.296789606	0.296691217	0.274187233	0.274127637	0.181965897	0.182221840	0.118846260	0.118708660	0.078112946	0.078163153	0.050098059	0.050087493
t#bar{t} QCD scale 6,	0.296831904	0.296691217	0.274077400	0.274127637	0.182050921	0.182221840	0.118811276	0.118708660	0.078135170	0.078163153	0.050093329	0.050087493
t#bar{t} jec_CorrelationGroupMPFInSitu up,	0.296974053	0.296691217	0.273788056	0.274127637	0.182224230	0.182221840	0.118738774	0.118708660	0.078141098	0.078163153	0.050133789	0.050087493
t#bar{t} jec_RelativeFSR up,	0.296239382	0.296691217	0.274561915	0.274127637	0.182381496	0.182221840	0.118386577	0.118708660	0.078373008	0.078163153	0.050057622	0.050087493
t#bar{t} jec_CorrelationGroupUncorrelated up,	0.296639162	0.296691217	0.274056458	0.274127637	0.182416807	0.182221840	0.118541973	0.118708660	0.078274849	0.078163153	0.050070749	0.050087493
t#bar{t} jec_FlavorPureGluon up,	0.296849594	0.296691217	0.274227697	0.274127637	0.181809522	0.182221840	0.118852683	0.118708660	0.078227121	0.078163153	0.050033383	0.050087493
t#bar{t} jec_FlavorPureQuark up,	0.296214017	0.296691217	0.274814735	0.274127637	0.182047830	0.182221840	0.118626622	0.118708660	0.078243032	0.078163153	0.050053764	0.050087493
t#bar{t} jec_FlavorPureCharm up,	0.296444821	0.296691217	0.274291491	0.274127637	0.182385755	0.182221840	0.118452411	0.118708660	0.078428347	0.078163153	0.049997175	0.050087493
t#bar{t} jec_FlavorPureBottom up,	0.296454994	0.296691217	0.274602487	0.274127637	0.181952964	0.182221840	0.118681163	0.118708660	0.078244573	0.078163153	0.050063818	0.050087493
t#bar{t} jer up,	0.296253452	0.296691217	0.274409294	0.274127637	0.182578608	0.182221840	0.118322695	0.118708660	0.078407642	0.078163153	0.050028309	0.050087493
t#bar{t} btag_heavy up,	0.296350112	0.296691217	0.274291386	0.274127637	0.182557383	0.182221840	0.118423137	0.118708660	0.078312938	0.078163153	0.050065044	0.050087493
t#bar{t} btag_light up,	0.296143554	0.296691217	0.275052709	0.274127637	0.181859297	0.182221840	0.118631667	0.118708660	0.078284770	0.078163153	0.050028003	0.050087493
t#bar{t} csv_heavy up,	0.296932341	0.296691217	0.273904947	0.274127637	0.182099658	0.182221840	0.118767393	0.118708660	0.078255377	0.078163153	0.050040284	0.050087493
t#bar{t} csv_light up,	0.296405558	0.296691217	0.274502223	0.274127637	0.182184735	0.182221840	0.118582001	0.118708660	0.078270070	0.078163153	0.050055413	0.050087493
t#bar{t} tracking up,	0.296243725	0.296691217	0.274581605	0.274127637	0.182314553	0.182221840	0.118473879	0.118708660	0.078373472	0.078163153	0.050012766	0.050087493
t#bar{t} jec_CorrelationGroupMPFInSitu down,	0.296629208	0.296691217	0.274181565	0.274127637	0.182245257	0.182221840	0.118596144	0.118708660	0.078325613	0.078163153	0.050022214	0.050087493
t#bar{t} jec_RelativeFSR down,	0.296760702	0.296691217	0.274088972	0.274127637	0.182176614	0.182221840	0.118679614	0.118708660	0.078212480	0.078163153	0.050081618	0.050087493
t#bar{t} jec_CorrelationGroupUncorrelated down,	0.296839699	0.296691217	0.273986250	0.274127637	0.182205349	0.182221840	0.118695376	0.118708660	0.078161504	0.078163153	0.050111822	0.050087493
t#bar{t} jec_FlavorPureGluon down,	0.296145693	0.296691217	0.274732732	0.274127637	0.182285257	0.182221840	0.118451020	0.118708660	0.078341543	0.078163153	0.050043754	0.050087493
t#bar{t} jec_FlavorPureQuark down,	0.296885788	0.296691217	0.274326683	0.274127637	0.181625095	0.182221840	0.119017311	0.118708660	0.077998769	0.078163153	0.050146353	0.050087493
t#bar{t} jec_FlavorPureCharm down,	0.296438689	0.296691217	0.274080632	0.274127637	0.182715674	0.182221840	0.118333939	0.118708660	0.078386984	0.078163153	0.050044082	0.050087493
t#bar{t} jec_FlavorPureBottom down,	0.296452340	0.296691217	0.274445857	0.274127637	0.182188587	0.182221840	0.118626757	0.118708660	0.078206529	0.078163153	0.050079929	0.050087493
t#bar{t} jer down,	0.296503802	0.296691217	0.274503955	0.274127637	0.182023390	0.182221840	0.118731885	0.118708660	0.078128481	0.078163153	0.050108487	0.050087493
t#bar{t} btag_heavy down,	0.296315125	0.296691217	0.274689313	0.274127637	0.182076834	0.182221840	0.118640048	0.118708660	0.078186088	0.078163153	0.050092592	0.050087493
t#bar{t} btag_light down,	0.296396183	0.296691217	0.274547025	0.274127637	0.182125009	0.182221840	0.118625097	0.118708660	0.078248604	0.078163153	0.050058082	0.050087493
t#bar{t} csv_heavy down,	0.295901707	0.296691217	0.275018961	0.274127637	0.182308505	0.182221840	0.118390247	0.118708660	0.078313617	0.078163153	0.050066964	0.050087493
t#bar{t} csv_light down,	0.296293207	0.296691217	0.274482474	0.274127637	0.182394204	0.182221840	0.118473914	0.118708660	0.078309829	0.078163153	0.050046373	0.050087493
t#bar{t} tracking down,	0.296732823	0.296691217	0.274113063	0.274127637	0.182151781	0.182221840	0.118720550	0.118708660	0.078209673	0.078163153	0.050072111	0.050087493
t#bar{t} evtgen,	0.296685468	0.296691217	0.273919972	0.274127637	0.182391593	0.182221840	0.118628069	0.118708660	0.078318237	0.078163153	0.050056660	0.050087493
t#bar{t} m=171.5,	0.296660137	0.296691217	0.275404088	0.274127637	0.180588208	0.182221840	0.119426559	0.118708660	0.077661473	0.078163153	0.050259534	0.050087493
t#bar{t} m=173.5,	0.299146687	0.296691217	0.272987735	0.274127637	0.179844959	0.182221840	0.120681124	0.118708660	0.076885949	0.078163153	0.050453546	0.050087493
t#bar{t} Herwig++,	0.305633549	0.296691217	0.262998900	0.274127637	0.182707046	0.182221840	0.121566667	0.118708660	0.076432926	0.078163153	0.050660912	0.050087493
t#bar{t} isr up,	0.294974652	0.296691217	0.276047589	0.274127637	0.182383034	0.182221840	0.118072294	0.118708660	0.078508571	0.078163153	0.050013860	0.050087493
t#bar{t} isr dn,	0.296026694	0.296691217	0.274271593	0.274127637	0.183116797	0.182221840	0.117956228	0.118708660	0.078499473	0.078163153	0.050129215	0.050087493
t#bar{t} fsr up,	0.288906591	0.296691217	0.284683419	0.274127637	0.180125819	0.182221840	0.117432159	0.118708660	0.078939428	0.078163153	0.049912584	0.050087493
t#bar{t} fsr dn,	0.303598773	0.296691217	0.264132099	0.274127637	0.184539309	0.182221840	0.119882921	0.118708660	0.077477129	0.078163153	0.050369769	0.050087493
t#bar{t} hdamp up,	0.294205645	0.296691217	0.277746422	0.274127637	0.181330956	0.182221840	0.118454195	0.118708660	0.078070644	0.078163153	0.050192138	0.050087493
t#bar{t} hdamp dn,	0.296841073	0.296691217	0.272730197	0.274127637	0.184110875	0.182221840	0.117238940	0.118708660	0.079099355	0.078163153	0.049979560	0.050087493
t#bar{t} UEup,	0.297579797	0.296691217	0.272769645	0.274127637	0.182622972	0.182221840	0.118868897	0.118708660	0.077913007	0.078163153	0.050245683	0.050087493
t#bar{t} UEdn,	0.296755965	0.296691217	0.275382279	0.274127637	0.180368431	0.182221840	0.119560440	0.118708660	0.077790060	0.078163153	0.050142826	0.050087493
t#bar{t} ERDon,	0.297378277	0.296691217	0.273426093	0.274127637	0.182038992	0.182221840	0.119067938	0.118708660	0.077905333	0.078163153	0.050183367	0.050087493
t#bar{t} QCDbased,	0.297964825	0.296691217	0.271684260	0.274127637	0.183407397	0.182221840	0.118361427	0.118708660	0.078663792	0.078163153	0.049918299	0.050087493
t#bar{t} gluon move,	0.298069728	0.296691217	0.272710701	0.274127637	0.181933015	0.182221840	0.119300099	0.118708660	0.077670106	0.078163153	0.050316352	0.050087493
