t#bar{t} jec_CorrelationGroupMPFInSitu up,	0.096298165	0.096101443	0.123670330	0.123676580	0.116787671	0.117121840	0.103828194	0.104330006	0.090044264	0.089755634	0.076534695	0.076352222	0.066078451	0.066006381	0.055419145	0.055279072	0.047328665	0.047469575	0.039514467	0.039366009	0.033606858	0.033610149	0.028671094	0.028412345	0.024484510	0.024605949	0.020727684	0.020791922	0.017785768	0.017821362	0.015275642	0.015348503	0.013445670	0.013493629	0.011563286	0.011541268	0.009901487	0.010001378	0.009033955	0.008914734
t#bar{t} jec_RelativeFSR up,	0.096350996	0.096101443	0.123838115	0.123676580	0.117203338	0.117121840	0.104206049	0.104330006	0.089628305	0.089755634	0.076373628	0.076352222	0.065976155	0.066006381	0.055448445	0.055279072	0.047147650	0.047469575	0.039442050	0.039366009	0.033540274	0.033610149	0.028419917	0.028412345	0.024563903	0.024605949	0.020757480	0.020791922	0.017714394	0.017821362	0.015390628	0.015348503	0.013556101	0.013493629	0.011565795	0.011541268	0.009855924	0.010001378	0.009020853	0.008914734
t#bar{t} jec_CorrelationGroupUncorrelated up,	0.095791390	0.096101443	0.123274535	0.123676580	0.117249336	0.117121840	0.103870347	0.104330006	0.089403681	0.089755634	0.076413163	0.076352222	0.066133352	0.066006381	0.055604293	0.055279072	0.047499569	0.047469575	0.039422512	0.039366009	0.033689812	0.033610149	0.028757300	0.028412345	0.024585342	0.024605949	0.020831392	0.020791922	0.017923404	0.017821362	0.015216602	0.015348503	0.013544347	0.013493629	0.011598272	0.011541268	0.010069979	0.010001378	0.009121371	0.008914734
t#bar{t} jec_FlavorPureGluon up,	0.096008115	0.096101443	0.123211694	0.123676580	0.117261414	0.117121840	0.104101725	0.104330006	0.089776421	0.089755634	0.076411957	0.076352222	0.065897463	0.066006381	0.055468190	0.055279072	0.047441617	0.047469575	0.039608709	0.039366009	0.033739128	0.033610149	0.028372389	0.028412345	0.024711305	0.024605949	0.020946598	0.020791922	0.017767162	0.017821362	0.015309261	0.015348503	0.013481088	0.013493629	0.011590161	0.011541268	0.009984042	0.010001378	0.008911561	0.008914734
t#bar{t} jec_FlavorPureQuark up,	0.096605417	0.096101443	0.123345334	0.123676580	0.117062361	0.117121840	0.104204578	0.104330006	0.089693215	0.089755634	0.076244458	0.076352222	0.066094403	0.066006381	0.055453882	0.055279072	0.047378478	0.047469575	0.039408800	0.039366009	0.033696120	0.033610149	0.028496835	0.028412345	0.024670417	0.024605949	0.020725679	0.020791922	0.017688501	0.017821362	0.015404355	0.015348503	0.013492506	0.013493629	0.011419390	0.011541268	0.009993968	0.010001378	0.008921307	0.008914734
t#bar{t} jec_FlavorPureCharm up,	0.096022858	0.096101443	0.123637601	0.123676580	0.117263447	0.117121840	0.104308907	0.104330006	0.089716364	0.089755634	0.076404179	0.076352222	0.066184425	0.066006381	0.055518165	0.055279072	0.047257021	0.047469575	0.039553783	0.039366009	0.033253341	0.033610149	0.028418974	0.028412345	0.024609917	0.024605949	0.020882175	0.020791922	0.017816769	0.017821362	0.015348275	0.015348503	0.013512329	0.013493629	0.011401066	0.011541268	0.009872930	0.010001378	0.009017474	0.008914734
t#bar{t} jec_FlavorPureBottom up,	0.096498856	0.096101443	0.123590964	0.123676580	0.117075040	0.117121840	0.104252186	0.104330006	0.090045414	0.089755634	0.076248006	0.076352222	0.065978848	0.066006381	0.055193115	0.055279072	0.047288739	0.047469575	0.039500199	0.039366009	0.033845314	0.033610149	0.028522130	0.028412345	0.024506606	0.024605949	0.020694202	0.020791922	0.017819955	0.017821362	0.015314296	0.015348503	0.013393345	0.013493629	0.011473526	0.011541268	0.009873950	0.010001378	0.008885310	0.008914734
t#bar{t} jer up,	0.096351308	0.096101443	0.123919831	0.123676580	0.116651252	0.117121840	0.103906921	0.104330006	0.089749404	0.089755634	0.076392079	0.076352222	0.066255130	0.066006381	0.055632492	0.055279072	0.047179099	0.047469575	0.039629803	0.039366009	0.033719324	0.033610149	0.028572693	0.028412345	0.024489400	0.024605949	0.020699986	0.020791922	0.017707928	0.017821362	0.015238909	0.015348503	0.013410350	0.013493629	0.011614980	0.011541268	0.009952746	0.010001378	0.008926367	0.008914734
t#bar{t} btag_heavy up,	0.096273781	0.096101443	0.123836696	0.123676580	0.116958322	0.117121840	0.103946285	0.104330006	0.089709694	0.089755634	0.076456771	0.076352222	0.066019174	0.066006381	0.055423347	0.055279072	0.047372029	0.047469575	0.039332639	0.039366009	0.033711925	0.033610149	0.028451516	0.028412345	0.024655290	0.024605949	0.020820096	0.020791922	0.017940632	0.017821362	0.015326616	0.015348503	0.013502681	0.013493629	0.011446327	0.011541268	0.009863409	0.010001378	0.008952768	0.008914734
t#bar{t} btag_light up,	0.095974533	0.096101443	0.123359423	0.123676580	0.116427209	0.117121840	0.103958739	0.104330006	0.090090662	0.089755634	0.076635020	0.076352222	0.065957365	0.066006381	0.055670274	0.055279072	0.047504390	0.047469575	0.039455315	0.039366009	0.033692272	0.033610149	0.028741120	0.028412345	0.024483708	0.024605949	0.020848085	0.020791922	0.017955562	0.017821362	0.015253476	0.015348503	0.013632926	0.013493629	0.011639040	0.011541268	0.009836375	0.010001378	0.008884505	0.008914734
t#bar{t} csv_heavy up,	0.096694648	0.096101443	0.123652114	0.123676580	0.117022693	0.117121840	0.104082356	0.104330006	0.090128028	0.089755634	0.076434856	0.076352222	0.065672025	0.066006381	0.055403981	0.055279072	0.047532271	0.047469575	0.039466408	0.039366009	0.033355170	0.033610149	0.028421099	0.028412345	0.024701827	0.024605949	0.020697547	0.020791922	0.017612194	0.017821362	0.015418018	0.015348503	0.013497014	0.013493629	0.011568246	0.011541268	0.009873151	0.010001378	0.008766354	0.008914734
t#bar{t} csv_light up,	0.096124818	0.096101443	0.123569995	0.123676580	0.117072306	0.117121840	0.103957213	0.104330006	0.089897969	0.089755634	0.076598557	0.076352222	0.066027518	0.066006381	0.055400087	0.055279072	0.047302946	0.047469575	0.039642674	0.039366009	0.033417825	0.033610149	0.028605119	0.028412345	0.024570668	0.024605949	0.021037538	0.020791922	0.017725993	0.017821362	0.015382032	0.015348503	0.013486037	0.013493629	0.011467809	0.011541268	0.009843964	0.010001378	0.008868931	0.008914734
t#bar{t} tracking up,	0.096305345	0.096101443	0.123446857	0.123676580	0.116926688	0.117121840	0.104439387	0.104330006	0.089645949	0.089755634	0.076324222	0.076352222	0.066212050	0.066006381	0.055486237	0.055279072	0.047464865	0.047469575	0.039493270	0.039366009	0.033579759	0.033610149	0.028382418	0.028412345	0.024535748	0.024605949	0.020698096	0.020791922	0.017791717	0.017821362	0.015365451	0.015348503	0.013402956	0.013493629	0.011517850	0.011541268	0.010051173	0.010001378	0.008929960	0.008914734
t#bar{t} jec_CorrelationGroupMPFInSitu down,	0.096112801	0.096101443	0.123571334	0.123676580	0.117288929	0.117121840	0.103973338	0.104330006	0.089757809	0.089755634	0.076461720	0.076352222	0.066127623	0.066006381	0.055625347	0.055279072	0.047385459	0.047469575	0.039278224	0.039366009	0.033730690	0.033610149	0.028440828	0.028412345	0.024638830	0.024605949	0.020747096	0.020791922	0.017806092	0.017821362	0.015308866	0.015348503	0.013490347	0.013493629	0.011534114	0.011541268	0.009796023	0.010001378	0.008924531	0.008914734
t#bar{t} jec_RelativeFSR down,	0.096557972	0.096101443	0.123812575	0.123676580	0.116722226	0.117121840	0.103589092	0.104330006	0.089573330	0.089755634	0.076489635	0.076352222	0.066013560	0.066006381	0.055528377	0.055279072	0.047536598	0.047469575	0.039811927	0.039366009	0.033466995	0.033610149	0.028534894	0.028412345	0.024526279	0.024605949	0.020813911	0.020791922	0.017822081	0.017821362	0.015228620	0.015348503	0.013496949	0.013493629	0.011516072	0.011541268	0.009989316	0.010001378	0.008969592	0.008914734
t#bar{t} jec_CorrelationGroupUncorrelated down,	0.096074388	0.096101443	0.123839755	0.123676580	0.117378112	0.117121840	0.104652878	0.104330006	0.089600861	0.089755634	0.076361726	0.076352222	0.066160954	0.066006381	0.055375607	0.055279072	0.047410274	0.047469575	0.039285097	0.039366009	0.033564674	0.033610149	0.028332849	0.028412345	0.024457597	0.024605949	0.020783224	0.020791922	0.017665468	0.017821362	0.015224845	0.015348503	0.013585878	0.013493629	0.011572119	0.011541268	0.009785853	0.010001378	0.008887844	0.008914734
t#bar{t} jec_FlavorPureGluon down,	0.096675138	0.096101443	0.123630547	0.123676580	0.117422246	0.117121840	0.104326793	0.104330006	0.089763120	0.089755634	0.076245653	0.076352222	0.066248305	0.066006381	0.055354562	0.055279072	0.047349867	0.047469575	0.039488361	0.039366009	0.033510250	0.033610149	0.028293563	0.028412345	0.024430872	0.024605949	0.020709366	0.020791922	0.017675263	0.017821362	0.015320064	0.015348503	0.013544056	0.013493629	0.011498327	0.011541268	0.009667650	0.010001378	0.008846000	0.008914734
t#bar{t} jec_FlavorPureQuark down,	0.096294096	0.096101443	0.123656512	0.123676580	0.117148500	0.117121840	0.104077575	0.104330006	0.089938336	0.089755634	0.076255799	0.076352222	0.066027154	0.066006381	0.055462221	0.055279072	0.047371889	0.047469575	0.039365214	0.039366009	0.033561513	0.033610149	0.028733057	0.028412345	0.024552047	0.024605949	0.020710114	0.020791922	0.017861654	0.017821362	0.015346989	0.015348503	0.013395763	0.013493629	0.011621544	0.011541268	0.009802406	0.010001378	0.008817616	0.008914734
t#bar{t} jec_FlavorPureCharm down,	0.096357048	0.096101443	0.123762716	0.123676580	0.116656619	0.117121840	0.103792616	0.104330006	0.090172439	0.089755634	0.076308338	0.076352222	0.066202491	0.066006381	0.055392092	0.055279072	0.047281957	0.047469575	0.039699676	0.039366009	0.033513639	0.033610149	0.028459214	0.028412345	0.024515061	0.024605949	0.020899596	0.020791922	0.017635149	0.017821362	0.015350205	0.015348503	0.013549710	0.013493629	0.011581202	0.011541268	0.009960452	0.010001378	0.008909779	0.008914734
t#bar{t} jec_FlavorPureBottom down,	0.096065480	0.096101443	0.123678614	0.123676580	0.117300703	0.117121840	0.104008959	0.104330006	0.089886478	0.089755634	0.076523047	0.076352222	0.066072720	0.066006381	0.055263685	0.055279072	0.047479228	0.047469575	0.039683302	0.039366009	0.033400908	0.033610149	0.028616441	0.028412345	0.024408441	0.024605949	0.020756753	0.020791922	0.017819410	0.017821362	0.015257592	0.015348503	0.013455867	0.013493629	0.011478266	0.011541268	0.009942647	0.010001378	0.008901456	0.008914734
t#bar{t} jer down,	0.096126309	0.096101443	0.123646386	0.123676580	0.117274317	0.117121840	0.104066998	0.104330006	0.089549644	0.089755634	0.076386810	0.076352222	0.066030462	0.066006381	0.055536840	0.055279072	0.047438273	0.047469575	0.039418761	0.039366009	0.033568451	0.033610149	0.028615940	0.028412345	0.024576118	0.024605949	0.020870580	0.020791922	0.017774860	0.017821362	0.015313630	0.015348503	0.013430493	0.013493629	0.011565452	0.011541268	0.009921364	0.010001378	0.008888312	0.008914734
t#bar{t} btag_heavy down,	0.096182735	0.096101443	0.123668993	0.123676580	0.117241429	0.117121840	0.103755295	0.104330006	0.089668808	0.089755634	0.076644603	0.076352222	0.066353390	0.066006381	0.055212873	0.055279072	0.047356064	0.047469575	0.039645692	0.039366009	0.033400027	0.033610149	0.028877072	0.028412345	0.024360740	0.024605949	0.020723105	0.020791922	0.017710647	0.017821362	0.015396953	0.015348503	0.013442373	0.013493629	0.011532100	0.011541268	0.009972881	0.010001378	0.008854223	0.008914734
t#bar{t} btag_light down,	0.096226644	0.096101443	0.123605252	0.123676580	0.116610002	0.117121840	0.104064578	0.104330006	0.089741866	0.089755634	0.076277767	0.076352222	0.066351254	0.066006381	0.055589287	0.055279072	0.047294199	0.047469575	0.039534277	0.039366009	0.033616291	0.033610149	0.028612797	0.028412345	0.024532340	0.024605949	0.020961296	0.020791922	0.017789403	0.017821362	0.015302966	0.015348503	0.013468212	0.013493629	0.011496990	0.011541268	0.009990785	0.010001378	0.008933794	0.008914734
t#bar{t} csv_heavy down,	0.095668468	0.096101443	0.123319003	0.123676580	0.116985865	0.117121840	0.103834333	0.104330006	0.089798840	0.089755634	0.076222824	0.076352222	0.066120298	0.066006381	0.055531583	0.055279072	0.047359030	0.047469575	0.039559169	0.039366009	0.033624038	0.033610149	0.028529205	0.028412345	0.024834251	0.024605949	0.021039909	0.020791922	0.017884147	0.017821362	0.015444143	0.015348503	0.013748108	0.013493629	0.011674702	0.011541268	0.009845720	0.010001378	0.008976362	0.008914734
t#bar{t} csv_light down,	0.096231434	0.096101443	0.123381728	0.123676580	0.117331529	0.117121840	0.104512293	0.104330006	0.089945485	0.089755634	0.076422181	0.076352222	0.066073849	0.066006381	0.055315675	0.055279072	0.047327169	0.047469575	0.039381676	0.039366009	0.033695226	0.033610149	0.028426879	0.028412345	0.024490745	0.024605949	0.020771212	0.020791922	0.017821733	0.017821362	0.015253730	0.015348503	0.013501562	0.013493629	0.011369523	0.011541268	0.009961446	0.010001378	0.008784924	0.008914734
t#bar{t} tracking down,	0.096132514	0.096101443	0.123417088	0.123676580	0.117042018	0.117121840	0.103937861	0.104330006	0.089614761	0.089755634	0.076119674	0.076352222	0.066178733	0.066006381	0.055840093	0.055279072	0.047431258	0.047469575	0.039609192	0.039366009	0.034031791	0.033610149	0.028608842	0.028412345	0.024644048	0.024605949	0.020735192	0.020791922	0.017685569	0.017821362	0.015254851	0.015348503	0.013401302	0.013493629	0.011619185	0.011541268	0.009865569	0.010001378	0.008830460	0.008914734
t#bar{t} evtgen,	0.098213067	0.096101443	0.122182445	0.123676580	0.110625832	0.117121840	0.105450777	0.104330006	0.090953233	0.089755634	0.075652637	0.076352222	0.066499153	0.066006381	0.057060077	0.055279072	0.047257517	0.047469575	0.039705355	0.039366009	0.032909896	0.033610149	0.030095150	0.028412345	0.024283944	0.024605949	0.020929383	0.020791922	0.016841093	0.017821362	0.016066468	0.015348503	0.014439519	0.013493629	0.012014621	0.011541268	0.010304764	0.010001378	0.008515068	0.008914734
t#bar{t} m=171.5,	0.093646882	0.096101443	0.122367802	0.123676580	0.117145640	0.117121840	0.103237159	0.104330006	0.086927126	0.089755634	0.077369315	0.076352222	0.067254686	0.066006381	0.055354360	0.055279072	0.047030151	0.047469575	0.041058565	0.039366009	0.033820215	0.033610149	0.029974060	0.028412345	0.025540690	0.024605949	0.020767990	0.020791922	0.018656736	0.017821362	0.015143677	0.015348503	0.013848853	0.013493629	0.011963422	0.011541268	0.010284209	0.010001378	0.008608460	0.008914734
t#bar{t} m=173.5,	0.094929861	0.096101443	0.126557631	0.123676580	0.115347473	0.117121840	0.103113400	0.104330006	0.091185850	0.089755634	0.075418156	0.076352222	0.065749590	0.066006381	0.052230718	0.055279072	0.046775889	0.047469575	0.040334021	0.039366009	0.035170386	0.033610149	0.028879884	0.028412345	0.025062681	0.024605949	0.020173548	0.020791922	0.017998454	0.017821362	0.015989445	0.015348503	0.013806657	0.013493629	0.011899636	0.011541268	0.010292351	0.010001378	0.009084367	0.008914734
t#bar{t} Herwig++,	0.117235550	0.096101443	0.132510340	0.123676580	0.113008835	0.117121840	0.100708195	0.104330006	0.084098098	0.089755634	0.071466683	0.076352222	0.061885946	0.066006381	0.050581350	0.055279072	0.044627210	0.047469575	0.038691267	0.039366009	0.033388391	0.033610149	0.028549722	0.028412345	0.023816949	0.024605949	0.020776252	0.020791922	0.017669218	0.017821362	0.015985982	0.015348503	0.013458847	0.013493629	0.012237756	0.011541268	0.010365912	0.010001378	0.008937497	0.008914734
t#bar{t} isr up,	0.093625100	0.096101443	0.121905549	0.123676580	0.116708911	0.117121840	0.104364638	0.104330006	0.089959383	0.089755634	0.077545349	0.076352222	0.064743736	0.066006381	0.055608700	0.055279072	0.046673066	0.047469575	0.040212896	0.039366009	0.034698694	0.033610149	0.029379319	0.028412345	0.024456757	0.024605949	0.021778720	0.020791922	0.018639360	0.017821362	0.015865519	0.015348503	0.012925272	0.013493629	0.011659399	0.011541268	0.010167334	0.010001378	0.009082297	0.008914734
t#bar{t} isr dn,	0.095502393	0.096101443	0.125197169	0.123676580	0.115850889	0.117121840	0.104371787	0.104330006	0.089415375	0.089755634	0.076244128	0.076352222	0.066708914	0.066006381	0.055625563	0.055279072	0.046703684	0.047469575	0.040231719	0.039366009	0.033816820	0.033610149	0.028914583	0.028412345	0.024656311	0.024605949	0.020576166	0.020791922	0.017141495	0.017821362	0.015218364	0.015348503	0.013289358	0.013493629	0.011557052	0.011541268	0.010194734	0.010001378	0.008783497	0.008914734
t#bar{t} fsr up,	0.072253329	0.096101443	0.106766479	0.123676580	0.109232254	0.117121840	0.102352013	0.104330006	0.089167077	0.089755634	0.079925067	0.076352222	0.071776925	0.066006381	0.059612212	0.055279072	0.052217121	0.047469575	0.045188984	0.039366009	0.037825078	0.033610149	0.032448890	0.028412345	0.027308299	0.024605949	0.024939643	0.020791922	0.020978487	0.017821362	0.018085221	0.015348503	0.014905203	0.013493629	0.013794462	0.011541268	0.011529150	0.010001378	0.009694104	0.008914734
t#bar{t} fsr dn,	0.113473918	0.096101443	0.137246738	0.123676580	0.122307066	0.117121840	0.104225087	0.104330006	0.088326289	0.089755634	0.074859815	0.076352222	0.061272519	0.066006381	0.049614518	0.055279072	0.043757576	0.047469575	0.036283451	0.039366009	0.031996006	0.033610149	0.026103191	0.028412345	0.022370718	0.024605949	0.018934311	0.020791922	0.016626561	0.017821362	0.013465611	0.015348503	0.012386757	0.013493629	0.009924577	0.011541268	0.008905628	0.010001378	0.007919666	0.008914734
t#bar{t} hdamp up,	0.096723042	0.096101443	0.121836364	0.123676580	0.117923190	0.117121840	0.102239858	0.104330006	0.089275928	0.089755634	0.077120153	0.076352222	0.065046303	0.066006381	0.054389376	0.055279072	0.047118366	0.047469575	0.040080011	0.039366009	0.035138902	0.033610149	0.029710967	0.028412345	0.025053841	0.024605949	0.020435960	0.020791922	0.017443330	0.017821362	0.015702790	0.015348503	0.014175995	0.013493629	0.011186387	0.011541268	0.010198070	0.010001378	0.009201166	0.008914734
t#bar{t} hdamp dn,	0.095338311	0.096101443	0.122955725	0.123676580	0.116591748	0.117121840	0.103915326	0.104330006	0.089902752	0.089755634	0.078009645	0.076352222	0.065470481	0.066006381	0.055349483	0.055279072	0.047919429	0.047469575	0.039118819	0.039366009	0.033199559	0.033610149	0.028623862	0.028412345	0.025384061	0.024605949	0.022089953	0.020791922	0.017603491	0.017821362	0.015333390	0.015348503	0.012907032	0.013493629	0.011429984	0.011541268	0.010013609	0.010001378	0.008843340	0.008914734
t#bar{t} UEup,	0.094722761	0.096101443	0.122573389	0.123676580	0.117980733	0.117121840	0.101658646	0.104330006	0.087943090	0.089755634	0.076717138	0.076352222	0.066512596	0.066006381	0.056358488	0.055279072	0.047512420	0.047469575	0.040993918	0.039366009	0.034245095	0.033610149	0.029541324	0.028412345	0.024245376	0.024605949	0.021709559	0.020791922	0.017825572	0.017821362	0.015366450	0.015348503	0.013937563	0.013493629	0.011523906	0.011541268	0.009362819	0.010001378	0.009269155	0.008914734
t#bar{t} UEdn,	0.095766209	0.096101443	0.124753473	0.123676580	0.115283857	0.117121840	0.103016414	0.104330006	0.090456546	0.089755634	0.075945384	0.076352222	0.066775712	0.066006381	0.055644801	0.055279072	0.049158158	0.047469575	0.039175438	0.039366009	0.034337064	0.033610149	0.027587529	0.028412345	0.024091198	0.024605949	0.020698563	0.020791922	0.018725946	0.017821362	0.014504191	0.015348503	0.013398052	0.013493629	0.011631816	0.011541268	0.010329312	0.010001378	0.008720338	0.008914734
t#bar{t} cflip,	0.097388713	0.096101443	0.123270921	0.123676580	0.113900213	0.117121840	0.102766360	0.104330006	0.090342458	0.089755634	0.076578185	0.076352222	0.065800427	0.066006381	0.054676385	0.055279072	0.049554826	0.047469575	0.040058861	0.039366009	0.033516285	0.033610149	0.027816637	0.028412345	0.023301218	0.024605949	0.021488109	0.020791922	0.018086258	0.017821362	0.015981748	0.015348503	0.013936978	0.013493629	0.012449721	0.011541268	0.009780728	0.010001378	0.009304970	0.008914734
t#bar{t} ERDon,	0.093721339	0.096101443	0.120949483	0.123676580	0.116494064	0.117121840	0.103118585	0.104330006	0.089821527	0.089755634	0.076753922	0.076352222	0.065967170	0.066006381	0.055316306	0.055279072	0.047565177	0.047469575	0.041209549	0.039366009	0.034162003	0.033610149	0.029436928	0.028412345	0.025048295	0.024605949	0.021432116	0.020791922	0.018304655	0.017821362	0.015823203	0.015348503	0.013321307	0.013493629	0.012368078	0.011541268	0.010249127	0.010001378	0.008937166	0.008914734
t#bar{t} QCDbased,	0.096849622	0.096101443	0.124267815	0.123676580	0.114410699	0.117121840	0.103742603	0.104330006	0.090435898	0.089755634	0.076330285	0.076352222	0.065690448	0.066006381	0.056050709	0.055279072	0.045813260	0.047469575	0.039951317	0.039366009	0.032845285	0.033610149	0.029198659	0.028412345	0.024699260	0.024605949	0.021063944	0.020791922	0.018251623	0.017821362	0.016210604	0.015348503	0.013479976	0.013493629	0.011287997	0.011541268	0.010619903	0.010001378	0.008800092	0.008914734
t#bar{t} gluon move,	0.094012385	0.096101443	0.124397737	0.123676580	0.116188419	0.117121840	0.103973581	0.104330006	0.089679656	0.089755634	0.077005862	0.076352222	0.064575865	0.066006381	0.056516261	0.055279072	0.047370185	0.047469575	0.039037873	0.039366009	0.034329711	0.033610149	0.028921379	0.028412345	0.024866474	0.024605949	0.021151724	0.020791922	0.018003082	0.017821362	0.015428786	0.015348503	0.013379498	0.013493629	0.011496348	0.011541268	0.010523726	0.010001378	0.009141449	0.008914734
