t#bar{t} jec_CorrelationGroupMPFInSitu up,	0.063811681	0.064199530	0.063776092	0.064032691	0.061373811	0.061579182	0.060372997	0.060328060	0.057813083	0.057845216	0.054865523	0.055001805	0.053770560	0.053633070	0.051260191	0.050940730	0.048826332	0.048725013	0.046640499	0.046606129	0.045554717	0.045587548	0.044739049	0.044876108	0.043671588	0.043251504	0.043816509	0.043919607	0.043837848	0.043905815	0.042889754	0.043124359	0.043201218	0.043017328	0.042974296	0.042769389	0.043447532	0.043390106	0.043356721	0.043266810
t#bar{t} jec_RelativeFSR up,	0.064149423	0.064199530	0.064070456	0.064032691	0.061344288	0.061579182	0.060102298	0.060328060	0.057596112	0.057845216	0.054986273	0.055001805	0.053669535	0.053633070	0.050864401	0.050940730	0.048818727	0.048725013	0.046658787	0.046606129	0.045537527	0.045587548	0.044837408	0.044876108	0.043236587	0.043251504	0.043972997	0.043919607	0.043907638	0.043905815	0.043062697	0.043124359	0.043490675	0.043017328	0.042874590	0.042769389	0.043488430	0.043390106	0.043331152	0.043266810
t#bar{t} jec_CorrelationGroupUncorrelated up,	0.063985632	0.064199530	0.064172120	0.064032691	0.061768774	0.061579182	0.060083567	0.060328060	0.057623754	0.057845216	0.054874843	0.055001805	0.053859376	0.053633070	0.050974379	0.050940730	0.049013402	0.048725013	0.047146096	0.046606129	0.045581169	0.045587548	0.044619412	0.044876108	0.043595335	0.043251504	0.043736597	0.043919607	0.043784003	0.043905815	0.042844979	0.043124359	0.043049905	0.043017328	0.042897061	0.042769389	0.043339353	0.043390106	0.043050242	0.043266810
t#bar{t} jec_FlavorPureGluon up,	0.063921983	0.064199530	0.063892938	0.064032691	0.061369489	0.061579182	0.059950173	0.060328060	0.057607620	0.057845216	0.054712767	0.055001805	0.053777439	0.053633070	0.051063996	0.050940730	0.048817883	0.048725013	0.046658605	0.046606129	0.045745125	0.045587548	0.044791384	0.044876108	0.043618614	0.043251504	0.044075077	0.043919607	0.043817062	0.043905815	0.043126566	0.043124359	0.043227292	0.043017328	0.042961381	0.042769389	0.043532290	0.043390106	0.043332316	0.043266810
t#bar{t} jec_FlavorPureQuark up,	0.064242661	0.064199530	0.063790120	0.064032691	0.061302653	0.061579182	0.060198912	0.060328060	0.057822914	0.057845216	0.054901743	0.055001805	0.053757795	0.053633070	0.051158510	0.050940730	0.048842624	0.048725013	0.046749789	0.046606129	0.045471173	0.045587548	0.044717855	0.044876108	0.043378606	0.043251504	0.043793299	0.043919607	0.043923269	0.043905815	0.042866004	0.043124359	0.043396305	0.043017328	0.042967714	0.042769389	0.043282730	0.043390106	0.043435323	0.043266810
t#bar{t} jec_FlavorPureCharm up,	0.063860898	0.064199530	0.063752206	0.064032691	0.061499964	0.061579182	0.059974023	0.060328060	0.057882537	0.057845216	0.055033895	0.055001805	0.053715629	0.053633070	0.050921266	0.050940730	0.048849906	0.048725013	0.046894259	0.046606129	0.045744464	0.045587548	0.044693059	0.044876108	0.043567249	0.043251504	0.043768216	0.043919607	0.044051416	0.043905815	0.042916440	0.043124359	0.043157449	0.043017328	0.042829875	0.042769389	0.043379302	0.043390106	0.043507946	0.043266810
t#bar{t} jec_FlavorPureBottom up,	0.064089291	0.064199530	0.063425566	0.064032691	0.061575622	0.061579182	0.060404710	0.060328060	0.057894144	0.057845216	0.055001051	0.055001805	0.053421530	0.053633070	0.051004129	0.050940730	0.048817790	0.048725013	0.046556714	0.046606129	0.045855198	0.045587548	0.044817003	0.044876108	0.043427242	0.043251504	0.043964268	0.043919607	0.043904833	0.043905815	0.042976054	0.043124359	0.043362284	0.043017328	0.042898905	0.042769389	0.043319746	0.043390106	0.043283920	0.043266810
t#bar{t} jer up,	0.063901244	0.064199530	0.064120303	0.064032691	0.061439608	0.061579182	0.060345058	0.060328060	0.057706165	0.057845216	0.054895772	0.055001805	0.053698742	0.053633070	0.050997874	0.050940730	0.048997719	0.048725013	0.046801542	0.046606129	0.045595607	0.045587548	0.044724241	0.044876108	0.043544817	0.043251504	0.043730559	0.043919607	0.043663425	0.043905815	0.042973621	0.043124359	0.043338922	0.043017328	0.042845313	0.042769389	0.043388856	0.043390106	0.043290611	0.043266810
t#bar{t} btag_heavy up,	0.064152087	0.064199530	0.063964047	0.064032691	0.061396953	0.061579182	0.060166632	0.060328060	0.058031515	0.057845216	0.054975594	0.055001805	0.053505335	0.053633070	0.050884165	0.050940730	0.048988487	0.048725013	0.046784323	0.046606129	0.045708384	0.045587548	0.044629461	0.044876108	0.043554450	0.043251504	0.043871645	0.043919607	0.043788166	0.043905815	0.043045303	0.043124359	0.043211923	0.043017328	0.042683331	0.042769389	0.043452657	0.043390106	0.043205542	0.043266810
t#bar{t} btag_light up,	0.063820812	0.064199530	0.063946833	0.064032691	0.061459942	0.061579182	0.060030628	0.060328060	0.057735462	0.057845216	0.055194228	0.055001805	0.053749944	0.053633070	0.050819005	0.050940730	0.049103375	0.048725013	0.046852852	0.046606129	0.045816073	0.045587548	0.044872790	0.044876108	0.043531232	0.043251504	0.044079576	0.043919607	0.043747291	0.043905815	0.042958508	0.043124359	0.043118572	0.043017328	0.042678424	0.042769389	0.043253199	0.043390106	0.043231255	0.043266810
t#bar{t} csv_heavy up,	0.064081773	0.064199530	0.063843358	0.064032691	0.061682645	0.061579182	0.059912072	0.060328060	0.057431346	0.057845216	0.055044446	0.055001805	0.053731306	0.053633070	0.051015579	0.050940730	0.049052792	0.048725013	0.046984197	0.046606129	0.046098236	0.045587548	0.045006522	0.044876108	0.043363976	0.043251504	0.043811837	0.043919607	0.043860640	0.043905815	0.043017751	0.043124359	0.043160008	0.043017328	0.042775401	0.042769389	0.043068686	0.043390106	0.043057429	0.043266810
t#bar{t} csv_light up,	0.064079456	0.064199530	0.064150989	0.064032691	0.061736996	0.061579182	0.060077595	0.060328060	0.057796645	0.057845216	0.054651359	0.055001805	0.053643506	0.053633070	0.050913639	0.050940730	0.049057922	0.048725013	0.046616736	0.046606129	0.045820389	0.045587548	0.045012832	0.044876108	0.043504358	0.043251504	0.043786594	0.043919607	0.043833889	0.043905815	0.042915939	0.043124359	0.043243447	0.043017328	0.042697320	0.042769389	0.043087544	0.043390106	0.043372844	0.043266810
t#bar{t} tracking up,	0.064048987	0.064199530	0.063558066	0.064032691	0.061266504	0.061579182	0.059979144	0.060328060	0.058076697	0.057845216	0.054967751	0.055001805	0.053822370	0.053633070	0.051112674	0.050940730	0.048827800	0.048725013	0.046709435	0.046606129	0.045781304	0.045587548	0.044883722	0.044876108	0.043770809	0.043251504	0.043816071	0.043919607	0.043701695	0.043905815	0.042985604	0.043124359	0.043106658	0.043017328	0.042807313	0.042769389	0.043412932	0.043390106	0.043364464	0.043266810
t#bar{t} jec_CorrelationGroupMPFInSitu down,	0.064173180	0.064199530	0.063806272	0.064032691	0.061212861	0.061579182	0.060171141	0.060328060	0.057489577	0.057845216	0.054866922	0.055001805	0.053360812	0.053633070	0.051043243	0.050940730	0.049151376	0.048725013	0.046786148	0.046606129	0.045534605	0.045587548	0.044953486	0.044876108	0.043608838	0.043251504	0.043814837	0.043919607	0.044026017	0.043905815	0.043120147	0.043124359	0.043161093	0.043017328	0.043140329	0.042769389	0.043386074	0.043390106	0.043193044	0.043266810
t#bar{t} jec_RelativeFSR down,	0.064279713	0.064199530	0.063961858	0.064032691	0.061528895	0.061579182	0.060233670	0.060328060	0.057605200	0.057845216	0.055083472	0.055001805	0.053475563	0.053633070	0.050938429	0.050940730	0.048795731	0.048725013	0.046780297	0.046606129	0.045656666	0.045587548	0.044886177	0.044876108	0.043342461	0.043251504	0.043926853	0.043919607	0.043867532	0.043905815	0.042826273	0.043124359	0.043372013	0.043017328	0.043047041	0.042769389	0.043232331	0.043390106	0.043159824	0.043266810
t#bar{t} jec_CorrelationGroupUncorrelated down,	0.064131799	0.064199530	0.063829610	0.064032691	0.061397362	0.061579182	0.060294831	0.060328060	0.057973068	0.057845216	0.054894071	0.055001805	0.053541351	0.053633070	0.050737432	0.050940730	0.048918402	0.048725013	0.046720909	0.046606129	0.045425482	0.045587548	0.044952395	0.044876108	0.043286449	0.043251504	0.043874783	0.043919607	0.043867891	0.043905815	0.043063202	0.043124359	0.043288031	0.043017328	0.042764463	0.042769389	0.043475103	0.043390106	0.043563364	0.043266810
t#bar{t} jec_FlavorPureGluon down,	0.064023015	0.064199530	0.064066720	0.064032691	0.061306466	0.061579182	0.060361875	0.060328060	0.057700142	0.057845216	0.054998435	0.055001805	0.053318268	0.053633070	0.050882872	0.050940730	0.049004618	0.048725013	0.046795572	0.046606129	0.045527465	0.045587548	0.045184514	0.044876108	0.043607898	0.043251504	0.043537007	0.043919607	0.043852292	0.043905815	0.042856743	0.043124359	0.043366664	0.043017328	0.042640229	0.042769389	0.043494987	0.043390106	0.043474218	0.043266810
t#bar{t} jec_FlavorPureQuark down,	0.064204370	0.064199530	0.063831270	0.064032691	0.061494300	0.061579182	0.060219223	0.060328060	0.057846536	0.057845216	0.055023358	0.055001805	0.053706857	0.053633070	0.050722552	0.050940730	0.048909238	0.048725013	0.046678806	0.046606129	0.045772578	0.045587548	0.044837292	0.044876108	0.043465235	0.043251504	0.043675934	0.043919607	0.043724367	0.043905815	0.043043804	0.043124359	0.043562201	0.043017328	0.042806694	0.042769389	0.043156591	0.043390106	0.043318792	0.043266810
t#bar{t} jec_FlavorPureCharm down,	0.063904947	0.064199530	0.063997142	0.064032691	0.061397213	0.061579182	0.060114331	0.060328060	0.057807550	0.057845216	0.055026677	0.055001805	0.053699167	0.053633070	0.050835166	0.050940730	0.049039661	0.048725013	0.046711458	0.046606129	0.045646938	0.045587548	0.044657594	0.044876108	0.043611814	0.043251504	0.043659744	0.043919607	0.043915076	0.043905815	0.042876781	0.043124359	0.043327756	0.043017328	0.042862896	0.042769389	0.043650328	0.043390106	0.043257757	0.043266810
t#bar{t} jec_FlavorPureBottom down,	0.064059463	0.064199530	0.064144598	0.064032691	0.061264249	0.061579182	0.060152520	0.060328060	0.057902095	0.057845216	0.055242995	0.055001805	0.053884801	0.053633070	0.050997693	0.050940730	0.048692653	0.048725013	0.046578689	0.046606129	0.045542012	0.045587548	0.044707735	0.044876108	0.043565057	0.043251504	0.043802811	0.043919607	0.043994078	0.043905815	0.042934699	0.043124359	0.043086159	0.043017328	0.042871532	0.042769389	0.043410124	0.043390106	0.043166036	0.043266810
t#bar{t} jer down,	0.064007877	0.064199530	0.063847081	0.064032691	0.061617331	0.061579182	0.060069147	0.060328060	0.057784125	0.057845216	0.055032588	0.055001805	0.053596408	0.053633070	0.051096224	0.050940730	0.048851680	0.048725013	0.046746267	0.046606129	0.045557521	0.045587548	0.044706131	0.044876108	0.043408630	0.043251504	0.043912147	0.043919607	0.043976954	0.043905815	0.042917482	0.043124359	0.043284211	0.043017328	0.042634213	0.042769389	0.043466334	0.043390106	0.043487649	0.043266810
t#bar{t} btag_heavy down,	0.064536890	0.064199530	0.063974979	0.064032691	0.061598035	0.061579182	0.060193285	0.060328060	0.057593362	0.057845216	0.054971349	0.055001805	0.053602115	0.053633070	0.051105424	0.050940730	0.048783451	0.048725013	0.046902220	0.046606129	0.045427078	0.045587548	0.044992097	0.044876108	0.043292521	0.043251504	0.043981413	0.043919607	0.043701366	0.043905815	0.042818953	0.043124359	0.043015544	0.043017328	0.042730202	0.042769389	0.043432418	0.043390106	0.043347300	0.043266810
t#bar{t} btag_light down,	0.064045439	0.064199530	0.064018620	0.064032691	0.061227311	0.061579182	0.060180324	0.060328060	0.057800752	0.057845216	0.055127474	0.055001805	0.053556467	0.053633070	0.051007405	0.050940730	0.048999804	0.048725013	0.046751772	0.046606129	0.045551048	0.045587548	0.044908365	0.044876108	0.043630792	0.043251504	0.043843414	0.043919607	0.043864331	0.043905815	0.043004925	0.043124359	0.043417745	0.043017328	0.042806349	0.042769389	0.043269750	0.043390106	0.042987912	0.043266810
t#bar{t} csv_heavy down,	0.064109476	0.064199530	0.063602832	0.064032691	0.061517439	0.061579182	0.059911681	0.060328060	0.057742797	0.057845216	0.054847233	0.055001805	0.053558471	0.053633070	0.050912025	0.050940730	0.048904591	0.048725013	0.047046293	0.046606129	0.045979197	0.045587548	0.044995230	0.044876108	0.043619530	0.043251504	0.044123991	0.043919607	0.043580592	0.043905815	0.042856175	0.043124359	0.043007312	0.043017328	0.042819532	0.042769389	0.043450051	0.043390106	0.043415551	0.043266810
t#bar{t} csv_light down,	0.064226708	0.064199530	0.063886023	0.064032691	0.061544730	0.061579182	0.060221351	0.060328060	0.057853546	0.057845216	0.054803140	0.055001805	0.053833357	0.053633070	0.050728116	0.050940730	0.048751146	0.048725013	0.046849006	0.046606129	0.045557230	0.045587548	0.045026114	0.044876108	0.043456776	0.043251504	0.043652163	0.043919607	0.043744440	0.043905815	0.043036341	0.043124359	0.043140932	0.043017328	0.042885352	0.042769389	0.043255435	0.043390106	0.043548092	0.043266810
t#bar{t} tracking down,	0.063904461	0.064199530	0.063795940	0.064032691	0.061601918	0.061579182	0.060258571	0.060328060	0.057918926	0.057845216	0.054944546	0.055001805	0.053762436	0.053633070	0.051168366	0.050940730	0.049015491	0.048725013	0.046895319	0.046606129	0.045569147	0.045587548	0.044947914	0.044876108	0.043469230	0.043251504	0.043822681	0.043919607	0.043755407	0.043905815	0.042795143	0.043124359	0.043069801	0.043017328	0.042753957	0.042769389	0.043174053	0.043390106	0.043376691	0.043266810
t#bar{t} evtgen,	0.062553943	0.064199530	0.065541864	0.064032691	0.062138691	0.061579182	0.061125587	0.060328060	0.057292728	0.057845216	0.056336186	0.055001805	0.052335408	0.053633070	0.049857553	0.050940730	0.049902325	0.048725013	0.045141048	0.046606129	0.045875964	0.045587548	0.044376018	0.044876108	0.043275785	0.043251504	0.043631316	0.043919607	0.044042439	0.043905815	0.042674310	0.043124359	0.042623797	0.043017328	0.043044493	0.042769389	0.044191845	0.043390106	0.044038701	0.043266810
t#bar{t} m=171.5,	0.065958790	0.064199530	0.065051251	0.064032691	0.061499697	0.061579182	0.059189625	0.060328060	0.055622710	0.057845216	0.054998954	0.055001805	0.052395277	0.053633070	0.049905630	0.050940730	0.048208763	0.048725013	0.046995561	0.046606129	0.046433502	0.045587548	0.045099391	0.044876108	0.043999733	0.043251504	0.042628603	0.043919607	0.043722958	0.043905815	0.042737763	0.043124359	0.046156379	0.043017328	0.041367983	0.042769389	0.044979106	0.043390106	0.043048324	0.043266810
t#bar{t} m=173.5,	0.064364929	0.064199530	0.062447045	0.064032691	0.061100834	0.061579182	0.058961886	0.060328060	0.058508814	0.057845216	0.054591096	0.055001805	0.053397758	0.053633070	0.050651690	0.050940730	0.048370052	0.048725013	0.047613393	0.046606129	0.048143512	0.045587548	0.044453873	0.044876108	0.042458635	0.043251504	0.043931842	0.043919607	0.043264129	0.043905815	0.045086426	0.043124359	0.042055151	0.043017328	0.043163197	0.042769389	0.044974448	0.043390106	0.042461290	0.043266810
t#bar{t} Herwig++,	0.060998076	0.064199530	0.059355760	0.064032691	0.057173299	0.061579182	0.055340029	0.060328060	0.054046470	0.057845216	0.052849374	0.055001805	0.051826983	0.053633070	0.049253686	0.050940730	0.047888753	0.048725013	0.047213713	0.046606129	0.047180000	0.045587548	0.046147551	0.044876108	0.047955652	0.043251504	0.045671571	0.043919607	0.045494245	0.043905815	0.045521370	0.043124359	0.046874604	0.043017328	0.045174141	0.042769389	0.046374643	0.043390106	0.047660080	0.043266810
t#bar{t} isr up,	0.064115304	0.064199530	0.063702510	0.064032691	0.062827606	0.061579182	0.059788291	0.060328060	0.058313243	0.057845216	0.054664885	0.055001805	0.052467579	0.053633070	0.050533105	0.050940730	0.048200958	0.048725013	0.046843562	0.046606129	0.045861724	0.045587548	0.044821321	0.044876108	0.043526673	0.043251504	0.043966168	0.043919607	0.043744993	0.043905815	0.042409710	0.043124359	0.043865408	0.043017328	0.043851489	0.042769389	0.043390964	0.043390106	0.043104507	0.043266810
t#bar{t} isr dn,	0.064602761	0.064199530	0.063756751	0.064032691	0.063699621	0.061579182	0.058977837	0.060328060	0.056382251	0.057845216	0.056499917	0.055001805	0.053108170	0.053633070	0.049988860	0.050940730	0.048502098	0.048725013	0.046055920	0.046606129	0.045889626	0.045587548	0.045164071	0.044876108	0.043103687	0.043251504	0.042817275	0.043919607	0.044146310	0.043905815	0.043216030	0.043124359	0.043821394	0.043017328	0.043178199	0.042769389	0.043638409	0.043390106	0.043450812	0.043266810
t#bar{t} fsr up,	0.064885235	0.064199530	0.062918189	0.064032691	0.062115241	0.061579182	0.060037548	0.060328060	0.057813980	0.057845216	0.055725269	0.055001805	0.053032869	0.053633070	0.051014016	0.050940730	0.048257901	0.048725013	0.047922616	0.046606129	0.046284067	0.045587548	0.044694517	0.044876108	0.044086228	0.043251504	0.043629490	0.043919607	0.043396488	0.043905815	0.043110970	0.043124359	0.042687548	0.043017328	0.042421086	0.042769389	0.043008986	0.043390106	0.042957755	0.043266810
t#bar{t} fsr dn,	0.065184005	0.064199530	0.066118735	0.064032691	0.060885358	0.061579182	0.059152220	0.060328060	0.057289832	0.057845216	0.055805707	0.055001805	0.052276036	0.053633070	0.051255154	0.050940730	0.048165822	0.048725013	0.046500918	0.046606129	0.043699409	0.045587548	0.044197515	0.044876108	0.044314060	0.043251504	0.043846255	0.043919607	0.043338092	0.043905815	0.044395353	0.043124359	0.043719456	0.043017328	0.043171625	0.042769389	0.044255241	0.043390106	0.042429207	0.043266810
t#bar{t} hdamp up,	0.064549547	0.064199530	0.062290604	0.064032691	0.062247995	0.061579182	0.059759239	0.060328060	0.057357331	0.057845216	0.055554307	0.055001805	0.052027996	0.053633070	0.051787896	0.050940730	0.048975819	0.048725013	0.047603299	0.046606129	0.045816652	0.045587548	0.045535469	0.044876108	0.044034507	0.043251504	0.043089739	0.043919607	0.042167315	0.043905815	0.042252073	0.043124359	0.044820002	0.043017328	0.043174571	0.042769389	0.043171023	0.043390106	0.043784618	0.043266810
t#bar{t} hdamp dn,	0.063849994	0.064199530	0.064634897	0.064032691	0.062354861	0.061579182	0.060889012	0.060328060	0.057386615	0.057845216	0.056404295	0.055001805	0.052854307	0.053633070	0.050638680	0.050940730	0.047223013	0.048725013	0.047456432	0.046606129	0.045713062	0.045587548	0.044400512	0.044876108	0.044329875	0.043251504	0.043161306	0.043919607	0.042003338	0.043905815	0.043597871	0.043124359	0.042663693	0.043017328	0.044090359	0.042769389	0.042830270	0.043390106	0.043517608	0.043266810
t#bar{t} UEup,	0.065890041	0.064199530	0.063163415	0.064032691	0.062404131	0.061579182	0.059255118	0.060328060	0.056993358	0.057845216	0.053972091	0.055001805	0.053541080	0.053633070	0.051925172	0.050940730	0.048193038	0.048725013	0.046375068	0.046606129	0.045611548	0.045587548	0.044492070	0.044876108	0.044524189	0.043251504	0.042989085	0.043919607	0.044776120	0.043905815	0.042976936	0.043124359	0.043282829	0.043017328	0.043557372	0.042769389	0.042876037	0.043390106	0.043201305	0.043266810
t#bar{t} UEdn,	0.064854097	0.064199530	0.064513862	0.064032691	0.062949256	0.061579182	0.059212135	0.060328060	0.058214749	0.057845216	0.054490590	0.055001805	0.053910773	0.053633070	0.050340304	0.050940730	0.049870744	0.048725013	0.045980554	0.046606129	0.046755396	0.045587548	0.043589477	0.044876108	0.042484825	0.043251504	0.042667351	0.043919607	0.044330984	0.043905815	0.043051327	0.043124359	0.042651216	0.043017328	0.042396125	0.042769389	0.043765890	0.043390106	0.043970346	0.043266810
t#bar{t} cflip,	0.052658441	0.064199530	0.052510213	0.064032691	0.052312657	0.061579182	0.049651536	0.060328060	0.051513233	0.057845216	0.050995245	0.055001805	0.050105796	0.053633070	0.047991353	0.050940730	0.049307133	0.048725013	0.049190855	0.046606129	0.047688297	0.045587548	0.048189204	0.044876108	0.048172668	0.043251504	0.049538238	0.043919607	0.049546964	0.043905815	0.048359487	0.043124359	0.050741513	0.043017328	0.050966637	0.042769389	0.050581875	0.043390106	0.049978656	0.043266810
t#bar{t} ERDon,	0.062425166	0.064199530	0.062207855	0.064032691	0.061156456	0.061579182	0.058044181	0.060328060	0.055818367	0.057845216	0.055352476	0.055001805	0.053089937	0.053633070	0.050676544	0.050940730	0.048841993	0.048725013	0.047570254	0.046606129	0.046857350	0.045587548	0.045141350	0.044876108	0.044351279	0.043251504	0.043791921	0.043919607	0.043823028	0.043905815	0.043813641	0.043124359	0.043311642	0.043017328	0.044868224	0.042769389	0.044421941	0.043390106	0.044436396	0.043266810
t#bar{t} QCDbased,	0.061988261	0.064199530	0.058233081	0.064032691	0.058559144	0.061579182	0.057269241	0.060328060	0.056262446	0.057845216	0.054310977	0.055001805	0.051713613	0.053633070	0.049470909	0.050940730	0.049890114	0.048725013	0.047383204	0.046606129	0.046242319	0.045587548	0.046610664	0.044876108	0.045291278	0.043251504	0.046104642	0.043919607	0.044519661	0.043905815	0.044608416	0.043124359	0.046844506	0.043017328	0.043788134	0.042769389	0.044935239	0.043390106	0.045974150	0.043266810
t#bar{t} gluon move,	0.064502431	0.064199530	0.064105300	0.064032691	0.062448124	0.061579182	0.060001805	0.060328060	0.057866207	0.057845216	0.054860501	0.055001805	0.053210554	0.053633070	0.050761864	0.050940730	0.048514691	0.048725013	0.047562302	0.046606129	0.045865218	0.045587548	0.044204070	0.044876108	0.044395054	0.043251504	0.043862875	0.043919607	0.042807370	0.043905815	0.042924532	0.043124359	0.042372569	0.043017328	0.042556930	0.042769389	0.043091465	0.043390106	0.044086137	0.043266810
