t#bar{t},	0.106790912	0.107889608	0.130872379	0.128665335	0.116068453	0.116114043	0.100808815	0.102898317	0.085496023	0.084854582	0.072949232	0.072173467	0.062396073	0.063709306	0.051810150	0.051867709	0.044980305	0.044426527	0.038001593	0.038016166	0.033325096	0.033139952	0.029020677	0.029117145	0.024705990	0.025068155	0.021597246	0.021042400	0.018428919	0.017979347	0.015948840	0.016382128	0.014570705	0.014334248	0.012010693	0.012212286	0.010741063	0.010761629	0.009476833	0.009347651
t#bar{t} jec_CorrelationGroupMPFInSitu up,	0.108001713	0.107889608	0.128431686	0.128665335	0.116059423	0.116114043	0.103154584	0.102898317	0.085202973	0.084854582	0.071990531	0.072173467	0.063884099	0.063709306	0.051759896	0.051867709	0.044442372	0.044426527	0.038008401	0.038016166	0.033167899	0.033139952	0.029658474	0.029117145	0.024244312	0.025068155	0.020856149	0.021042400	0.018523059	0.017979347	0.016368902	0.016382128	0.013885987	0.014334248	0.012269506	0.012212286	0.010555482	0.010761629	0.009534551	0.009347651
t#bar{t} jec_RelativeFSR up,	0.108129859	0.107889608	0.128550701	0.128665335	0.116314992	0.116114043	0.102763060	0.102898317	0.084585375	0.084854582	0.072530898	0.072173467	0.063404153	0.063709306	0.051929769	0.051867709	0.044261324	0.044426527	0.038160737	0.038016166	0.033433351	0.033139952	0.029083970	0.029117145	0.024750653	0.025068155	0.021003137	0.021042400	0.018454416	0.017979347	0.016167028	0.016382128	0.014017617	0.014334248	0.012188125	0.012212286	0.010739751	0.010761629	0.009531085	0.009347651
t#bar{t} jec_CorrelationGroupUncorrelated up,	0.108205726	0.107889608	0.128351151	0.128665335	0.116111187	0.116114043	0.103829775	0.102898317	0.083589928	0.084854582	0.072425907	0.072173467	0.064066477	0.063709306	0.051696813	0.051867709	0.044508744	0.044426527	0.038121422	0.038016166	0.032962254	0.033139952	0.029562075	0.029117145	0.024787707	0.025068155	0.020713647	0.021042400	0.018200001	0.017979347	0.016175081	0.016382128	0.014011712	0.014334248	0.012576293	0.012212286	0.010709398	0.010761629	0.009394704	0.009347651
t#bar{t} jec_FlavorPureGluon up,	0.107781341	0.107889608	0.129146351	0.128665335	0.116024032	0.116114043	0.102925936	0.102898317	0.084588890	0.084854582	0.072395961	0.072173467	0.063390940	0.063709306	0.052068957	0.051867709	0.044340952	0.044426527	0.037955947	0.038016166	0.033279620	0.033139952	0.029598170	0.029117145	0.024623127	0.025068155	0.020485919	0.021042400	0.018303510	0.017979347	0.016313082	0.016382128	0.014334524	0.014334248	0.012465511	0.012212286	0.010431654	0.010761629	0.009545576	0.009347651
t#bar{t} jec_FlavorPureQuark up,	0.107662678	0.107889608	0.129051249	0.128665335	0.115771734	0.116114043	0.103110250	0.102898317	0.084683696	0.084854582	0.072075965	0.072173467	0.064243342	0.063709306	0.051948402	0.051867709	0.043864860	0.044426527	0.038381664	0.038016166	0.033433188	0.033139952	0.029089698	0.029117145	0.024713801	0.025068155	0.020815931	0.021042400	0.018220208	0.017979347	0.016394027	0.016382128	0.014307105	0.014334248	0.012168358	0.012212286	0.010661824	0.010761629	0.009402019	0.009347651
t#bar{t} jec_FlavorPureCharm up,	0.107807528	0.107889608	0.128832069	0.128665335	0.115736811	0.116114043	0.103629945	0.102898317	0.084868999	0.084854582	0.072168276	0.072173467	0.063385670	0.063709306	0.051912904	0.051867709	0.043954702	0.044426527	0.038244953	0.038016166	0.033549994	0.033139952	0.029058564	0.029117145	0.024484868	0.025068155	0.021451926	0.021042400	0.018187996	0.017979347	0.016373161	0.016382128	0.013854735	0.014334248	0.012389827	0.012212286	0.010734911	0.010761629	0.009372161	0.009347651
t#bar{t} jec_FlavorPureBottom up,	0.107881874	0.107889608	0.128811708	0.128665335	0.115847337	0.116114043	0.103355448	0.102898317	0.085138922	0.084854582	0.072261646	0.072173467	0.063216833	0.063709306	0.051923629	0.051867709	0.044282996	0.044426527	0.038131352	0.038016166	0.033069072	0.033139952	0.029365871	0.029117145	0.024757277	0.025068155	0.020849191	0.021042400	0.018345076	0.017979347	0.016234227	0.016382128	0.014077493	0.014334248	0.012393067	0.012212286	0.010613811	0.010761629	0.009443166	0.009347651
t#bar{t} jer up,	0.108102106	0.107889608	0.128600031	0.128665335	0.116253927	0.116114043	0.102895284	0.102898317	0.084510363	0.084854582	0.072527378	0.072173467	0.063307654	0.063709306	0.052103658	0.051867709	0.044021886	0.044426527	0.038063718	0.038016166	0.033587562	0.033139952	0.029167748	0.029117145	0.024721374	0.025068155	0.021018664	0.021042400	0.018398341	0.017979347	0.016145771	0.016382128	0.014133416	0.014334248	0.012313043	0.012212286	0.010559139	0.010761629	0.009568937	0.009347651
t#bar{t} btag_heavy up,	0.108505100	0.107889608	0.127696328	0.128665335	0.116276909	0.116114043	0.103548836	0.102898317	0.084183516	0.084854582	0.072098927	0.072173467	0.064158461	0.063709306	0.051873975	0.051867709	0.044544644	0.044426527	0.037760038	0.038016166	0.033302340	0.033139952	0.029204088	0.029117145	0.024817086	0.025068155	0.021018268	0.021042400	0.018266297	0.017979347	0.016295707	0.016382128	0.014132246	0.014334248	0.012173233	0.012212286	0.010568498	0.010761629	0.009575504	0.009347651
t#bar{t} btag_light up,	0.107954071	0.107889608	0.128652850	0.128665335	0.115933407	0.116114043	0.103366886	0.102898317	0.085277555	0.084854582	0.072226241	0.072173467	0.063186627	0.063709306	0.051740351	0.051867709	0.044810551	0.044426527	0.037823147	0.038016166	0.032876848	0.033139952	0.029446278	0.029117145	0.024943443	0.025068155	0.020828475	0.021042400	0.018284485	0.017979347	0.016203173	0.016382128	0.013790131	0.014334248	0.012609927	0.012212286	0.010641079	0.010761629	0.009404474	0.009347651
t#bar{t} csv_heavy up,	0.107854913	0.107889608	0.129033549	0.128665335	0.116163241	0.116114043	0.102743034	0.102898317	0.083195355	0.084854582	0.072778711	0.072173467	0.064101849	0.063709306	0.051755857	0.051867709	0.044067276	0.044426527	0.038318722	0.038016166	0.033709863	0.033139952	0.028885766	0.029117145	0.024615179	0.025068155	0.021669728	0.021042400	0.018055216	0.017979347	0.016246970	0.016382128	0.014237368	0.014334248	0.012692154	0.012212286	0.010373709	0.010761629	0.009501539	0.009347651
t#bar{t} csv_light up,	0.108193468	0.107889608	0.128091946	0.128665335	0.115922094	0.116114043	0.103923362	0.102898317	0.084866824	0.084854582	0.071869096	0.072173467	0.063933171	0.063709306	0.051801569	0.051867709	0.044432286	0.044426527	0.038128975	0.038016166	0.032966881	0.033139952	0.029268274	0.029117145	0.024901381	0.025068155	0.020841763	0.021042400	0.018133557	0.017979347	0.016489145	0.016382128	0.013744010	0.014334248	0.012424058	0.012212286	0.010673616	0.010761629	0.009394524	0.009347651
t#bar{t} tracking up,	0.107979105	0.107889608	0.128524923	0.128665335	0.116004710	0.116114043	0.103291842	0.102898317	0.084639068	0.084854582	0.072230621	0.072173467	0.063756523	0.063709306	0.051779307	0.051867709	0.044271164	0.044426527	0.038279227	0.038016166	0.032920739	0.033139952	0.029336147	0.029117145	0.024601139	0.025068155	0.021665273	0.021042400	0.018142496	0.017979347	0.016320605	0.016382128	0.013666340	0.014334248	0.012507806	0.012212286	0.010634716	0.010761629	0.009448248	0.009347651
t#bar{t} jec_CorrelationGroupMPFInSitu down,	0.108167559	0.107889608	0.128417544	0.128665335	0.116109164	0.116114043	0.103205270	0.102898317	0.085035120	0.084854582	0.072380133	0.072173467	0.063259190	0.063709306	0.051944306	0.051867709	0.044208477	0.044426527	0.038146561	0.038016166	0.033198009	0.033139952	0.029275876	0.029117145	0.024735399	0.025068155	0.021055201	0.021042400	0.018428966	0.017979347	0.016354324	0.016382128	0.013562458	0.014334248	0.012346781	0.012212286	0.010549837	0.010761629	0.009619826	0.009347651
t#bar{t} jec_RelativeFSR down,	0.108200688	0.107889608	0.128429734	0.128665335	0.116263223	0.116114043	0.103040139	0.102898317	0.084770713	0.084854582	0.072436440	0.072173467	0.063388471	0.063709306	0.052055178	0.051867709	0.043989628	0.044426527	0.038240716	0.038016166	0.033362941	0.033139952	0.029304173	0.029117145	0.024996178	0.025068155	0.020482398	0.021042400	0.018178490	0.017979347	0.016485715	0.016382128	0.014131329	0.014334248	0.012057842	0.012212286	0.010635972	0.010761629	0.009550033	0.009347651
t#bar{t} jec_CorrelationGroupUncorrelated down,	0.108173853	0.107889608	0.128388822	0.128665335	0.116299456	0.116114043	0.102868852	0.102898317	0.084514753	0.084854582	0.072397176	0.072173467	0.063853376	0.063709306	0.051739091	0.051867709	0.044548091	0.044426527	0.037913763	0.038016166	0.033443237	0.033139952	0.029039043	0.029117145	0.024678331	0.025068155	0.021213203	0.021042400	0.018599792	0.017979347	0.016180879	0.016382128	0.013675271	0.014334248	0.012185714	0.012212286	0.010701026	0.010761629	0.009586274	0.009347651
t#bar{t} jec_FlavorPureGluon down,	0.108017729	0.107889608	0.128230745	0.128665335	0.115796730	0.116114043	0.103712662	0.102898317	0.084796267	0.084854582	0.071837419	0.072173467	0.063918250	0.063709306	0.051626349	0.051867709	0.044541448	0.044426527	0.037942461	0.038016166	0.033223686	0.033139952	0.029063741	0.029117145	0.024544869	0.025068155	0.021940561	0.021042400	0.018257978	0.017979347	0.016168912	0.016382128	0.014347494	0.014334248	0.011815820	0.012212286	0.010546035	0.010761629	0.009670846	0.009347651
t#bar{t} jec_FlavorPureQuark down,	0.108070925	0.107889608	0.128263787	0.128665335	0.116192141	0.116114043	0.102381568	0.102898317	0.085428011	0.084854582	0.071970528	0.072173467	0.064191765	0.063709306	0.051983113	0.051867709	0.044081663	0.044426527	0.038002330	0.038016166	0.033538162	0.033139952	0.029003794	0.029117145	0.024665981	0.025068155	0.021405620	0.021042400	0.018077944	0.017979347	0.016473519	0.016382128	0.013852546	0.014334248	0.012231057	0.012212286	0.010707457	0.010761629	0.009478088	0.009347651
t#bar{t} jec_FlavorPureCharm down,	0.107923449	0.107889608	0.128764974	0.128665335	0.116038195	0.116114043	0.103043572	0.102898317	0.085255983	0.084854582	0.072259242	0.072173467	0.062984139	0.063709306	0.051914727	0.051867709	0.044576080	0.044426527	0.037866660	0.038016166	0.033301247	0.033139952	0.029021923	0.029117145	0.025066593	0.025068155	0.020828644	0.021042400	0.018420423	0.017979347	0.016066832	0.016382128	0.014370313	0.014334248	0.012172782	0.012212286	0.010593764	0.010761629	0.009530458	0.009347651
t#bar{t} jec_FlavorPureBottom down,	0.107962586	0.107889608	0.128704500	0.128665335	0.116109663	0.116114043	0.103251122	0.102898317	0.084322955	0.084854582	0.072381943	0.072173467	0.063663092	0.063709306	0.051948056	0.051867709	0.044270215	0.044426527	0.038061971	0.038016166	0.033270170	0.033139952	0.029240902	0.029117145	0.024609793	0.025068155	0.021281319	0.021042400	0.018287712	0.017979347	0.016321525	0.016382128	0.013814142	0.014334248	0.012305223	0.012212286	0.010800998	0.010761629	0.009392115	0.009347651
t#bar{t} jer down,	0.108323256	0.107889608	0.127956868	0.128665335	0.116082143	0.116114043	0.103340547	0.102898317	0.085376583	0.084854582	0.071985703	0.072173467	0.063831315	0.063709306	0.051908374	0.051867709	0.044181320	0.044426527	0.037859494	0.038016166	0.033503972	0.033139952	0.029331610	0.029117145	0.024710716	0.025068155	0.020613721	0.021042400	0.018363562	0.017979347	0.016341745	0.016382128	0.013872627	0.014334248	0.012235509	0.012212286	0.010692970	0.010761629	0.009487964	0.009347651
t#bar{t} btag_heavy down,	0.108171151	0.107889608	0.128255862	0.128665335	0.116273683	0.116114043	0.102981455	0.102898317	0.084605189	0.084854582	0.072319730	0.072173467	0.063572631	0.063709306	0.051910468	0.051867709	0.044160303	0.044426527	0.038481940	0.038016166	0.032733437	0.033139952	0.029304630	0.029117145	0.024765352	0.025068155	0.021565486	0.021042400	0.017972541	0.017979347	0.016357702	0.016382128	0.014086836	0.014334248	0.012387425	0.012212286	0.010704584	0.010761629	0.009389594	0.009347651
t#bar{t} btag_light down,	0.108289264	0.107889608	0.127935852	0.128665335	0.116041022	0.116114043	0.103799670	0.102898317	0.084981653	0.084854582	0.071847562	0.072173467	0.063753004	0.063709306	0.051968931	0.051867709	0.044398414	0.044426527	0.037769562	0.038016166	0.033271635	0.033139952	0.029303795	0.029117145	0.024993699	0.025068155	0.020794788	0.021042400	0.018077114	0.017979347	0.016345801	0.016382128	0.013990458	0.014334248	0.012285030	0.012212286	0.010729212	0.010761629	0.009423534	0.009347651
t#bar{t} csv_heavy down,	0.108370683	0.107889608	0.128354465	0.128665335	0.116662208	0.116114043	0.102493713	0.102898317	0.084487035	0.084854582	0.072790363	0.072173467	0.063036088	0.063709306	0.052284928	0.051867709	0.043714527	0.044426527	0.038567740	0.038016166	0.033394842	0.033139952	0.029245347	0.029117145	0.024617946	0.025068155	0.020822512	0.021042400	0.018449938	0.017979347	0.016419026	0.016382128	0.013843494	0.014334248	0.012290739	0.012212286	0.010617504	0.010761629	0.009536903	0.009347651
t#bar{t} csv_light down,	0.108265818	0.107889608	0.128046892	0.128665335	0.116394679	0.116114043	0.102547892	0.102898317	0.084972238	0.084854582	0.072215741	0.072173467	0.063902316	0.063709306	0.051682057	0.051867709	0.044752142	0.044426527	0.037699141	0.038016166	0.033266809	0.033139952	0.029372502	0.029117145	0.024698665	0.025068155	0.021334475	0.021042400	0.018077256	0.017979347	0.016345413	0.016382128	0.014051067	0.014334248	0.012147571	0.012212286	0.010736317	0.010761629	0.009491009	0.009347651
t#bar{t} tracking down,	0.108056941	0.107889608	0.128693891	0.128665335	0.116068803	0.116114043	0.103534229	0.102898317	0.084534897	0.084854582	0.072362415	0.072173467	0.062906239	0.063709306	0.052083873	0.051867709	0.044326005	0.044426527	0.037992184	0.038016166	0.033327067	0.033139952	0.029401056	0.029117145	0.024644882	0.025068155	0.021105505	0.021042400	0.018295566	0.017979347	0.016382480	0.016382128	0.013942050	0.014334248	0.012153686	0.012212286	0.010572730	0.010761629	0.009615502	0.009347651
t#bar{t} evtgen,	0.107599125	0.107889608	0.128669142	0.128665335	0.112970392	0.116114043	0.109076131	0.102898317	0.085750188	0.084854582	0.070940569	0.072173467	0.062023411	0.063709306	0.052407171	0.051867709	0.042411219	0.044426527	0.039263181	0.038016166	0.032383244	0.033139952	0.030142740	0.029117145	0.023784874	0.025068155	0.021925051	0.021042400	0.017773426	0.017979347	0.016026650	0.016382128	0.014691013	0.014334248	0.012073113	0.012212286	0.010715881	0.010761629	0.009373478	0.009347651
t#bar{t} m=171.5,	0.108753103	0.107889608	0.127984759	0.128665335	0.117026308	0.116114043	0.102217727	0.102898317	0.082624073	0.084854582	0.073656592	0.072173467	0.064030403	0.063709306	0.051577568	0.051867709	0.043685734	0.044426527	0.039736717	0.038016166	0.032090522	0.033139952	0.029273942	0.029117145	0.025266105	0.025068155	0.020840546	0.021042400	0.018720560	0.017979347	0.015854418	0.016382128	0.014738980	0.014334248	0.011645661	0.012212286	0.010636226	0.010761629	0.009640055	0.009347651
t#bar{t} m=173.5,	0.106003775	0.107889608	0.131697349	0.128665335	0.115083321	0.116114043	0.101093529	0.102898317	0.085357800	0.084854582	0.072265525	0.072173467	0.065496033	0.063709306	0.051582610	0.051867709	0.043288860	0.044426527	0.038832937	0.038016166	0.034008245	0.033139952	0.028589018	0.029117145	0.024700526	0.025068155	0.021011966	0.021042400	0.017882097	0.017979347	0.016505302	0.016382128	0.014156594	0.014334248	0.012236836	0.012212286	0.010802218	0.010761629	0.009405456	0.009347651
t#bar{t} pileup up,	0.107722084	0.107889608	0.128934716	0.128665335	0.115952762	0.116114043	0.102986016	0.102898317	0.084877559	0.084854582	0.072102219	0.072173467	0.063806710	0.063709306	0.051915737	0.051867709	0.044284551	0.044426527	0.038071800	0.038016166	0.033157822	0.033139952	0.029217203	0.029117145	0.024957921	0.025068155	0.021007794	0.021042400	0.017966480	0.017979347	0.016441637	0.016382128	0.014290585	0.014334248	0.012179147	0.012212286	0.010717436	0.010761629	0.009409820	0.009347651
t#bar{t} pileup down,	0.108054164	0.107889608	0.128415596	0.128665335	0.116245612	0.116114043	0.102826905	0.102898317	0.084947402	0.084854582	0.072218964	0.072173467	0.063533951	0.063709306	0.051862142	0.051867709	0.044580631	0.044426527	0.037899436	0.038016166	0.033137181	0.033139952	0.029071736	0.029117145	0.025140696	0.025068155	0.021029015	0.021042400	0.018015392	0.017979347	0.016343658	0.016382128	0.014365811	0.014334248	0.012207826	0.012212286	0.010776505	0.010761629	0.009327377	0.009347651
t#bar{t} trig efficiency correction up,	0.108175629	0.107889608	0.128324391	0.128665335	0.116263048	0.116114043	0.102814986	0.102898317	0.085420883	0.084854582	0.072213841	0.072173467	0.062900685	0.063709306	0.052228333	0.051867709	0.044332769	0.044426527	0.037741693	0.038016166	0.033407345	0.033139952	0.029257389	0.029117145	0.024742415	0.025068155	0.021043917	0.021042400	0.018162512	0.017979347	0.016347628	0.016382128	0.014167155	0.014334248	0.012409708	0.012212286	0.010657695	0.010761629	0.009387978	0.009347651
t#bar{t} trig efficiency correction down,	0.108175322	0.107889608	0.128330637	0.128665335	0.116260143	0.116114043	0.102826450	0.102898317	0.085418896	0.084854582	0.072220451	0.072173467	0.062877242	0.063709306	0.052231692	0.051867709	0.044326033	0.044426527	0.037752799	0.038016166	0.033408736	0.033139952	0.029247619	0.029117145	0.024745842	0.025068155	0.021046418	0.021042400	0.018166737	0.017979347	0.016347890	0.016382128	0.014163587	0.014334248	0.012406020	0.012212286	0.010657955	0.010761629	0.009389530	0.009347651
t#bar{t} sel efficiency correction up,	0.108175885	0.107889608	0.128327595	0.128665335	0.116263455	0.116114043	0.102818560	0.102898317	0.085409529	0.084854582	0.072218273	0.072173467	0.062894877	0.063709306	0.052231670	0.051867709	0.044326038	0.044426527	0.037750147	0.038016166	0.033405273	0.033139952	0.029257451	0.029117145	0.024742044	0.025068155	0.021044541	0.021042400	0.018160424	0.017979347	0.016349788	0.016382128	0.014169748	0.014334248	0.012409392	0.012212286	0.010657470	0.010761629	0.009387840	0.009347651
t#bar{t} sel efficiency correction down,	0.108175047	0.107889608	0.128327434	0.128665335	0.116259733	0.116114043	0.102822810	0.102898317	0.085430393	0.084854582	0.072215975	0.072173467	0.062883109	0.063709306	0.052228312	0.051867709	0.044332877	0.044426527	0.037744226	0.038016166	0.033410825	0.033139952	0.029247523	0.029117145	0.024746279	0.025068155	0.021045794	0.021042400	0.018168845	0.017979347	0.016345725	0.016382128	0.014160926	0.014334248	0.012406283	0.012212286	0.010658185	0.010761629	0.009389703	0.009347651
t#bar{t} b fragmentation up,	0.108172680	0.107889608	0.128130037	0.128665335	0.116129307	0.116114043	0.103023926	0.102898317	0.085652720	0.084854582	0.071986098	0.072173467	0.063117112	0.063709306	0.052063110	0.051867709	0.044487721	0.044426527	0.037720020	0.038016166	0.033222627	0.033139952	0.029252769	0.029117145	0.024677193	0.025068155	0.021306368	0.021042400	0.018148264	0.017979347	0.016301199	0.016382128	0.014209712	0.014334248	0.012353191	0.012212286	0.010671085	0.010761629	0.009374863	0.009347651
t#bar{t} b fragmentation down,	0.108088223	0.107889608	0.128547424	0.128665335	0.116266240	0.116114043	0.102722686	0.102898317	0.085429959	0.084854582	0.072276700	0.072173467	0.062722106	0.063709306	0.052306495	0.051867709	0.044275965	0.044426527	0.037762728	0.038016166	0.033455374	0.033139952	0.029257817	0.029117145	0.024799581	0.025068155	0.020941666	0.021042400	0.018133522	0.017979347	0.016365940	0.016382128	0.014150670	0.014334248	0.012455150	0.012212286	0.010670366	0.010761629	0.009371388	0.009347651
t#bar{t} Peterson Frag,	0.108144993	0.107889608	0.128285107	0.128665335	0.116154273	0.116114043	0.102863096	0.102898317	0.085824485	0.084854582	0.072038907	0.072173467	0.062834448	0.063709306	0.052250481	0.051867709	0.044265499	0.044426527	0.037826981	0.038016166	0.033280785	0.033139952	0.029294926	0.029117145	0.024674357	0.025068155	0.021114465	0.021042400	0.018210259	0.017979347	0.016287054	0.016382128	0.014299366	0.014334248	0.012312476	0.012212286	0.010642131	0.010761629	0.009395912	0.009347651
t#bar{t} semilep BR up,	0.108181095	0.107889608	0.128318836	0.128665335	0.116273446	0.116114043	0.102806770	0.102898317	0.085405941	0.084854582	0.072221833	0.072173467	0.062908550	0.063709306	0.052228316	0.051867709	0.044341981	0.044426527	0.037730333	0.038016166	0.033409677	0.033139952	0.029259570	0.029117145	0.024749048	0.025068155	0.021025267	0.021042400	0.018163537	0.017979347	0.016351543	0.016382128	0.014172034	0.014334248	0.012406847	0.012212286	0.010660135	0.010761629	0.009385240	0.009347651
t#bar{t} semilep BR down,	0.108176212	0.107889608	0.128326125	0.128665335	0.116262491	0.116114043	0.102820406	0.102898317	0.085418390	0.084854582	0.072217298	0.072173467	0.062890196	0.063709306	0.052229900	0.051867709	0.044329523	0.044426527	0.037747026	0.038016166	0.033408427	0.033139952	0.029252356	0.029117145	0.024743732	0.025068155	0.021045653	0.021042400	0.018164571	0.017979347	0.016347895	0.016382128	0.014165200	0.014334248	0.012407977	0.012212286	0.010657840	0.010761629	0.009388782	0.009347651
t#bar{t} isr up,	0.107598470	0.107889608	0.129450964	0.128665335	0.115660192	0.116114043	0.103075584	0.102898317	0.084736119	0.084854582	0.072479406	0.072173467	0.063021859	0.063709306	0.052144633	0.051867709	0.043961530	0.044426527	0.038114894	0.038016166	0.033424653	0.033139952	0.029264101	0.029117145	0.024101983	0.025068155	0.021909111	0.021042400	0.018419733	0.017979347	0.016418924	0.016382128	0.013945378	0.014334248	0.012374156	0.012212286	0.010247850	0.010761629	0.009650460	0.009347651
t#bar{t} isr dn,	0.107173953	0.107889608	0.129977801	0.128665335	0.115391780	0.116114043	0.103280944	0.102898317	0.084422403	0.084854582	0.072063002	0.072173467	0.064125720	0.063709306	0.052128153	0.051867709	0.043696102	0.044426527	0.038684574	0.038016166	0.032868407	0.033139952	0.029007482	0.029117145	0.025045060	0.025068155	0.021046815	0.021042400	0.018066454	0.017979347	0.016330039	0.016382128	0.014088671	0.014334248	0.012677743	0.012212286	0.010435117	0.010761629	0.009489781	0.009347651
t#bar{t} fsr up,	0.106061504	0.107889608	0.131956344	0.128665335	0.115114901	0.116114043	0.102709667	0.102898317	0.084050759	0.084854582	0.073059390	0.072173467	0.063635138	0.063709306	0.051167272	0.051867709	0.045259771	0.044426527	0.038118018	0.038016166	0.032703513	0.033139952	0.029379309	0.029117145	0.025110725	0.025068155	0.020607092	0.021042400	0.017850257	0.017979347	0.016569315	0.016382128	0.013866501	0.014334248	0.012524784	0.012212286	0.011092954	0.010761629	0.009162785	0.009347651
t#bar{t} fsr dn,	0.108375763	0.107889608	0.127478863	0.128665335	0.116348157	0.116114043	0.102721242	0.102898317	0.085060034	0.084854582	0.071935786	0.072173467	0.064821251	0.063709306	0.051551843	0.051867709	0.044527136	0.044426527	0.037512960	0.038016166	0.033542799	0.033139952	0.029191846	0.029117145	0.025119462	0.025068155	0.020645788	0.021042400	0.017982937	0.017979347	0.016228435	0.016382128	0.015017946	0.014334248	0.011922475	0.012212286	0.010410679	0.010761629	0.009604598	0.009347651
t#bar{t} hdamp up,	0.108714446	0.107889608	0.127665647	0.128665335	0.117507707	0.116114043	0.101340304	0.102898317	0.083352846	0.084854582	0.072892676	0.072173467	0.063910187	0.063709306	0.051744355	0.051867709	0.044948690	0.044426527	0.037788947	0.038016166	0.033266446	0.033139952	0.029092279	0.029117145	0.025395089	0.025068155	0.021428060	0.021042400	0.017531879	0.017979347	0.016561394	0.016382128	0.014847156	0.014334248	0.011801677	0.012212286	0.010429097	0.010761629	0.009781116	0.009347651
t#bar{t} hdamp dn,	0.107552357	0.107889608	0.129591937	0.128665335	0.115850322	0.116114043	0.103148647	0.102898317	0.084091691	0.084854582	0.072711687	0.072173467	0.063026470	0.063709306	0.051751897	0.051867709	0.044429023	0.044426527	0.038520385	0.038016166	0.032828426	0.033139952	0.028665122	0.029117145	0.025277100	0.025068155	0.021352618	0.021042400	0.018259307	0.017979347	0.016091549	0.016382128	0.014293830	0.014334248	0.012554932	0.012212286	0.010776515	0.010761629	0.009226183	0.009347651
t#bar{t} UEup,	0.107949866	0.107889608	0.129170861	0.128665335	0.116916654	0.116114043	0.100813779	0.102898317	0.083730898	0.084854582	0.073062536	0.072173467	0.064005920	0.063709306	0.051899181	0.051867709	0.044677861	0.044426527	0.037885220	0.038016166	0.033050176	0.033139952	0.029597917	0.029117145	0.024870980	0.025068155	0.020960237	0.021042400	0.017905712	0.017979347	0.016613634	0.016382128	0.014930790	0.014334248	0.011812692	0.012212286	0.010418834	0.010761629	0.009726251	0.009347651
t#bar{t} UEdn,	0.106786300	0.107889608	0.130602666	0.128665335	0.115617858	0.116114043	0.102323163	0.102898317	0.085639326	0.084854582	0.072149398	0.072173467	0.063580249	0.063709306	0.051130424	0.051867709	0.045432268	0.044426527	0.037908324	0.038016166	0.033262131	0.033139952	0.028415604	0.029117145	0.026177849	0.025068155	0.019996134	0.021042400	0.018393079	0.017979347	0.015574804	0.016382128	0.014736822	0.014334248	0.011998582	0.012212286	0.010738415	0.010761629	0.009536603	0.009347651
t#bar{t} ERDon,	0.108860143	0.107889608	0.127047496	0.128665335	0.116571692	0.116114043	0.102684101	0.102898317	0.085437766	0.084854582	0.072293906	0.072173467	0.063979524	0.063709306	0.051638227	0.051867709	0.044016646	0.044426527	0.038957472	0.038016166	0.032326598	0.033139952	0.029384576	0.029117145	0.025394327	0.025068155	0.019858194	0.021042400	0.017945491	0.017979347	0.016461052	0.016382128	0.014900378	0.014334248	0.012598802	0.012212286	0.010473910	0.010761629	0.009169699	0.009347651
t#bar{t} QCDbased,	0.107391222	0.107889608	0.129702751	0.128665335	0.114795134	0.116114043	0.104505805	0.102898317	0.085132161	0.084854582	0.072203911	0.072173467	0.063042147	0.063709306	0.051928296	0.051867709	0.042768326	0.044426527	0.039738458	0.038016166	0.033319693	0.033139952	0.028582008	0.029117145	0.024446005	0.025068155	0.020894373	0.021042400	0.018277544	0.017979347	0.016689173	0.016382128	0.014534246	0.014334248	0.012394201	0.012212286	0.010459535	0.010761629	0.009195012	0.009347651
t#bar{t} gluon move,	0.107234859	0.107889608	0.130220388	0.128665335	0.115641565	0.116114043	0.103158373	0.102898317	0.085300799	0.084854582	0.072650707	0.072173467	0.061784794	0.063709306	0.052093530	0.051867709	0.044834365	0.044426527	0.037651867	0.038016166	0.033296679	0.033139952	0.029043284	0.029117145	0.025077739	0.025068155	0.020984245	0.021042400	0.018539117	0.017979347	0.016064091	0.016382128	0.014109636	0.014334248	0.011919720	0.012212286	0.010821380	0.010761629	0.009572861	0.009347651
