t#bar{t},	0.379241295	0.378528062	0.357789447	0.359099122	0.168456968	0.166344932	0.066153674	0.068176297	0.022659496	0.021835055	0.005699121	0.006016533
t#bar{t} jec_CorrelationGroupMPFInSitu up,	0.379169451	0.378528062	0.358396230	0.359099122	0.166403790	0.166344932	0.068084350	0.068176297	0.021969235	0.021835055	0.005976945	0.006016533
t#bar{t} jec_RelativeFSR up,	0.378936005	0.378528062	0.358196175	0.359099122	0.167529185	0.166344932	0.067533340	0.068176297	0.021508191	0.021835055	0.006297105	0.006016533
t#bar{t} jec_CorrelationGroupUncorrelated up,	0.378512510	0.378528062	0.359285685	0.359099122	0.166015199	0.166344932	0.068284612	0.068176297	0.021962766	0.021835055	0.005939228	0.006016533
t#bar{t} jec_FlavorPureGluon up,	0.378121405	0.378528062	0.359746449	0.359099122	0.166040633	0.166344932	0.068157320	0.068176297	0.022000963	0.021835055	0.005933230	0.006016533
t#bar{t} jec_FlavorPureQuark up,	0.379261544	0.378528062	0.358008448	0.359099122	0.167165598	0.166344932	0.067563329	0.068176297	0.021935932	0.021835055	0.006065150	0.006016533
t#bar{t} jec_FlavorPureCharm up,	0.378782741	0.378528062	0.358322448	0.359099122	0.167784084	0.166344932	0.067170822	0.068176297	0.021725385	0.021835055	0.006214520	0.006016533
t#bar{t} jec_FlavorPureBottom up,	0.379407529	0.378528062	0.357908244	0.359099122	0.166884395	0.166344932	0.067870572	0.068176297	0.021910173	0.021835055	0.006019087	0.006016533
t#bar{t} jer up,	0.379454190	0.378528062	0.357604630	0.359099122	0.167692677	0.166344932	0.067270557	0.068176297	0.021885620	0.021835055	0.006092326	0.006016533
t#bar{t} btag_heavy up,	0.378940103	0.378528062	0.358571295	0.359099122	0.166557685	0.166344932	0.068000863	0.068176297	0.021917871	0.021835055	0.006012183	0.006016533
t#bar{t} btag_light up,	0.378449596	0.378528062	0.359052520	0.359099122	0.166793198	0.166344932	0.067803096	0.068176297	0.021770535	0.021835055	0.006131055	0.006016533
t#bar{t} csv_heavy up,	0.379474570	0.378528062	0.357918784	0.359099122	0.166654369	0.166344932	0.068065216	0.068176297	0.021848873	0.021835055	0.006038188	0.006016533
t#bar{t} csv_light up,	0.379529093	0.378528062	0.357905159	0.359099122	0.166632426	0.166344932	0.067998756	0.068176297	0.021900723	0.021835055	0.006033843	0.006016533
t#bar{t} tracking up,	0.378559272	0.378528062	0.359380008	0.359099122	0.165655382	0.166344932	0.068501506	0.068176297	0.022040796	0.021835055	0.005863035	0.006016533
t#bar{t} jec_CorrelationGroupMPFInSitu down,	0.378602401	0.378528062	0.358996123	0.359099122	0.166536909	0.166344932	0.067959775	0.068176297	0.021858713	0.021835055	0.006046080	0.006016533
t#bar{t} jec_RelativeFSR down,	0.378592490	0.378528062	0.359210699	0.359099122	0.165906071	0.166344932	0.068387880	0.068176297	0.021988697	0.021835055	0.005914163	0.006016533
t#bar{t} jec_CorrelationGroupUncorrelated down,	0.379245756	0.378528062	0.358051586	0.359099122	0.167104550	0.166344932	0.067639958	0.068176297	0.021908805	0.021835055	0.006049344	0.006016533
t#bar{t} jec_FlavorPureGluon down,	0.379017685	0.378528062	0.358343862	0.359099122	0.166934437	0.166344932	0.067785103	0.068176297	0.021834843	0.021835055	0.006084070	0.006016533
t#bar{t} jec_FlavorPureQuark down,	0.378103645	0.378528062	0.359507067	0.359099122	0.166731217	0.166344932	0.067655685	0.068176297	0.021968755	0.021835055	0.006033632	0.006016533
t#bar{t} jec_FlavorPureCharm down,	0.379310312	0.378528062	0.357761521	0.359099122	0.167637439	0.166344932	0.067315977	0.068176297	0.021810630	0.021835055	0.006164122	0.006016533
t#bar{t} jec_FlavorPureBottom down,	0.378371679	0.378528062	0.358939910	0.359099122	0.167334252	0.166344932	0.067404687	0.068176297	0.021816059	0.021835055	0.006133412	0.006016533
t#bar{t} jer down,	0.379775494	0.378528062	0.357582805	0.359099122	0.166629856	0.166344932	0.068117253	0.068176297	0.021882826	0.021835055	0.006011765	0.006016533
t#bar{t} btag_heavy down,	0.379042217	0.378528062	0.358732461	0.359099122	0.165803240	0.166344932	0.068571742	0.068176297	0.021935089	0.021835055	0.005915251	0.006016533
t#bar{t} btag_light down,	0.378508898	0.378528062	0.359052081	0.359099122	0.166610807	0.166344932	0.067873992	0.068176297	0.021901628	0.021835055	0.006052595	0.006016533
t#bar{t} csv_heavy down,	0.379511044	0.378528062	0.358050330	0.359099122	0.166275898	0.166344932	0.068268107	0.068176297	0.021934900	0.021835055	0.005959720	0.006016533
t#bar{t} csv_light down,	0.381132578	0.378528062	0.355907578	0.359099122	0.166808092	0.166344932	0.068275563	0.068176297	0.021918075	0.021835055	0.005958114	0.006016533
t#bar{t} tracking down,	0.379978070	0.378528062	0.357049762	0.359099122	0.167401079	0.166344932	0.067633208	0.068176297	0.021872716	0.021835055	0.006065165	0.006016533
t#bar{t} evtgen,	0.369304509	0.378528062	0.369602616	0.359099122	0.166978686	0.166344932	0.067708347	0.068176297	0.019811849	0.021835055	0.006593993	0.006016533
t#bar{t} m=171.5,	0.379444162	0.378528062	0.358385474	0.359099122	0.165348673	0.166344932	0.069065279	0.068176297	0.021823336	0.021835055	0.005933075	0.006016533
t#bar{t} m=173.5,	0.379147250	0.378528062	0.358456776	0.359099122	0.166091749	0.166344932	0.069149527	0.068176297	0.020709611	0.021835055	0.006445087	0.006016533
t#bar{t} Herwig++,	0.381690400	0.378528062	0.355547076	0.359099122	0.165981243	0.166344932	0.069406883	0.068176297	0.021185944	0.021835055	0.006188454	0.006016533
t#bar{t} isr up,	0.377834643	0.378528062	0.360027171	0.359099122	0.165848920	0.166344932	0.069232468	0.068176297	0.020715311	0.021835055	0.006341486	0.006016533
t#bar{t} isr dn,	0.380074414	0.378528062	0.357612813	0.359099122	0.165287029	0.166344932	0.069564901	0.068176297	0.021449833	0.021835055	0.006011010	0.006016533
t#bar{t} fsr up,	0.370614404	0.378528062	0.367940106	0.359099122	0.165747107	0.166344932	0.069375181	0.068176297	0.019653956	0.021835055	0.006669247	0.006016533
t#bar{t} fsr dn,	0.380994542	0.378528062	0.355997474	0.359099122	0.167145272	0.166344932	0.068011553	0.068176297	0.021787315	0.021835055	0.006063844	0.006016533
t#bar{t} hdamp up,	0.380045202	0.378528062	0.357464127	0.359099122	0.166320427	0.166344932	0.068141863	0.068176297	0.022271703	0.021835055	0.005756678	0.006016533
t#bar{t} hdamp dn,	0.378855229	0.378528062	0.359456507	0.359099122	0.164606865	0.166344932	0.069588818	0.068176297	0.021413506	0.021835055	0.006079074	0.006016533
t#bar{t} UEup,	0.379222944	0.378528062	0.358593362	0.359099122	0.165667300	0.166344932	0.068894673	0.068176297	0.021618060	0.021835055	0.006003660	0.006016533
t#bar{t} UEdn,	0.378684758	0.378528062	0.358249107	0.359099122	0.167626513	0.166344932	0.068497072	0.068176297	0.020402672	0.021835055	0.006539878	0.006016533
t#bar{t} pileup up,	0.378939921	0.378528062	0.358605127	0.359099122	0.166387482	0.166344932	0.068213612	0.068176297	0.021861806	0.021835055	0.005992051	0.006016533
t#bar{t} pileup down,	0.378130185	0.378528062	0.359615875	0.359099122	0.166208230	0.166344932	0.068201741	0.068176297	0.021812225	0.021835055	0.006031745	0.006016533
t#bar{t} trig efficiency correction up,	0.378600358	0.378528062	0.359009318	0.359099122	0.166536027	0.166344932	0.067926001	0.068176297	0.021902229	0.021835055	0.006026066	0.006016533
t#bar{t} trig efficiency correction down,	0.378599183	0.378528062	0.359001938	0.359099122	0.166561438	0.166344932	0.067906206	0.068176297	0.021902078	0.021835055	0.006029156	0.006016533
t#bar{t} sel efficiency correction up,	0.378591373	0.378528062	0.359022044	0.359099122	0.166530502	0.166344932	0.067927682	0.068176297	0.021903264	0.021835055	0.006025134	0.006016533
t#bar{t} sel efficiency correction down,	0.378607862	0.378528062	0.358989576	0.359099122	0.166566926	0.166344932	0.067904512	0.068176297	0.021901014	0.021835055	0.006030111	0.006016533
t#bar{t} b fragmentation up,	0.376025225	0.378528062	0.361984388	0.359099122	0.166523258	0.166344932	0.067477315	0.068176297	0.021871172	0.021835055	0.006118642	0.006016533
t#bar{t} b fragmentation down,	0.379824104	0.378528062	0.357602653	0.359099122	0.166484833	0.166344932	0.068195057	0.068176297	0.021925634	0.021835055	0.005967720	0.006016533
t#bar{t} Peterson Frag,	0.376992775	0.378528062	0.360907748	0.359099122	0.166491533	0.166344932	0.067622593	0.068176297	0.021934264	0.021835055	0.006051087	0.006016533
t#bar{t} semilep BR up,	0.378592795	0.378528062	0.359022197	0.359099122	0.166526293	0.166344932	0.067933134	0.068176297	0.021897071	0.021835055	0.006028510	0.006016533
t#bar{t} semilep BR down,	0.378602728	0.378528062	0.358998183	0.359099122	0.166560887	0.166344932	0.067906978	0.068176297	0.021902468	0.021835055	0.006028758	0.006016533
t#bar{t} ERDon,	0.378706258	0.378528062	0.358427897	0.359099122	0.166982222	0.166344932	0.068827828	0.068176297	0.020644192	0.021835055	0.006411603	0.006016533
t#bar{t} QCDbased,	0.379446992	0.378528062	0.357980729	0.359099122	0.166248191	0.166344932	0.068897751	0.068176297	0.021198148	0.021835055	0.006228190	0.006016533
t#bar{t} gluon move,	0.379066875	0.378528062	0.358432508	0.359099122	0.165834420	0.166344932	0.069799796	0.068176297	0.020534434	0.021835055	0.006331967	0.006016533
