t#bar{t},	0.306427596	0.307248718	0.290563898	0.289721879	0.181549441	0.179994468	0.110907698	0.113204662	0.068964147	0.067938355	0.041587219	0.041891918
t#bar{t} jec_CorrelationGroupMPFInSitu up,	0.306581668	0.307248718	0.290649734	0.289721879	0.180293790	0.179994468	0.112312545	0.113204662	0.068333742	0.067938355	0.041828521	0.041891918
t#bar{t} jec_RelativeFSR up,	0.306308185	0.307248718	0.291543482	0.289721879	0.179270619	0.179994468	0.113068919	0.113204662	0.067971610	0.067938355	0.041837185	0.041891918
t#bar{t} jec_CorrelationGroupUncorrelated up,	0.306493136	0.307248718	0.291071294	0.289721879	0.179769883	0.179994468	0.112614772	0.113204662	0.068312016	0.067938355	0.041738898	0.041891918
t#bar{t} jec_FlavorPureGluon up,	0.306533951	0.307248718	0.290422743	0.289721879	0.181108205	0.179994468	0.111433989	0.113204662	0.068672771	0.067938355	0.041828340	0.041891918
t#bar{t} jec_FlavorPureQuark up,	0.307000055	0.307248718	0.290054608	0.289721879	0.180018410	0.179994468	0.113078724	0.113204662	0.067908510	0.067938355	0.041939694	0.041891918
t#bar{t} jec_FlavorPureCharm up,	0.307159915	0.307248718	0.289426284	0.289721879	0.180928491	0.179994468	0.112312567	0.113204662	0.068294161	0.067938355	0.041878582	0.041891918
t#bar{t} jec_FlavorPureBottom up,	0.305522754	0.307248718	0.292605606	0.289721879	0.179740165	0.179994468	0.111803031	0.113204662	0.068434718	0.067938355	0.041893726	0.041891918
t#bar{t} jer up,	0.306857174	0.307248718	0.290233812	0.289721879	0.180176764	0.179994468	0.112810199	0.113204662	0.068054615	0.067938355	0.041867436	0.041891918
t#bar{t} btag_heavy up,	0.306493814	0.307248718	0.290482266	0.289721879	0.181060611	0.179994468	0.111569682	0.113204662	0.068611710	0.067938355	0.041781916	0.041891918
t#bar{t} btag_light up,	0.306836549	0.307248718	0.290056448	0.289721879	0.180684211	0.179994468	0.112253291	0.113204662	0.068314095	0.067938355	0.041855407	0.041891918
t#bar{t} csv_heavy up,	0.306691462	0.307248718	0.290525923	0.289721879	0.180128482	0.179994468	0.112615241	0.113204662	0.068307543	0.067938355	0.041731348	0.041891918
t#bar{t} csv_light up,	0.307022103	0.307248718	0.290105636	0.289721879	0.179735154	0.179994468	0.113466040	0.113204662	0.067616915	0.067938355	0.042054151	0.041891918
t#bar{t} tracking up,	0.306183037	0.307248718	0.291059182	0.289721879	0.180806847	0.179994468	0.111583748	0.113204662	0.068420912	0.067938355	0.041946274	0.041891918
t#bar{t} jec_CorrelationGroupMPFInSitu down,	0.306742675	0.307248718	0.290330937	0.289721879	0.180297963	0.179994468	0.112629742	0.113204662	0.068065944	0.067938355	0.041932739	0.041891918
t#bar{t} jec_RelativeFSR down,	0.306036299	0.307248718	0.291669290	0.289721879	0.180057583	0.179994468	0.112030631	0.113204662	0.068470044	0.067938355	0.041736152	0.041891918
t#bar{t} jec_CorrelationGroupUncorrelated down,	0.306227205	0.307248718	0.291869067	0.289721879	0.178987286	0.179994468	0.113096087	0.113204662	0.068001516	0.067938355	0.041818839	0.041891918
t#bar{t} jec_FlavorPureGluon down,	0.306622321	0.307248718	0.290897769	0.289721879	0.179517169	0.179994468	0.113107791	0.113204662	0.067963397	0.067938355	0.041891552	0.041891918
t#bar{t} jec_FlavorPureQuark down,	0.305760257	0.307248718	0.291962828	0.289721879	0.180462370	0.179994468	0.111433890	0.113204662	0.068701445	0.067938355	0.041679209	0.041891918
t#bar{t} jec_FlavorPureCharm down,	0.307502180	0.307248718	0.288665071	0.289721879	0.181400198	0.179994468	0.112259242	0.113204662	0.068256855	0.067938355	0.041916454	0.041891918
t#bar{t} jec_FlavorPureBottom down,	0.306929233	0.307248718	0.289932352	0.289721879	0.180712508	0.179994468	0.112248825	0.113204662	0.068276691	0.067938355	0.041900392	0.041891918
t#bar{t} jer down,	0.306227391	0.307248718	0.291397699	0.289721879	0.179841624	0.179994468	0.112446384	0.113204662	0.068277753	0.067938355	0.041809149	0.041891918
t#bar{t} btag_heavy down,	0.305677517	0.307248718	0.292436890	0.289721879	0.179758612	0.179994468	0.111787432	0.113204662	0.068595372	0.067938355	0.041744178	0.041891918
t#bar{t} btag_light down,	0.305873700	0.307248718	0.292208226	0.289721879	0.179350205	0.179994468	0.112555732	0.113204662	0.068267842	0.067938355	0.041744296	0.041891918
t#bar{t} csv_heavy down,	0.306511269	0.307248718	0.290719437	0.289721879	0.180411144	0.179994468	0.112251295	0.113204662	0.068292860	0.067938355	0.041813995	0.041891918
t#bar{t} csv_light down,	0.306869685	0.307248718	0.290246086	0.289721879	0.180087542	0.179994468	0.112816036	0.113204662	0.068134927	0.067938355	0.041845723	0.041891918
t#bar{t} tracking down,	0.307216873	0.307248718	0.289304164	0.289721879	0.180952829	0.179994468	0.112391861	0.113204662	0.068269216	0.067938355	0.041865058	0.041891918
t#bar{t} evtgen,	0.306905929	0.307248718	0.290143018	0.289721879	0.179944786	0.179994468	0.113228321	0.113204662	0.067735543	0.067938355	0.042042402	0.041891918
t#bar{t} m=171.5,	0.307626506	0.307248718	0.289210558	0.289721879	0.179374199	0.179994468	0.114337908	0.113204662	0.067254328	0.067938355	0.042196502	0.041891918
t#bar{t} m=173.5,	0.307261183	0.307248718	0.289602381	0.289721879	0.180332111	0.179994468	0.112776794	0.113204662	0.068047426	0.067938355	0.041980106	0.041891918
t#bar{t} Herwig++,	0.308687893	0.307248718	0.287543603	0.289721879	0.179710103	0.179994468	0.114617983	0.113204662	0.067633313	0.067938355	0.041807105	0.041891918
t#bar{t} isr up,	0.306064731	0.307248718	0.292067707	0.289721879	0.179038846	0.179994468	0.112831605	0.113204662	0.068345932	0.067938355	0.041651180	0.041891918
t#bar{t} isr dn,	0.306127558	0.307248718	0.292067702	0.289721879	0.178568483	0.179994468	0.113686331	0.113204662	0.067165517	0.067938355	0.042384410	0.041891918
t#bar{t} fsr up,	0.304012992	0.307248718	0.295960449	0.289721879	0.177800848	0.179994468	0.111676369	0.113204662	0.069576331	0.067938355	0.040973012	0.041891918
t#bar{t} fsr dn,	0.309567618	0.307248718	0.285359620	0.289721879	0.181048856	0.179994468	0.114495776	0.113204662	0.067498198	0.067938355	0.042029932	0.041891918
t#bar{t} hdamp up,	0.307384230	0.307248718	0.289026341	0.289721879	0.181223065	0.179994468	0.112131352	0.113204662	0.068464578	0.067938355	0.041770434	0.041891918
t#bar{t} hdamp dn,	0.308155290	0.307248718	0.288826921	0.289721879	0.178637153	0.179994468	0.115192733	0.113204662	0.066974685	0.067938355	0.042213218	0.041891918
t#bar{t} UEup,	0.307302248	0.307248718	0.289121655	0.289721879	0.181306014	0.179994468	0.112006228	0.113204662	0.068341862	0.067938355	0.041921993	0.041891918
t#bar{t} UEdn,	0.307082515	0.307248718	0.290198518	0.289721879	0.179641919	0.179994468	0.113255515	0.113204662	0.067950302	0.067938355	0.041871232	0.041891918
t#bar{t} ERDon,	0.306645323	0.307248718	0.290750184	0.289721879	0.179953168	0.179994468	0.112645792	0.113204662	0.068242677	0.067938355	0.041762856	0.041891918
t#bar{t} QCDbased,	0.307846191	0.307248718	0.288303107	0.289721879	0.180902068	0.179994468	0.113024792	0.113204662	0.067866508	0.067938355	0.042057333	0.041891918
t#bar{t} gluon move,	0.307043271	0.307248718	0.290473414	0.289721879	0.178923488	0.179994468	0.114126902	0.113204662	0.067253040	0.067938355	0.042179886	0.041891918
