t#bar{t} jec_CorrelationGroupMPFInSitu up,	0.074103793	0.073945589	0.134059294	0.134226030	0.146965231	0.146328388	0.137895090	0.137740820	0.116850357	0.116868465	0.095494519	0.095851414	0.074770092	0.075444862	0.058536411	0.058533245	0.045195953	0.045086647	0.033565756	0.033391526	0.025012986	0.024963418	0.018235211	0.018267372	0.013232322	0.013300475	0.009287809	0.009355141	0.006344304	0.006298521	0.004245666	0.004324092	0.002800021	0.002741208	0.001771981	0.001745266	0.001039773	0.001017555	0.000593431	0.000569967
t#bar{t} jec_RelativeFSR up,	0.074114869	0.073945589	0.134279838	0.134226030	0.146377446	0.146328388	0.137955212	0.137740820	0.116999778	0.116868465	0.095536724	0.095851414	0.074935274	0.075444862	0.058610470	0.058533245	0.045212980	0.045086647	0.033517854	0.033391526	0.025208564	0.024963418	0.018069105	0.018267372	0.013154311	0.013300475	0.009270270	0.009355141	0.006280292	0.006298521	0.004332632	0.004324092	0.002752964	0.002741208	0.001826302	0.001745266	0.000989138	0.001017555	0.000575977	0.000569967
t#bar{t} jec_CorrelationGroupUncorrelated up,	0.074071537	0.073945589	0.134031168	0.134226030	0.146739068	0.146328388	0.137473273	0.137740820	0.116877239	0.116868465	0.095596777	0.095851414	0.075177062	0.075444862	0.058556416	0.058533245	0.045218011	0.045086647	0.033457206	0.033391526	0.025161174	0.024963418	0.018173260	0.018267372	0.013169401	0.013300475	0.009438614	0.009355141	0.006298347	0.006298521	0.004340057	0.004324092	0.002811490	0.002741208	0.001764360	0.001745266	0.001047824	0.001017555	0.000597715	0.000569967
t#bar{t} jec_FlavorPureGluon up,	0.073878546	0.073945589	0.134080779	0.134226030	0.146924049	0.146328388	0.137430140	0.137740820	0.116813616	0.116868465	0.095913342	0.095851414	0.074970576	0.075444862	0.058478585	0.058533245	0.045248499	0.045086647	0.033567662	0.033391526	0.025300948	0.024963418	0.018171281	0.018267372	0.013246471	0.013300475	0.009360665	0.009355141	0.006101494	0.006298521	0.004316396	0.004324092	0.002769267	0.002741208	0.001798353	0.001745266	0.001061833	0.001017555	0.000567498	0.000569967
t#bar{t} jec_FlavorPureQuark up,	0.074190200	0.073945589	0.134152408	0.134226030	0.146741401	0.146328388	0.137614482	0.137740820	0.117396908	0.116868465	0.095569933	0.095851414	0.074919187	0.075444862	0.058147424	0.058533245	0.045175484	0.045086647	0.033595479	0.033391526	0.025205743	0.024963418	0.018143513	0.018267372	0.013196919	0.013300475	0.009281406	0.009355141	0.006204180	0.006298521	0.004287119	0.004324092	0.002745828	0.002741208	0.001810933	0.001745266	0.001044689	0.001017555	0.000576764	0.000569967
t#bar{t} jec_FlavorPureCharm up,	0.074029750	0.073945589	0.133858586	0.134226030	0.146859306	0.146328388	0.137523957	0.137740820	0.117370733	0.116868465	0.095505959	0.095851414	0.075075982	0.075444862	0.058580453	0.058533245	0.045185325	0.045086647	0.033479095	0.033391526	0.025229876	0.024963418	0.018088841	0.018267372	0.013140839	0.013300475	0.009372527	0.009355141	0.006288346	0.006298521	0.004294984	0.004324092	0.002775222	0.002741208	0.001762049	0.001745266	0.001014945	0.001017555	0.000563224	0.000569967
t#bar{t} jec_FlavorPureBottom up,	0.074049237	0.073945589	0.134581874	0.134226030	0.146546275	0.146328388	0.137688076	0.137740820	0.116927810	0.116868465	0.095367071	0.095851414	0.075264346	0.075444862	0.058767166	0.058533245	0.045109430	0.045086647	0.033207979	0.033391526	0.025175427	0.024963418	0.018143855	0.018267372	0.013196114	0.013300475	0.009335823	0.009355141	0.006237363	0.006298521	0.004293246	0.004324092	0.002745977	0.002741208	0.001746139	0.001745266	0.001041353	0.001017555	0.000575438	0.000569967
t#bar{t} jer up,	0.074124998	0.073945589	0.134417511	0.134226030	0.146605656	0.146328388	0.137699738	0.137740820	0.116910819	0.116868465	0.095582033	0.095851414	0.074791225	0.075444862	0.058327960	0.058533245	0.045345011	0.045086647	0.033447766	0.033391526	0.025193689	0.024963418	0.018231473	0.018267372	0.013319366	0.013300475	0.009301675	0.009355141	0.006209778	0.006298521	0.004328018	0.004324092	0.002790391	0.002741208	0.001790560	0.001745266	0.001018925	0.001017555	0.000563409	0.000569967
t#bar{t} btag_heavy up,	0.074036033	0.073945589	0.134492870	0.134226030	0.146220000	0.146328388	0.137596734	0.137740820	0.116998550	0.116868465	0.095661331	0.095851414	0.075266681	0.075444862	0.058400549	0.058533245	0.045160275	0.045086647	0.033544855	0.033391526	0.025199627	0.024963418	0.018261921	0.018267372	0.013232215	0.013300475	0.009237691	0.009355141	0.006191258	0.006298521	0.004282774	0.004324092	0.002780743	0.002741208	0.001809467	0.001745266	0.001030331	0.001017555	0.000596095	0.000569967
t#bar{t} btag_light up,	0.074218723	0.073945589	0.133992041	0.134226030	0.146319901	0.146328388	0.137680289	0.137740820	0.116844513	0.116868465	0.095834693	0.095851414	0.075452082	0.075444862	0.058469096	0.058533245	0.045237710	0.045086647	0.033469309	0.033391526	0.025055105	0.024963418	0.018044244	0.018267372	0.013286539	0.013300475	0.009325242	0.009355141	0.006358320	0.006298521	0.004285834	0.004324092	0.002769827	0.002741208	0.001782609	0.001745266	0.001010115	0.001017555	0.000563808	0.000569967
t#bar{t} csv_heavy up,	0.074223930	0.073945589	0.134710061	0.134226030	0.146987316	0.146328388	0.137944186	0.137740820	0.116840260	0.116868465	0.095608823	0.095851414	0.074811713	0.075444862	0.058415293	0.058533245	0.045388754	0.045086647	0.033163894	0.033391526	0.024839419	0.024963418	0.018036596	0.018267372	0.013103462	0.013300475	0.009355151	0.009355141	0.006160529	0.006298521	0.004337014	0.004324092	0.002719276	0.002741208	0.001780821	0.001745266	0.001030791	0.001017555	0.000542709	0.000569967
t#bar{t} csv_light up,	0.073987684	0.073945589	0.134350540	0.134226030	0.146970597	0.146328388	0.137753434	0.137740820	0.116706453	0.116868465	0.095499770	0.095851414	0.075297052	0.075444862	0.058630077	0.058533245	0.045199319	0.045086647	0.033306149	0.033391526	0.025137883	0.024963418	0.017974661	0.018267372	0.013238377	0.013300475	0.009350427	0.009355141	0.006210923	0.006298521	0.004272858	0.004324092	0.002788398	0.002741208	0.001738006	0.001745266	0.001022000	0.001017555	0.000565394	0.000569967
t#bar{t} tracking up,	0.073862267	0.073945589	0.134231370	0.134226030	0.146996301	0.146328388	0.137564648	0.137740820	0.117130472	0.116868465	0.095912916	0.095851414	0.074978639	0.075444862	0.058509431	0.058533245	0.045066119	0.045086647	0.033496983	0.033391526	0.024977745	0.024963418	0.018209811	0.018267372	0.013042177	0.013300475	0.009295158	0.009355141	0.006260620	0.006298521	0.004313211	0.004324092	0.002780491	0.002741208	0.001779433	0.001745266	0.001035493	0.001017555	0.000556717	0.000569967
t#bar{t} jec_CorrelationGroupMPFInSitu down,	0.074380724	0.073945589	0.133927577	0.134226030	0.146765407	0.146328388	0.137746424	0.137740820	0.116737082	0.116868465	0.095608172	0.095851414	0.075029928	0.075444862	0.058702771	0.058533245	0.045118289	0.045086647	0.033594752	0.033391526	0.025076064	0.024963418	0.018092560	0.018267372	0.013165655	0.013300475	0.009405769	0.009355141	0.006285620	0.006298521	0.004275408	0.004324092	0.002728314	0.002741208	0.001757991	0.001745266	0.001020015	0.001017555	0.000581478	0.000569967
t#bar{t} jec_RelativeFSR down,	0.073881291	0.073945589	0.134235631	0.134226030	0.146293790	0.146328388	0.137479705	0.137740820	0.116950344	0.116868465	0.095898198	0.095851414	0.074908151	0.075444862	0.058729242	0.058533245	0.045271098	0.045086647	0.033592936	0.033391526	0.025264328	0.024963418	0.018207209	0.018267372	0.013320057	0.013300475	0.009313191	0.009355141	0.006219811	0.006298521	0.004327093	0.004324092	0.002778454	0.002741208	0.001755800	0.001745266	0.001024400	0.001017555	0.000549272	0.000569967
t#bar{t} jec_CorrelationGroupUncorrelated down,	0.074012262	0.073945589	0.134308857	0.134226030	0.146846112	0.146328388	0.137538602	0.137740820	0.117156752	0.116868465	0.095560387	0.095851414	0.075450701	0.075444862	0.058474980	0.058533245	0.045067314	0.045086647	0.033280416	0.033391526	0.025109657	0.024963418	0.018090250	0.018267372	0.013033462	0.013300475	0.009442219	0.009355141	0.006251193	0.006298521	0.004267535	0.004324092	0.002787628	0.002741208	0.001727258	0.001745266	0.001008267	0.001017555	0.000586145	0.000569967
t#bar{t} jec_FlavorPureGluon down,	0.074178403	0.073945589	0.134241851	0.134226030	0.146672747	0.146328388	0.137811553	0.137740820	0.117256933	0.116868465	0.095337020	0.095851414	0.074956198	0.075444862	0.058476632	0.058533245	0.045138542	0.045086647	0.033429791	0.033391526	0.025059466	0.024963418	0.018159018	0.018267372	0.013301830	0.013300475	0.009377771	0.009355141	0.006172225	0.006298521	0.004340436	0.004324092	0.002713769	0.002741208	0.001802206	0.001745266	0.001037868	0.001017555	0.000535744	0.000569967
t#bar{t} jec_FlavorPureQuark down,	0.074140769	0.073945589	0.134622433	0.134226030	0.146395115	0.146328388	0.137356032	0.137740820	0.116785604	0.116868465	0.095464883	0.095851414	0.075128836	0.075444862	0.058557714	0.058533245	0.045287861	0.045086647	0.033668995	0.033391526	0.025005520	0.024963418	0.018091634	0.018267372	0.013327907	0.013300475	0.009274980	0.009355141	0.006407567	0.006298521	0.004316458	0.004324092	0.002764504	0.002741208	0.001779924	0.001745266	0.001065243	0.001017555	0.000558018	0.000569967
t#bar{t} jec_FlavorPureCharm down,	0.074233455	0.073945589	0.134314311	0.134226030	0.146453693	0.146328388	0.137372524	0.137740820	0.116964660	0.116868465	0.095494334	0.095851414	0.075239096	0.075444862	0.058603967	0.058533245	0.045277031	0.045086647	0.033610546	0.033391526	0.024983638	0.024963418	0.018198838	0.018267372	0.013175067	0.013300475	0.009420984	0.009355141	0.006225404	0.006298521	0.004303808	0.004324092	0.002763521	0.002741208	0.001785468	0.001745266	0.001019314	0.001017555	0.000560341	0.000569967
t#bar{t} jec_FlavorPureBottom down,	0.074005010	0.073945589	0.134523672	0.134226030	0.146702367	0.146328388	0.137557109	0.137740820	0.116878607	0.116868465	0.095603339	0.095851414	0.075060031	0.075444862	0.058297858	0.058533245	0.045133144	0.045086647	0.033477817	0.033391526	0.025148260	0.024963418	0.018286589	0.018267372	0.013269832	0.013300475	0.009411747	0.009355141	0.006289247	0.006298521	0.004326685	0.004324092	0.002681286	0.002741208	0.001759901	0.001745266	0.001037982	0.001017555	0.000549517	0.000569967
t#bar{t} jer down,	0.073883008	0.073945589	0.134025249	0.134226030	0.146731760	0.146328388	0.137865006	0.137740820	0.117102720	0.116868465	0.095778003	0.095851414	0.074968201	0.075444862	0.058589163	0.058533245	0.045102344	0.045086647	0.033613011	0.033391526	0.025029460	0.024963418	0.018218151	0.018267372	0.013123847	0.013300475	0.009353081	0.009355141	0.006278040	0.006298521	0.004282573	0.004324092	0.002704814	0.002741208	0.001762372	0.001745266	0.001017102	0.001017555	0.000572094	0.000569967
t#bar{t} btag_heavy down,	0.073879943	0.073945589	0.134476932	0.134226030	0.146755798	0.146328388	0.137622151	0.137740820	0.116807465	0.116868465	0.095424827	0.095851414	0.075370846	0.075444862	0.058449008	0.058533245	0.045129884	0.045086647	0.033808016	0.033391526	0.025123638	0.024963418	0.018069610	0.018267372	0.013221269	0.013300475	0.009249896	0.009355141	0.006274034	0.006298521	0.004308367	0.004324092	0.002740807	0.002741208	0.001754910	0.001745266	0.000977847	0.001017555	0.000554750	0.000569967
t#bar{t} btag_light down,	0.074197254	0.073945589	0.134577919	0.134226030	0.146352579	0.146328388	0.137688888	0.137740820	0.116794733	0.116868465	0.095466814	0.095851414	0.075305295	0.075444862	0.058264886	0.058533245	0.045180880	0.045086647	0.033418778	0.033391526	0.025185048	0.024963418	0.018236886	0.018267372	0.013187304	0.013300475	0.009504248	0.009355141	0.006284424	0.006298521	0.004255567	0.004324092	0.002708444	0.002741208	0.001832514	0.001745266	0.001013095	0.001017555	0.000544443	0.000569967
t#bar{t} csv_heavy down,	0.073782125	0.073945589	0.134142791	0.134226030	0.146253925	0.146328388	0.137413743	0.137740820	0.117031742	0.116868465	0.095655276	0.095851414	0.075125516	0.075444862	0.058568904	0.058533245	0.045552122	0.045086647	0.033676985	0.033391526	0.025068163	0.024963418	0.018279612	0.018267372	0.013382022	0.013300475	0.009403905	0.009355141	0.006310801	0.006298521	0.004212861	0.004324092	0.002825659	0.002741208	0.001756896	0.001745266	0.000993213	0.001017555	0.000563739	0.000569967
t#bar{t} csv_light down,	0.074319262	0.073945589	0.134472363	0.134226030	0.146712973	0.146328388	0.137571623	0.137740820	0.116891367	0.116868465	0.095610613	0.095851414	0.075269819	0.075444862	0.058418478	0.058533245	0.045029603	0.045086647	0.033527728	0.033391526	0.024954985	0.024963418	0.018069878	0.018267372	0.013277726	0.013300475	0.009307245	0.009355141	0.006145855	0.006298521	0.004299919	0.004324092	0.002788714	0.002741208	0.001773842	0.001745266	0.000992014	0.001017555	0.000565993	0.000569967
t#bar{t} tracking down,	0.074054678	0.073945589	0.134376783	0.134226030	0.146422533	0.146328388	0.137406898	0.137740820	0.116960114	0.116868465	0.095602447	0.095851414	0.075181566	0.075444862	0.058707545	0.058533245	0.045370545	0.045086647	0.033758095	0.033391526	0.025019196	0.024963418	0.017988478	0.018267372	0.013301927	0.013300475	0.009244941	0.009355141	0.006177722	0.006298521	0.004340957	0.004324092	0.002790873	0.002741208	0.001751027	0.001745266	0.000997361	0.001017555	0.000546316	0.000569967
t#bar{t} evtgen,	0.069809301	0.073945589	0.136924238	0.134226030	0.146002243	0.146328388	0.135382722	0.137740820	0.114773157	0.116868465	0.097575425	0.095851414	0.075079439	0.075444862	0.059975775	0.058533245	0.045500494	0.045086647	0.035010211	0.033391526	0.024598633	0.024963418	0.018460717	0.018267372	0.014512170	0.013300475	0.009100227	0.009355141	0.006990163	0.006298521	0.004267554	0.004324092	0.002729193	0.002741208	0.001417431	0.001745266	0.001048807	0.001017555	0.000842098	0.000569967
t#bar{t} m=171.5,	0.072886800	0.073945589	0.133475255	0.134226030	0.146332508	0.146328388	0.135685515	0.137740820	0.117449203	0.116868465	0.095095280	0.095851414	0.075702291	0.075444862	0.057781455	0.058533245	0.045817509	0.045086647	0.035292251	0.033391526	0.025729470	0.024963418	0.018370469	0.018267372	0.013013186	0.013300475	0.009149898	0.009355141	0.007271473	0.006298521	0.004440479	0.004324092	0.002831367	0.002741208	0.002006499	0.001745266	0.000945370	0.001017555	0.000723723	0.000569967
t#bar{t} m=173.5,	0.072692707	0.073945589	0.135132327	0.134226030	0.145929142	0.146328388	0.135932129	0.137740820	0.117442732	0.116868465	0.097231076	0.095851414	0.076011536	0.075444862	0.059845723	0.058533245	0.046058424	0.045086647	0.034130653	0.033391526	0.025222845	0.024963418	0.016401724	0.018267372	0.012723523	0.013300475	0.009166708	0.009355141	0.006311745	0.006298521	0.004695497	0.004324092	0.002426417	0.002741208	0.001234491	0.001745266	0.000941256	0.001017555	0.000469344	0.000569967
t#bar{t} Herwig++,	0.083477968	0.073945589	0.131851028	0.134226030	0.142079211	0.146328388	0.131771860	0.137740820	0.112025293	0.116868465	0.092533165	0.095851414	0.074861463	0.075444862	0.058345527	0.058533245	0.046185101	0.045086647	0.035742716	0.033391526	0.026037097	0.024963418	0.019616280	0.018267372	0.015022488	0.013300475	0.010332408	0.009355141	0.007644037	0.006298521	0.005254592	0.004324092	0.002989816	0.002741208	0.002249785	0.001745266	0.001178420	0.001017555	0.000801744	0.000569967
t#bar{t} isr up,	0.075025551	0.073945589	0.132523742	0.134226030	0.146801124	0.146328388	0.136127674	0.137740820	0.116198626	0.116868465	0.095944333	0.095851414	0.076892634	0.075444862	0.058038677	0.058533245	0.045142928	0.045086647	0.034443967	0.033391526	0.024620842	0.024963418	0.018521424	0.018267372	0.013441454	0.013300475	0.009344649	0.009355141	0.006668261	0.006298521	0.004380309	0.004324092	0.002524874	0.002741208	0.001682380	0.001745266	0.001016786	0.001017555	0.000659766	0.000569967
t#bar{t} isr dn,	0.073470901	0.073945589	0.136202451	0.134226030	0.146886898	0.146328388	0.136319191	0.137740820	0.116011407	0.116868465	0.096035989	0.095851414	0.076394518	0.075444862	0.058566124	0.058533245	0.044906609	0.045086647	0.033707354	0.033391526	0.024341175	0.024963418	0.018730305	0.018267372	0.012914372	0.013300475	0.008994286	0.009355141	0.006487017	0.006298521	0.004186945	0.004324092	0.002736280	0.002741208	0.001649557	0.001745266	0.000958368	0.001017555	0.000500257	0.000569967
t#bar{t} fsr up,	0.063192738	0.073945589	0.122023786	0.134226030	0.139894884	0.146328388	0.134364061	0.137740820	0.119268446	0.116868465	0.099454966	0.095851414	0.081484254	0.075444862	0.064268213	0.058533245	0.048905750	0.045086647	0.036121253	0.033391526	0.027835784	0.024963418	0.020332232	0.018267372	0.014471889	0.013300475	0.009937110	0.009355141	0.007506097	0.006298521	0.004607001	0.004324092	0.002878174	0.002741208	0.001888252	0.001745266	0.000956539	0.001017555	0.000608573	0.000569967
t#bar{t} fsr dn,	0.085015135	0.073945589	0.145723380	0.134226030	0.150042261	0.146328388	0.136565887	0.137740820	0.111756050	0.116868465	0.093969475	0.095851414	0.071258954	0.075444862	0.054640888	0.058533245	0.042600964	0.045086647	0.030506793	0.033391526	0.023343409	0.024963418	0.017422453	0.018267372	0.012009843	0.013300475	0.009267080	0.009355141	0.005953974	0.006298521	0.004270767	0.004324092	0.002503226	0.002741208	0.001524149	0.001745266	0.000963214	0.001017555	0.000662098	0.000569967
t#bar{t} hdamp up,	0.074176795	0.073945589	0.133057384	0.134226030	0.144497124	0.146328388	0.134693498	0.137740820	0.116706102	0.116868465	0.097133072	0.095851414	0.076300040	0.075444862	0.059152166	0.058533245	0.045562447	0.045086647	0.034532104	0.033391526	0.025019148	0.024963418	0.019183696	0.018267372	0.012859506	0.013300475	0.008889241	0.009355141	0.006929540	0.006298521	0.004507098	0.004324092	0.003020054	0.002741208	0.001787867	0.001745266	0.001131387	0.001017555	0.000861731	0.000569967
t#bar{t} hdamp dn,	0.074224274	0.073945589	0.134383930	0.134226030	0.147689927	0.146328388	0.136659553	0.137740820	0.114823707	0.116868465	0.094934289	0.095851414	0.076020210	0.075444862	0.059450266	0.058533245	0.045411555	0.045086647	0.033760620	0.033391526	0.025708660	0.024963418	0.018256648	0.018267372	0.013035366	0.013300475	0.008639473	0.009355141	0.006162423	0.006298521	0.004402708	0.004324092	0.002823215	0.002741208	0.001726523	0.001745266	0.001294233	0.001017555	0.000592421	0.000569967
t#bar{t} UEup,	0.074954439	0.073945589	0.133300051	0.134226030	0.145939652	0.146328388	0.138481841	0.137740820	0.117502170	0.116868465	0.094179124	0.095851414	0.074553712	0.075444862	0.057715439	0.058533245	0.045291248	0.045086647	0.034220306	0.033391526	0.025313835	0.024963418	0.018323318	0.018267372	0.013247639	0.013300475	0.009611654	0.009355141	0.006382394	0.006298521	0.004514320	0.004324092	0.003009154	0.002741208	0.001637929	0.001745266	0.001005649	0.001017555	0.000816127	0.000569967
t#bar{t} UEdn,	0.074280757	0.073945589	0.133825257	0.134226030	0.145747808	0.146328388	0.137121499	0.137740820	0.117548091	0.116868465	0.095780702	0.095851414	0.075498262	0.075444862	0.058342253	0.058533245	0.044664146	0.045086647	0.034450918	0.033391526	0.025187428	0.024963418	0.018545124	0.018267372	0.012992617	0.013300475	0.009584394	0.009355141	0.006317254	0.006298521	0.004158334	0.004324092	0.002740925	0.002741208	0.001768869	0.001745266	0.000934858	0.001017555	0.000510503	0.000569967
t#bar{t} ERDon,	0.072140976	0.073945589	0.132466910	0.134226030	0.145324081	0.146328388	0.135840603	0.137740820	0.117397959	0.116868465	0.095696377	0.095851414	0.076872183	0.075444862	0.059667271	0.058533245	0.046713510	0.045086647	0.034400498	0.033391526	0.024914590	0.024963418	0.018794433	0.018267372	0.013135087	0.013300475	0.009438093	0.009355141	0.006915810	0.006298521	0.004205659	0.004324092	0.002969704	0.002741208	0.001551399	0.001745266	0.001026708	0.001017555	0.000528149	0.000569967
t#bar{t} QCDbased,	0.073568605	0.073945589	0.135965131	0.134226030	0.144384274	0.146328388	0.138273177	0.137740820	0.115475166	0.116868465	0.095319812	0.095851414	0.074679866	0.075444862	0.058872677	0.058533245	0.045317863	0.045086647	0.034743914	0.033391526	0.025209465	0.024963418	0.017547027	0.018267372	0.013976736	0.013300475	0.009391437	0.009355141	0.006489195	0.006298521	0.004356841	0.004324092	0.003050787	0.002741208	0.001815550	0.001745266	0.000952080	0.001017555	0.000610399	0.000569967
t#bar{t} gluon move,	0.073493452	0.073945589	0.133329829	0.134226030	0.147757836	0.146328388	0.136427318	0.137740820	0.117073958	0.116868465	0.094840591	0.095851414	0.077110026	0.075444862	0.058731922	0.058533245	0.045650469	0.045086647	0.032818914	0.033391526	0.025223412	0.024963418	0.018585313	0.018267372	0.012978278	0.013300475	0.009203587	0.009355141	0.006347689	0.006298521	0.004261158	0.004324092	0.002750732	0.002741208	0.001848701	0.001745266	0.001025088	0.001017555	0.000541725	0.000569967
