t#bar{t},	0.115483645	0.099827570	0.112851040	0.101289456	0.107193094	0.100877319	0.101937113	0.099390951	0.097278019	0.099689767	0.094644059	0.099245850	0.093482727	0.099955575	0.092357485	0.100564329	0.092501608	0.100253162	0.092271209	0.098906020
t#bar{t} jec_CorrelationGroupMPFInSitu up,	0.099736663	0.099827570	0.101653476	0.101289456	0.100925758	0.100877319	0.099516992	0.099390951	0.099916808	0.099689767	0.099234730	0.099245850	0.099837187	0.099955575	0.100415521	0.100564329	0.100107482	0.100253162	0.098655384	0.098906020
t#bar{t} jec_RelativeFSR up,	0.099914671	0.099827570	0.101512023	0.101289456	0.100843379	0.100877319	0.099661892	0.099390951	0.099611036	0.099689767	0.099518358	0.099245850	0.099752503	0.099955575	0.100498632	0.100564329	0.099759076	0.100253162	0.098928429	0.098906020
t#bar{t} jec_CorrelationGroupUncorrelated up,	0.099957172	0.099827570	0.101723274	0.101289456	0.100970113	0.100877319	0.099557903	0.099390951	0.099875277	0.099689767	0.099140562	0.099245850	0.099903416	0.099955575	0.100391366	0.100564329	0.099890603	0.100253162	0.098590313	0.098906020
t#bar{t} jec_FlavorPureGluon up,	0.099944407	0.099827570	0.101376497	0.101289456	0.100927801	0.100877319	0.099498483	0.099390951	0.099913906	0.099689767	0.099382111	0.099245850	0.099872036	0.099955575	0.100308285	0.100564329	0.099756237	0.100253162	0.099020239	0.098906020
t#bar{t} jec_FlavorPureQuark up,	0.099896050	0.099827570	0.101764473	0.101289456	0.100693659	0.100877319	0.099676371	0.099390951	0.099586841	0.099689767	0.099355651	0.099245850	0.099845291	0.099955575	0.100261847	0.100564329	0.100253841	0.100253162	0.098665977	0.098906020
t#bar{t} jec_FlavorPureCharm up,	0.100188360	0.099827570	0.101391289	0.101289456	0.100831353	0.100877319	0.099469424	0.099390951	0.099758932	0.099689767	0.099443637	0.099245850	0.099915221	0.099955575	0.100318025	0.100564329	0.099838364	0.100253162	0.098845395	0.098906020
t#bar{t} jec_FlavorPureBottom up,	0.099856353	0.099827570	0.101599073	0.101289456	0.100376777	0.100877319	0.099446487	0.099390951	0.099842005	0.099689767	0.099289668	0.099245850	0.099861889	0.099955575	0.100425500	0.100564329	0.100022854	0.100253162	0.099279395	0.098906020
t#bar{t} jer up,	0.099814688	0.099827570	0.101422134	0.101289456	0.100624645	0.100877319	0.099632343	0.099390951	0.099547393	0.099689767	0.099539839	0.099245850	0.099852765	0.099955575	0.100519928	0.100564329	0.100193346	0.100253162	0.098852918	0.098906020
t#bar{t} btag_heavy up,	0.100056201	0.099827570	0.101530514	0.101289456	0.100609229	0.100877319	0.099368827	0.099390951	0.100220924	0.099689767	0.099384127	0.099245850	0.099694544	0.099955575	0.100156863	0.100564329	0.099938489	0.100253162	0.099040283	0.098906020
t#bar{t} btag_light up,	0.099795453	0.099827570	0.101623611	0.101289456	0.100985735	0.100877319	0.099446349	0.099390951	0.099906937	0.099689767	0.099241947	0.099245850	0.100108544	0.099955575	0.100183526	0.100564329	0.099967508	0.100253162	0.098740391	0.098906020
t#bar{t} csv_heavy up,	0.100110040	0.099827570	0.101336055	0.101289456	0.100911245	0.100877319	0.099535473	0.099390951	0.099769388	0.099689767	0.099500739	0.099245850	0.099822791	0.099955575	0.100201261	0.100564329	0.100035150	0.100253162	0.098777858	0.098906020
t#bar{t} csv_light up,	0.099934230	0.099827570	0.101361749	0.101289456	0.100786785	0.100877319	0.099669340	0.099390951	0.099629315	0.099689767	0.099436576	0.099245850	0.099995940	0.099955575	0.100248966	0.100564329	0.099819160	0.100253162	0.099117937	0.098906020
t#bar{t} tracking up,	0.099873164	0.099827570	0.101659480	0.101289456	0.100904159	0.100877319	0.099441850	0.099390951	0.099707080	0.099689767	0.099413136	0.099245850	0.099797333	0.099955575	0.100269655	0.100564329	0.100029497	0.100253162	0.098904648	0.098906020
t#bar{t} jec_CorrelationGroupMPFInSitu down,	0.100160058	0.099827570	0.101534749	0.101289456	0.100508693	0.100877319	0.099434548	0.099390951	0.099917451	0.099689767	0.099223454	0.099245850	0.099829183	0.099955575	0.100503370	0.100564329	0.099942693	0.100253162	0.098945799	0.098906020
t#bar{t} jec_RelativeFSR down,	0.100052135	0.099827570	0.101633534	0.101289456	0.100749658	0.100877319	0.099403295	0.099390951	0.099683041	0.099689767	0.099369478	0.099245850	0.099751666	0.099955575	0.100433720	0.100564329	0.100093989	0.100253162	0.098829483	0.098906020
t#bar{t} jec_CorrelationGroupUncorrelated down,	0.099916012	0.099827570	0.101725472	0.101289456	0.100670693	0.100877319	0.099702293	0.099390951	0.100021447	0.099689767	0.099065155	0.099245850	0.099780514	0.099955575	0.100467154	0.100564329	0.099852257	0.100253162	0.098799005	0.098906020
t#bar{t} jec_FlavorPureGluon down,	0.099904228	0.099827570	0.101634795	0.101289456	0.100730195	0.100877319	0.099367929	0.099390951	0.099766867	0.099689767	0.099289940	0.099245850	0.099834770	0.099955575	0.100413157	0.100564329	0.100172874	0.100253162	0.098885245	0.098906020
t#bar{t} jec_FlavorPureQuark down,	0.100045897	0.099827570	0.101618014	0.101289456	0.100853678	0.100877319	0.099460039	0.099390951	0.099690456	0.099689767	0.099151825	0.099245850	0.100076430	0.099955575	0.100575534	0.100564329	0.099839525	0.100253162	0.098688601	0.098906020
t#bar{t} jec_FlavorPureCharm down,	0.099995467	0.099827570	0.101680259	0.101289456	0.100940976	0.100877319	0.099257334	0.099390951	0.099736025	0.099689767	0.099391927	0.099245850	0.099911232	0.099955575	0.100458555	0.100564329	0.099909226	0.100253162	0.098718999	0.098906020
t#bar{t} jec_FlavorPureBottom down,	0.100198775	0.099827570	0.101548335	0.101289456	0.100926167	0.100877319	0.099410839	0.099390951	0.099885943	0.099689767	0.099504394	0.099245850	0.099745329	0.099955575	0.100172235	0.100564329	0.099890711	0.100253162	0.098717273	0.098906020
t#bar{t} jer down,	0.099907938	0.099827570	0.101453348	0.101289456	0.100866567	0.100877319	0.099535242	0.099390951	0.099725393	0.099689767	0.099209306	0.099245850	0.099727152	0.099955575	0.100426691	0.100564329	0.100001870	0.100253162	0.099146493	0.098906020
t#bar{t} btag_heavy down,	0.100030238	0.099827570	0.101712381	0.101289456	0.100844975	0.100877319	0.099588174	0.099390951	0.099801696	0.099689767	0.099387250	0.099245850	0.099607585	0.099955575	0.100114036	0.100564329	0.100031806	0.100253162	0.098881860	0.098906020
t#bar{t} btag_light down,	0.099782318	0.099827570	0.101447629	0.101289456	0.100728562	0.100877319	0.099478306	0.099390951	0.099868361	0.099689767	0.099414384	0.099245850	0.099941049	0.099955575	0.100278990	0.100564329	0.100135387	0.100253162	0.098925014	0.098906020
t#bar{t} csv_heavy down,	0.099800678	0.099827570	0.101653359	0.101289456	0.100919537	0.100877319	0.099530044	0.099390951	0.099855795	0.099689767	0.099460072	0.099245850	0.099797924	0.099955575	0.100241264	0.100564329	0.099800673	0.100253162	0.098940654	0.098906020
t#bar{t} csv_light down,	0.099935069	0.099827570	0.101859560	0.101289456	0.100755362	0.100877319	0.099308944	0.099390951	0.099649731	0.099689767	0.099584664	0.099245850	0.099880450	0.099955575	0.100258117	0.100564329	0.099812142	0.100253162	0.098955961	0.098906020
t#bar{t} tracking down,	0.099956774	0.099827570	0.101650514	0.101289456	0.100925601	0.100877319	0.099340850	0.099390951	0.099737962	0.099689767	0.099442129	0.099245850	0.099991492	0.099955575	0.100119654	0.100564329	0.099883015	0.100253162	0.098952007	0.098906020
t#bar{t} evtgen,	0.100832981	0.099827570	0.100927894	0.101289456	0.100593234	0.100877319	0.100477456	0.099390951	0.098613729	0.099689767	0.098620369	0.099245850	0.099856815	0.099955575	0.100690013	0.100564329	0.100324549	0.100253162	0.099062960	0.098906020
t#bar{t} m=171.5,	0.099114658	0.099827570	0.100452988	0.101289456	0.101321956	0.100877319	0.099898721	0.099390951	0.099897924	0.099689767	0.099602052	0.099245850	0.099145750	0.099955575	0.100928302	0.100564329	0.100222052	0.100253162	0.099415598	0.098906020
t#bar{t} m=173.5,	0.099672404	0.099827570	0.100251795	0.101289456	0.101367143	0.100877319	0.099063397	0.099390951	0.099632753	0.099689767	0.100110759	0.099245850	0.099721669	0.099955575	0.100999007	0.100564329	0.100702944	0.100253162	0.098478129	0.098906020
t#bar{t} Herwig++,	0.093671881	0.099827570	0.095563502	0.101289456	0.097199175	0.100877319	0.098116063	0.099390951	0.100614483	0.099689767	0.101617354	0.099245850	0.102997486	0.099955575	0.104214484	0.100564329	0.103771736	0.100253162	0.102233837	0.098906020
t#bar{t} isr up,	0.099465465	0.099827570	0.100618898	0.101289456	0.100768581	0.100877319	0.099615650	0.099390951	0.099633448	0.099689767	0.099218501	0.099245850	0.100222538	0.099955575	0.101018342	0.100564329	0.100722542	0.100253162	0.098716035	0.098906020
t#bar{t} isr dn,	0.100497020	0.099827570	0.101118310	0.101289456	0.101662671	0.100877319	0.099567998	0.099390951	0.099430293	0.099689767	0.099044552	0.099245850	0.099464554	0.099955575	0.100620301	0.100564329	0.099665684	0.100253162	0.098928616	0.098906020
t#bar{t} fsr up,	0.099414622	0.099827570	0.099714506	0.101289456	0.100832184	0.100877319	0.099279879	0.099390951	0.100199546	0.099689767	0.098841716	0.099245850	0.100116536	0.099955575	0.101463182	0.100564329	0.100355067	0.100253162	0.099782761	0.098906020
t#bar{t} fsr dn,	0.100903654	0.099827570	0.101612652	0.101289456	0.101122030	0.100877319	0.098854901	0.099390951	0.100036560	0.099689767	0.098789037	0.099245850	0.099899116	0.099955575	0.100708572	0.100564329	0.099822642	0.100253162	0.098250835	0.098906020
t#bar{t} hdamp up,	0.099012992	0.099827570	0.101720488	0.101289456	0.100345645	0.100877319	0.099346614	0.099390951	0.100076801	0.099689767	0.099426346	0.099245850	0.099840090	0.099955575	0.101072548	0.100564329	0.100075970	0.100253162	0.099082505	0.098906020
t#bar{t} hdamp dn,	0.100219934	0.099827570	0.101164893	0.101289456	0.101138045	0.100877319	0.098922215	0.099390951	0.099833049	0.099689767	0.099275589	0.099245850	0.099253951	0.099955575	0.101189109	0.100564329	0.099904064	0.100253162	0.099099150	0.098906020
t#bar{t} UEup,	0.099793464	0.099827570	0.100538963	0.101289456	0.100527059	0.100877319	0.098772731	0.099390951	0.099620060	0.099689767	0.099564001	0.099245850	0.100643696	0.099955575	0.101205661	0.100564329	0.100300220	0.100253162	0.099034144	0.098906020
t#bar{t} UEdn,	0.099623246	0.099827570	0.100964305	0.101289456	0.101260945	0.100877319	0.099774585	0.099390951	0.099430097	0.099689767	0.098650780	0.099245850	0.099776577	0.099955575	0.101029693	0.100564329	0.100812989	0.100253162	0.098676783	0.098906020
t#bar{t} pileup up,	0.099794596	0.099827570	0.101321819	0.101289456	0.100968030	0.100877319	0.099398912	0.099390951	0.099561197	0.099689767	0.099298338	0.099245850	0.099961734	0.099955575	0.100654137	0.100564329	0.100228139	0.100253162	0.098813097	0.098906020
t#bar{t} pileup down,	0.099870319	0.099827570	0.101223183	0.101289456	0.100828525	0.100877319	0.099376483	0.099390951	0.099785772	0.099689767	0.099197373	0.099245850	0.099967176	0.099955575	0.100519126	0.100564329	0.100262894	0.100253162	0.098969148	0.098906020
t#bar{t} trig efficiency correction up,	0.099895545	0.099827570	0.101418348	0.101289456	0.100798398	0.100877319	0.099561677	0.099390951	0.099670377	0.099689767	0.099795194	0.099245850	0.099630949	0.099955575	0.100488393	0.100564329	0.099974778	0.100253162	0.098766340	0.098906020
t#bar{t} trig efficiency correction down,	0.099900946	0.099827570	0.101413534	0.101289456	0.100800720	0.100877319	0.099560219	0.099390951	0.099666729	0.099689767	0.099803600	0.099245850	0.099630567	0.099955575	0.100494341	0.100564329	0.099967065	0.100253162	0.098762279	0.098906020
t#bar{t} sel efficiency correction up,	0.099897358	0.099827570	0.101413137	0.101289456	0.100794360	0.100877319	0.099564572	0.099390951	0.099667108	0.099689767	0.099793483	0.099245850	0.099634879	0.099955575	0.100487227	0.100564329	0.099976231	0.100253162	0.098771647	0.098906020
t#bar{t} sel efficiency correction down,	0.099899132	0.099827570	0.101418782	0.101289456	0.100804833	0.100877319	0.099557333	0.099390951	0.099669991	0.099689767	0.099805337	0.099245850	0.099626582	0.099955575	0.100495527	0.100564329	0.099965554	0.100253162	0.098756928	0.098906020
t#bar{t} b fragmentation up,	0.099982778	0.099827570	0.101554762	0.101289456	0.100670304	0.100877319	0.099492955	0.099390951	0.099705734	0.099689767	0.099877302	0.099245850	0.099445381	0.099955575	0.100620156	0.100564329	0.100084909	0.100253162	0.098565719	0.098906020
t#bar{t} b fragmentation down,	0.099851281	0.099827570	0.101327152	0.101289456	0.100835829	0.100877319	0.099600420	0.099390951	0.099648926	0.099689767	0.099760205	0.099245850	0.099758622	0.099955575	0.100420168	0.100564329	0.099896303	0.100253162	0.098901094	0.098906020
t#bar{t} Peterson Frag,	0.100066724	0.099827570	0.101468418	0.101289456	0.100689588	0.100877319	0.099591549	0.099390951	0.099657639	0.099689767	0.099886239	0.099245850	0.099559120	0.099955575	0.100513385	0.100564329	0.099848715	0.100253162	0.098718623	0.098906020
t#bar{t} semilep BR up,	0.099878255	0.099827570	0.101410833	0.101289456	0.100801340	0.100877319	0.099572028	0.099390951	0.099677647	0.099689767	0.099790712	0.099245850	0.099632719	0.099955575	0.100497247	0.100564329	0.099966834	0.100253162	0.098772385	0.098906020
t#bar{t} semilep BR down,	0.099907683	0.099827570	0.101417885	0.101289456	0.100795577	0.100877319	0.099553152	0.099390951	0.099666814	0.099689767	0.099796663	0.099245850	0.099622952	0.099955575	0.100498723	0.100564329	0.099969676	0.100253162	0.098770875	0.098906020
t#bar{t} ERDon,	0.097468037	0.099827570	0.099113817	0.101289456	0.100417588	0.100877319	0.099183006	0.099390951	0.099981434	0.099689767	0.099793863	0.099245850	0.100280811	0.099955575	0.102256536	0.100564329	0.101693516	0.100253162	0.099811391	0.098906020
t#bar{t} QCDbased,	0.094819057	0.099827570	0.096325890	0.101289456	0.098618281	0.100877319	0.098376968	0.099390951	0.101166492	0.099689767	0.100805555	0.099245850	0.102009784	0.099955575	0.102798463	0.100564329	0.103203549	0.100253162	0.101875961	0.098906020
t#bar{t} gluon move,	0.100035042	0.099827570	0.101147196	0.101289456	0.101227111	0.100877319	0.099370303	0.099390951	0.099700029	0.099689767	0.098750557	0.099245850	0.099469174	0.099955575	0.101275491	0.100564329	0.100126087	0.100253162	0.098899010	0.098906020
