t#bar{t} jec_CorrelationGroupMPFInSitu up,	0.296213274	0.295827154	0.274819521	0.275239209	0.182793214	0.182851137	0.118594907	0.118348153	0.077266793	0.077481684	0.050312290	0.050252661
t#bar{t} jec_RelativeFSR up,	0.296042041	0.295827154	0.274872619	0.275239209	0.183107779	0.182851137	0.118171625	0.118348153	0.077545768	0.077481684	0.050260168	0.050252661
t#bar{t} jec_CorrelationGroupUncorrelated up,	0.296252553	0.295827154	0.274673107	0.275239209	0.182971936	0.182851137	0.118386878	0.118348153	0.077439832	0.077481684	0.050275695	0.050252661
t#bar{t} jec_FlavorPureGluon up,	0.296099707	0.295827154	0.274761261	0.275239209	0.183199073	0.182851137	0.118073738	0.118348153	0.077625797	0.077481684	0.050240425	0.050252661
t#bar{t} jec_FlavorPureQuark up,	0.295921453	0.295827154	0.275139410	0.275239209	0.182844343	0.182851137	0.118435242	0.118348153	0.077373649	0.077481684	0.050285903	0.050252661
t#bar{t} jec_FlavorPureCharm up,	0.296365200	0.295827154	0.274475759	0.275239209	0.183121816	0.182851137	0.118242263	0.118348153	0.077540033	0.077481684	0.050254929	0.050252661
t#bar{t} jec_FlavorPureBottom up,	0.296170894	0.295827154	0.274792114	0.275239209	0.182951675	0.182851137	0.118403312	0.118348153	0.077388565	0.077481684	0.050293440	0.050252661
t#bar{t} jer up,	0.296288983	0.295827154	0.274600426	0.275239209	0.183046424	0.182851137	0.118294096	0.118348153	0.077503946	0.077481684	0.050266125	0.050252661
t#bar{t} btag_heavy up,	0.296266357	0.295827154	0.274588043	0.275239209	0.183114939	0.182851137	0.118237151	0.118348153	0.077525461	0.077481684	0.050268048	0.050252661
t#bar{t} btag_light up,	0.296178985	0.295827154	0.274805112	0.275239209	0.182890406	0.182851137	0.118444365	0.118348153	0.077390797	0.077481684	0.050290335	0.050252661
t#bar{t} csv_heavy up,	0.296182404	0.295827154	0.274845587	0.275239209	0.182805141	0.182851137	0.118551350	0.118348153	0.077339680	0.077481684	0.050275838	0.050252661
t#bar{t} csv_light up,	0.296416813	0.295827154	0.274396050	0.275239209	0.183156399	0.182851137	0.118178667	0.118348153	0.077602622	0.077481684	0.050249450	0.050252661
t#bar{t} tracking up,	0.296035122	0.295827154	0.274851781	0.275239209	0.183160223	0.182851137	0.118108342	0.118348153	0.077582364	0.077481684	0.050262168	0.050252661
t#bar{t} jec_CorrelationGroupMPFInSitu down,	0.296000982	0.295827154	0.275085971	0.275239209	0.182761677	0.182851137	0.118552125	0.118348153	0.077300743	0.077481684	0.050298503	0.050252661
t#bar{t} jec_RelativeFSR down,	0.296040121	0.295827154	0.274969206	0.275239209	0.182897073	0.182851137	0.118384456	0.118348153	0.077455066	0.077481684	0.050254077	0.050252661
t#bar{t} jec_CorrelationGroupUncorrelated down,	0.296014668	0.295827154	0.275002170	0.275239209	0.182886571	0.182851137	0.118409872	0.118348153	0.077399056	0.077481684	0.050287664	0.050252661
t#bar{t} jec_FlavorPureGluon down,	0.296038424	0.295827154	0.274862069	0.275239209	0.183133771	0.182851137	0.118130494	0.118348153	0.077590256	0.077481684	0.050244986	0.050252661
t#bar{t} jec_FlavorPureQuark down,	0.295765947	0.295827154	0.275356588	0.275239209	0.182774941	0.182851137	0.118436437	0.118348153	0.077396250	0.077481684	0.050269837	0.050252661
t#bar{t} jec_FlavorPureCharm down,	0.296492550	0.295827154	0.274293038	0.275239209	0.183158614	0.182851137	0.118249159	0.118348153	0.077555195	0.077481684	0.050251444	0.050252661
t#bar{t} jec_FlavorPureBottom down,	0.296165361	0.295827154	0.274710420	0.275239209	0.183115704	0.182851137	0.118171552	0.118348153	0.077605138	0.077481684	0.050231825	0.050252661
t#bar{t} jer down,	0.296161038	0.295827154	0.274694523	0.275239209	0.183170456	0.182851137	0.118133147	0.118348153	0.077588410	0.077481684	0.050252426	0.050252661
t#bar{t} btag_heavy down,	0.295919573	0.295827154	0.274962741	0.275239209	0.183189579	0.182851137	0.118010111	0.118348153	0.077701956	0.077481684	0.050216039	0.050252661
t#bar{t} btag_light down,	0.296127877	0.295827154	0.274947267	0.275239209	0.182724325	0.182851137	0.118616485	0.118348153	0.077300049	0.077481684	0.050283997	0.050252661
t#bar{t} csv_heavy down,	0.295963146	0.295827154	0.275033402	0.275239209	0.182933312	0.182851137	0.118321105	0.118348153	0.077503984	0.077481684	0.050245050	0.050252661
t#bar{t} csv_light down,	0.295882853	0.295827154	0.275116218	0.275239209	0.182967158	0.182851137	0.118266156	0.118348153	0.077521926	0.077481684	0.050245690	0.050252661
t#bar{t} tracking down,	0.296001244	0.295827154	0.274982551	0.275239209	0.182934866	0.182851137	0.118376783	0.118348153	0.077442380	0.077481684	0.050262175	0.050252661
t#bar{t} evtgen,	0.297325857	0.295827154	0.273538390	0.275239209	0.182632351	0.182851137	0.119129582	0.118348153	0.077103800	0.077481684	0.050270020	0.050252661
t#bar{t} m=171.5,	0.296097828	0.295827154	0.275528547	0.275239209	0.181733014	0.182851137	0.119746081	0.118348153	0.076445158	0.077481684	0.050449373	0.050252661
t#bar{t} m=173.5,	0.297960609	0.295827154	0.273330461	0.275239209	0.181779523	0.182851137	0.120541440	0.118348153	0.075595898	0.077481684	0.050792068	0.050252661
t#bar{t} Herwig++,	0.305228148	0.295827154	0.263964845	0.275239209	0.182667956	0.182851137	0.121814074	0.118348153	0.075663232	0.077481684	0.050661746	0.050252661
t#bar{t} isr up,	0.295457110	0.295827154	0.275573766	0.275239209	0.182899188	0.182851137	0.118235418	0.118348153	0.077670233	0.077481684	0.050164284	0.050252661
t#bar{t} isr dn,	0.295928378	0.295827154	0.275117576	0.275239209	0.182939368	0.182851137	0.118379886	0.118348153	0.077282578	0.077481684	0.050352214	0.050252661
t#bar{t} fsr up,	0.286859955	0.295827154	0.286241896	0.275239209	0.181520401	0.182851137	0.117412618	0.118348153	0.077850686	0.077481684	0.050114445	0.050252661
t#bar{t} fsr dn,	0.303301181	0.295827154	0.265656541	0.275239209	0.184174145	0.182851137	0.119564547	0.118348153	0.076666891	0.077481684	0.050636694	0.050252661
t#bar{t} hdamp up,	0.293781373	0.295827154	0.277828678	0.275239209	0.182627800	0.182851137	0.118071009	0.118348153	0.077301351	0.077481684	0.050389789	0.050252661
t#bar{t} hdamp dn,	0.297916779	0.295827154	0.272558258	0.275239209	0.183337996	0.182851137	0.118315747	0.118348153	0.077575331	0.077481684	0.050295888	0.050252661
t#bar{t} UEup,	0.297006823	0.295827154	0.274153488	0.275239209	0.182264641	0.182851137	0.119458695	0.118348153	0.076712031	0.077481684	0.050404324	0.050252661
t#bar{t} UEdn,	0.295135213	0.295827154	0.276398674	0.275239209	0.182142595	0.182851137	0.119215557	0.118348153	0.076686302	0.077481684	0.050421658	0.050252661
t#bar{t} ERDon,	0.295924094	0.295827154	0.275020537	0.275239209	0.183002696	0.182851137	0.118411903	0.118348153	0.077318517	0.077481684	0.050322252	0.050252661
t#bar{t} QCDbased,	0.297095845	0.295827154	0.273371663	0.275239209	0.183517449	0.182851137	0.117945283	0.118348153	0.077884946	0.077481684	0.050184814	0.050252661
t#bar{t} gluon move,	0.296613214	0.295827154	0.274353831	0.275239209	0.182773143	0.182851137	0.118797974	0.118348153	0.077115140	0.077481684	0.050346698	0.050252661
