t#bar{t},	0.168987127	0.169645657	0.161953849	0.161659746	0.155611511	0.154912326	0.157082204	0.156957765	0.173818369	0.176013266	0.182546940	0.180811240
t#bar{t} jec_CorrelationGroupMPFInSitu up,	0.168360698	0.169645657	0.162660749	0.161659746	0.155011287	0.154912326	0.157114594	0.156957765	0.175284633	0.176013266	0.181568038	0.180811240
t#bar{t} jec_RelativeFSR up,	0.168888915	0.169645657	0.162276625	0.161659746	0.155056349	0.154912326	0.156825849	0.156957765	0.175830545	0.176013266	0.181121717	0.180811240
t#bar{t} jec_CorrelationGroupUncorrelated up,	0.169290995	0.169645657	0.161889548	0.161659746	0.155959153	0.154912326	0.155912394	0.156957765	0.174791022	0.176013266	0.182156887	0.180811240
t#bar{t} jec_FlavorPureGluon up,	0.169573677	0.169645657	0.161569608	0.161659746	0.155513862	0.154912326	0.156671336	0.156957765	0.174961141	0.176013266	0.181710375	0.180811240
t#bar{t} jec_FlavorPureQuark up,	0.169248959	0.169645657	0.162043891	0.161659746	0.155211351	0.154912326	0.156449897	0.156957765	0.176033203	0.176013266	0.181012698	0.180811240
t#bar{t} jec_FlavorPureCharm up,	0.167212654	0.169645657	0.163694607	0.161659746	0.154236997	0.154912326	0.157786965	0.156957765	0.176109050	0.176013266	0.180959728	0.180811240
t#bar{t} jec_FlavorPureBottom up,	0.168255718	0.169645657	0.162601681	0.161659746	0.155685187	0.154912326	0.156912314	0.156957765	0.173669829	0.176013266	0.182875270	0.180811240
t#bar{t} jer up,	0.168444936	0.169645657	0.162662138	0.161659746	0.154912463	0.154912326	0.156964956	0.156957765	0.175796208	0.176013266	0.181219300	0.180811240
t#bar{t} btag_heavy up,	0.168198391	0.169645657	0.162840602	0.161659746	0.154907756	0.154912326	0.157090016	0.156957765	0.175633134	0.176013266	0.181330100	0.180811240
t#bar{t} btag_light up,	0.168187788	0.169645657	0.162765453	0.161659746	0.155132600	0.154912326	0.157119848	0.156957765	0.174902732	0.176013266	0.181891578	0.180811240
t#bar{t} csv_heavy up,	0.168881585	0.169645657	0.162294817	0.161659746	0.155463667	0.154912326	0.156243787	0.156957765	0.175743070	0.176013266	0.181373076	0.180811240
t#bar{t} csv_light up,	0.169066633	0.169645657	0.162078164	0.161659746	0.155281591	0.154912326	0.156785664	0.156957765	0.175186825	0.176013266	0.181601123	0.180811240
t#bar{t} tracking up,	0.167638078	0.169645657	0.163238134	0.161659746	0.154134560	0.154912326	0.158276249	0.156957765	0.175760608	0.176013266	0.180952372	0.180811240
t#bar{t} jec_CorrelationGroupMPFInSitu down,	0.167971853	0.169645657	0.162865776	0.161659746	0.155299899	0.154912326	0.157251136	0.156957765	0.174131735	0.176013266	0.182479602	0.180811240
t#bar{t} jec_RelativeFSR down,	0.168382033	0.169645657	0.162801282	0.161659746	0.155954776	0.154912326	0.155250678	0.156957765	0.175942697	0.176013266	0.181668535	0.180811240
t#bar{t} jec_CorrelationGroupUncorrelated down,	0.168642143	0.169645657	0.162509736	0.161659746	0.154636523	0.154912326	0.157271868	0.156957765	0.176249303	0.176013266	0.180690428	0.180811240
t#bar{t} jec_FlavorPureGluon down,	0.169285551	0.169645657	0.161887159	0.161659746	0.154667460	0.154912326	0.157594173	0.156957765	0.175521907	0.176013266	0.181043750	0.180811240
t#bar{t} jec_FlavorPureQuark down,	0.167863718	0.169645657	0.163163731	0.161659746	0.154989730	0.154912326	0.156804275	0.156957765	0.175864047	0.176013266	0.181314500	0.180811240
t#bar{t} jec_FlavorPureCharm down,	0.167774363	0.169645657	0.163167197	0.161659746	0.155499545	0.154912326	0.156398622	0.156957765	0.175126739	0.176013266	0.182033533	0.180811240
t#bar{t} jec_FlavorPureBottom down,	0.167975947	0.169645657	0.163061288	0.161659746	0.154958756	0.154912326	0.156942156	0.156957765	0.175712340	0.176013266	0.181349514	0.180811240
t#bar{t} jer down,	0.168568784	0.169645657	0.162498122	0.161659746	0.154966723	0.154912326	0.157151582	0.156957765	0.175396701	0.176013266	0.181418089	0.180811240
t#bar{t} btag_heavy down,	0.168050221	0.169645657	0.162899862	0.161659746	0.156003925	0.154912326	0.155866031	0.156957765	0.174688212	0.176013266	0.182491749	0.180811240
t#bar{t} btag_light down,	0.168730147	0.169645657	0.162346933	0.161659746	0.154884269	0.154912326	0.157218512	0.156957765	0.175654899	0.176013266	0.181165240	0.180811240
t#bar{t} csv_heavy down,	0.169232579	0.169645657	0.162048835	0.161659746	0.154837051	0.154912326	0.156894606	0.156957765	0.176411916	0.176013266	0.180575013	0.180811240
t#bar{t} csv_light down,	0.169483928	0.169645657	0.161753408	0.161659746	0.155281267	0.154912326	0.156710860	0.156957765	0.175396115	0.176013266	0.181374422	0.180811240
t#bar{t} tracking down,	0.169350402	0.169645657	0.161966016	0.161659746	0.154910712	0.154912326	0.156833273	0.156957765	0.176182689	0.176013266	0.180756908	0.180811240
t#bar{t} evtgen,	0.169334592	0.169645657	0.161384910	0.161659746	0.153700725	0.154912326	0.160803175	0.156957765	0.172625586	0.176013266	0.182151011	0.180811240
t#bar{t} m=171.5,	0.170034322	0.169645657	0.161167009	0.161659746	0.153947506	0.154912326	0.159123132	0.156957765	0.174789293	0.176013266	0.180938738	0.180811240
t#bar{t} m=173.5,	0.170904272	0.169645657	0.160403400	0.161659746	0.154445837	0.154912326	0.157567363	0.156957765	0.176762117	0.176013266	0.179917011	0.180811240
t#bar{t} Herwig++,	0.170758573	0.169645657	0.160485638	0.161659746	0.155176828	0.154912326	0.157667739	0.156957765	0.174082516	0.176013266	0.181828705	0.180811240
t#bar{t} isr up,	0.168968546	0.169645657	0.162217441	0.161659746	0.154001162	0.154912326	0.158220914	0.156957765	0.176232538	0.176013266	0.180359398	0.180811240
t#bar{t} isr dn,	0.169895637	0.169645657	0.161294964	0.161659746	0.155934047	0.154912326	0.156280753	0.156957765	0.174267206	0.176013266	0.182327393	0.180811240
t#bar{t} fsr up,	0.168710358	0.169645657	0.162357353	0.161659746	0.154647608	0.154912326	0.157649894	0.156957765	0.175398297	0.176013266	0.181236490	0.180811240
t#bar{t} fsr dn,	0.170082766	0.169645657	0.161303798	0.161659746	0.153725642	0.154912326	0.158062813	0.156957765	0.177492874	0.176013266	0.179332106	0.180811240
t#bar{t} hdamp up,	0.169382320	0.169645657	0.161694929	0.161659746	0.154963278	0.154912326	0.157483642	0.156957765	0.175080883	0.176013266	0.181394948	0.180811240
t#bar{t} hdamp dn,	0.167489396	0.169645657	0.163319675	0.161659746	0.154490300	0.154912326	0.158081856	0.156957765	0.174844149	0.176013266	0.181774624	0.180811240
t#bar{t} UEup,	0.169143434	0.169645657	0.162131243	0.161659746	0.155336922	0.154912326	0.156231477	0.156957765	0.175857729	0.176013266	0.181299196	0.180811240
t#bar{t} UEdn,	0.171216241	0.169645657	0.160373538	0.161659746	0.155140787	0.154912326	0.156533344	0.156957765	0.176321339	0.176013266	0.180414751	0.180811240
t#bar{t} pileup up,	0.169029495	0.169645657	0.162144553	0.161659746	0.154705469	0.154912326	0.157365108	0.156957765	0.175770768	0.176013266	0.180984607	0.180811240
t#bar{t} pileup down,	0.170090243	0.169645657	0.161278048	0.161659746	0.155103286	0.154912326	0.156726118	0.156957765	0.175965695	0.176013266	0.180836610	0.180811240
t#bar{t} trig efficiency correction up,	0.169121979	0.169645657	0.162026047	0.161659746	0.154623729	0.154912326	0.157625864	0.156957765	0.175525026	0.176013266	0.181077356	0.180811240
t#bar{t} trig efficiency correction down,	0.169184073	0.169645657	0.161974374	0.161659746	0.154629683	0.154912326	0.157618305	0.156957765	0.175527176	0.176013266	0.181066389	0.180811240
t#bar{t} sel efficiency correction up,	0.169136123	0.169645657	0.162013917	0.161659746	0.154622498	0.154912326	0.157629974	0.156957765	0.175522342	0.176013266	0.181075146	0.180811240
t#bar{t} sel efficiency correction down,	0.169169759	0.169645657	0.161986657	0.161659746	0.154630908	0.154912326	0.157614163	0.156957765	0.175529920	0.176013266	0.181068592	0.180811240
t#bar{t} b fragmentation up,	0.169065781	0.169645657	0.162027448	0.161659746	0.153961303	0.154912326	0.158625163	0.156957765	0.175664089	0.176013266	0.180656216	0.180811240
t#bar{t} b fragmentation down,	0.169161486	0.169645657	0.161997853	0.161659746	0.154906718	0.154912326	0.157238692	0.156957765	0.175410674	0.176013266	0.181284578	0.180811240
t#bar{t} Peterson Frag,	0.169026254	0.169645657	0.162046208	0.161659746	0.154490400	0.154912326	0.158041409	0.156957765	0.175141609	0.176013266	0.181254120	0.180811240
t#bar{t} semilep BR up,	0.169136154	0.169645657	0.162010369	0.161659746	0.154651767	0.154912326	0.157604380	0.156957765	0.175485696	0.176013266	0.181111634	0.180811240
t#bar{t} semilep BR down,	0.169179512	0.169645657	0.161979989	0.161659746	0.154632939	0.154912326	0.157604308	0.156957765	0.175545627	0.176013266	0.181057624	0.180811240
t#bar{t} ERDon,	0.170295675	0.169645657	0.161099228	0.161659746	0.155786261	0.154912326	0.155891357	0.156957765	0.175497022	0.176013266	0.181430456	0.180811240
t#bar{t} QCDbased,	0.167546474	0.169645657	0.163315060	0.161659746	0.155516987	0.154912326	0.156552445	0.156957765	0.174786405	0.176013266	0.182282629	0.180811240
t#bar{t} gluon move,	0.169733517	0.169645657	0.161521449	0.161659746	0.155805797	0.154912326	0.155985398	0.156957765	0.175210426	0.176013266	0.181743414	0.180811240
