t#bar{t},	0.173029844	0.172592283	0.165498971	0.165870597	0.155371407	0.154591384	0.156254019	0.155736327	0.170245520	0.172654419	0.179600239	0.178554990
t#bar{t} jec_CorrelationGroupMPFInSitu up,	0.172206927	0.172592283	0.166529060	0.165870597	0.154083601	0.154591384	0.156674364	0.155736327	0.171609360	0.172654419	0.178896688	0.178554990
t#bar{t} jec_RelativeFSR up,	0.172937967	0.172592283	0.165523240	0.165870597	0.154178934	0.154591384	0.156902725	0.155736327	0.171671853	0.172654419	0.178785281	0.178554990
t#bar{t} jec_CorrelationGroupUncorrelated up,	0.172539330	0.172592283	0.165936818	0.165870597	0.153054209	0.154591384	0.157761344	0.155736327	0.172668399	0.172654419	0.178039899	0.178554990
t#bar{t} jec_FlavorPureGluon up,	0.172628774	0.172592283	0.165846583	0.165870597	0.154514901	0.154591384	0.156335039	0.155736327	0.171906763	0.172654419	0.178767939	0.178554990
t#bar{t} jec_FlavorPureQuark up,	0.172600239	0.172592283	0.165975792	0.165870597	0.153559992	0.154591384	0.157652140	0.155736327	0.171508779	0.172654419	0.178703057	0.178554990
t#bar{t} jec_FlavorPureCharm up,	0.173613672	0.172592283	0.164339589	0.165870597	0.154899253	0.154591384	0.155678383	0.155736327	0.173077988	0.172654419	0.178391114	0.178554990
t#bar{t} jec_FlavorPureBottom up,	0.172421866	0.172592283	0.166026602	0.165870597	0.153233474	0.154591384	0.157444815	0.155736327	0.172875092	0.172654419	0.177998151	0.178554990
t#bar{t} jer up,	0.172468737	0.172592283	0.166072460	0.165870597	0.154380973	0.154591384	0.156311465	0.155736327	0.172076374	0.172654419	0.178689991	0.178554990
t#bar{t} btag_heavy up,	0.171901926	0.172592283	0.166741276	0.165870597	0.153771316	0.154591384	0.155969550	0.155736327	0.173586048	0.172654419	0.178029884	0.178554990
t#bar{t} btag_light up,	0.172671179	0.172592283	0.165889645	0.165870597	0.155033402	0.154591384	0.155451525	0.155736327	0.171937711	0.172654419	0.179016539	0.178554990
t#bar{t} csv_heavy up,	0.172204402	0.172592283	0.166398423	0.165870597	0.154863815	0.154591384	0.154537679	0.155736327	0.173567873	0.172654419	0.178427807	0.178554990
t#bar{t} csv_light up,	0.172212487	0.172592283	0.166348081	0.165870597	0.153411463	0.154591384	0.156829174	0.155736327	0.173220750	0.172654419	0.177978046	0.178554990
t#bar{t} tracking up,	0.173336784	0.172592283	0.164849573	0.165870597	0.154006931	0.154591384	0.156794051	0.155736327	0.172748643	0.172654419	0.178264018	0.178554990
t#bar{t} jec_CorrelationGroupMPFInSitu down,	0.172391250	0.172592283	0.166060779	0.165870597	0.154132234	0.154591384	0.155997313	0.155736327	0.173249917	0.172654419	0.178168508	0.178554990
t#bar{t} jec_RelativeFSR down,	0.171583425	0.172592283	0.167347257	0.165870597	0.153939094	0.154591384	0.156529305	0.155736327	0.171843741	0.172654419	0.178757179	0.178554990
t#bar{t} jec_CorrelationGroupUncorrelated down,	0.172673522	0.172592283	0.165712254	0.165870597	0.154479709	0.154591384	0.156012367	0.155736327	0.172682784	0.172654419	0.178439364	0.178554990
t#bar{t} jec_FlavorPureGluon down,	0.172400899	0.172592283	0.166157304	0.165870597	0.154475245	0.154591384	0.155764662	0.155736327	0.172615938	0.172654419	0.178585952	0.178554990
t#bar{t} jec_FlavorPureQuark down,	0.172413287	0.172592283	0.166184883	0.165870597	0.153745649	0.154591384	0.157052010	0.155736327	0.172063852	0.172654419	0.178540319	0.178554990
t#bar{t} jec_FlavorPureCharm down,	0.172389166	0.172592283	0.166337945	0.165870597	0.153497723	0.154591384	0.157904191	0.155736327	0.170983091	0.172654419	0.178887884	0.178554990
t#bar{t} jec_FlavorPureBottom down,	0.171842664	0.172592283	0.166924364	0.165870597	0.153595435	0.154591384	0.156668723	0.155736327	0.172610021	0.172654419	0.178358793	0.178554990
t#bar{t} jer down,	0.171926489	0.172592283	0.166856222	0.165870597	0.153907698	0.154591384	0.156572232	0.155736327	0.172133537	0.172654419	0.178603822	0.178554990
t#bar{t} btag_heavy down,	0.172388218	0.172592283	0.166103994	0.165870597	0.153558792	0.154591384	0.156932169	0.155736327	0.172840749	0.172654419	0.178176078	0.178554990
t#bar{t} btag_light down,	0.172127632	0.172592283	0.166591573	0.165870597	0.153765030	0.154591384	0.156827896	0.155736327	0.172161144	0.172654419	0.178526724	0.178554990
t#bar{t} csv_heavy down,	0.173573501	0.172592283	0.164555925	0.165870597	0.154957087	0.154591384	0.156580889	0.155736327	0.171326826	0.172654419	0.179005772	0.178554990
t#bar{t} csv_light down,	0.172450165	0.172592283	0.165999527	0.165870597	0.153348059	0.154591384	0.157250882	0.155736327	0.172896722	0.172654419	0.178054645	0.178554990
t#bar{t} tracking down,	0.172456843	0.172592283	0.166169973	0.165870597	0.154647973	0.154591384	0.156046587	0.155736327	0.171709613	0.172654419	0.178969010	0.178554990
t#bar{t} evtgen,	0.172182487	0.172592283	0.166441068	0.165870597	0.155193409	0.154591384	0.153898379	0.155736327	0.173697619	0.172654419	0.178587037	0.178554990
t#bar{t} m=171.5,	0.173190336	0.172592283	0.165152377	0.165870597	0.156116140	0.154591384	0.154138336	0.155736327	0.172173591	0.172654419	0.179229221	0.178554990
t#bar{t} m=173.5,	0.174169871	0.172592283	0.163455702	0.165870597	0.154290958	0.154591384	0.156936126	0.155736327	0.173083956	0.172654419	0.178063387	0.178554990
t#bar{t} Herwig++,	0.173212720	0.172592283	0.165025448	0.165870597	0.155770562	0.154591384	0.154206410	0.155736327	0.173147091	0.172654419	0.178637768	0.178554990
t#bar{t} isr up,	0.172982726	0.172592283	0.165280891	0.165870597	0.155173976	0.154591384	0.154993003	0.155736327	0.173078661	0.172654419	0.178490742	0.178554990
t#bar{t} isr dn,	0.171809275	0.172592283	0.166781236	0.165870597	0.155360203	0.154591384	0.153645896	0.155736327	0.174095734	0.172654419	0.178307656	0.178554990
t#bar{t} fsr up,	0.172766665	0.172592283	0.165722777	0.165870597	0.155483582	0.154591384	0.154648953	0.155736327	0.172447481	0.172654419	0.178930542	0.178554990
t#bar{t} fsr dn,	0.172756027	0.172592283	0.165403629	0.165870597	0.154834400	0.154591384	0.155448640	0.155736327	0.173254585	0.172654419	0.178302720	0.178554990
t#bar{t} hdamp up,	0.173336429	0.172592283	0.164732388	0.165870597	0.154934627	0.154591384	0.155460772	0.155736327	0.173294475	0.172654419	0.178241309	0.178554990
t#bar{t} hdamp dn,	0.172479487	0.172592283	0.166037924	0.165870597	0.154346689	0.154591384	0.155513912	0.155736327	0.173446262	0.172654419	0.178175726	0.178554990
t#bar{t} UEup,	0.174349152	0.172592283	0.163330664	0.165870597	0.154819179	0.154591384	0.157144438	0.155736327	0.171661652	0.172654419	0.178694914	0.178554990
t#bar{t} UEdn,	0.172851934	0.172592283	0.165301761	0.165870597	0.154585064	0.154591384	0.154912694	0.155736327	0.174699334	0.172654419	0.177649214	0.178554990
t#bar{t} pileup up,	0.172579868	0.172592283	0.165831788	0.165870597	0.154389129	0.154591384	0.155772674	0.155736327	0.173132627	0.172654419	0.178293913	0.178554990
t#bar{t} pileup down,	0.172610865	0.172592283	0.165887124	0.165870597	0.154765528	0.154591384	0.155715998	0.155736327	0.172246873	0.172654419	0.178773612	0.178554990
t#bar{t} trig efficiency correction up,	0.172645338	0.172592283	0.165896076	0.165870597	0.155011835	0.154591384	0.155720706	0.155736327	0.171665221	0.172654419	0.179060825	0.178554990
t#bar{t} trig efficiency correction down,	0.172643390	0.172592283	0.165896349	0.165870597	0.155008748	0.154591384	0.155709556	0.155736327	0.171691704	0.172654419	0.179050253	0.178554990
t#bar{t} sel efficiency correction up,	0.172638522	0.172592283	0.165907194	0.165870597	0.155004663	0.154591384	0.155732711	0.155736327	0.171653521	0.172654419	0.179063389	0.178554990
t#bar{t} sel efficiency correction down,	0.172650285	0.172592283	0.165885092	0.165870597	0.155016005	0.154591384	0.155697384	0.155736327	0.171703595	0.172654419	0.179047639	0.178554990
t#bar{t} b fragmentation up,	0.172108086	0.172592283	0.166649252	0.165870597	0.154987946	0.154591384	0.155163436	0.155736327	0.172132643	0.172654419	0.178958636	0.178554990
t#bar{t} b fragmentation down,	0.172931418	0.172592283	0.165464227	0.165870597	0.155038274	0.154591384	0.155960191	0.155736327	0.171530602	0.172654419	0.179075289	0.178554990
t#bar{t} Peterson Frag,	0.172363979	0.172592283	0.166290547	0.165870597	0.154935877	0.154591384	0.155482581	0.155736327	0.171954843	0.172654419	0.178972172	0.178554990
t#bar{t} semilep BR up,	0.172638427	0.172592283	0.165907827	0.165870597	0.154998761	0.154591384	0.155736866	0.155736327	0.171656892	0.172654419	0.179061227	0.178554990
t#bar{t} semilep BR down,	0.172638239	0.172592283	0.165903514	0.165870597	0.155008182	0.154591384	0.155704488	0.155736327	0.171696907	0.172654419	0.179048669	0.178554990
t#bar{t} ERDon,	0.172905127	0.172592283	0.165406582	0.165870597	0.155494361	0.154591384	0.154046282	0.155736327	0.173753052	0.172654419	0.178394595	0.178554990
t#bar{t} QCDbased,	0.173261826	0.172592283	0.164863426	0.165870597	0.155006018	0.154591384	0.154574738	0.155736327	0.174299609	0.172654419	0.177994382	0.178554990
t#bar{t} gluon move,	0.173554053	0.172592283	0.164395540	0.165870597	0.155789648	0.154591384	0.154392988	0.155736327	0.173321753	0.172654419	0.178546018	0.178554990
