t#bar{t},	0.136707686	0.120733135	0.129070914	0.115639791	0.117795924	0.108315412	0.106328398	0.103159953	0.096492661	0.098884512	0.089574850	0.095107818	0.084381027	0.091845626	0.081273639	0.090162991	0.079449558	0.088452519	0.078925342	0.087698244
t#bar{t} jec_CorrelationGroupMPFInSitu up,	0.120688907	0.120733135	0.115561163	0.115639791	0.108419642	0.108315412	0.103098616	0.103159953	0.098706022	0.098884512	0.095304875	0.095107818	0.091780530	0.091845626	0.090340811	0.090162991	0.088443839	0.088452519	0.087655595	0.087698244
t#bar{t} jec_RelativeFSR up,	0.120798412	0.120733135	0.115636188	0.115639791	0.108328276	0.108315412	0.103294972	0.103159953	0.098745721	0.098884512	0.095097613	0.095107818	0.091944832	0.091845626	0.090182849	0.090162991	0.088262748	0.088452519	0.087708387	0.087698244
t#bar{t} jec_CorrelationGroupUncorrelated up,	0.120565527	0.120733135	0.115598909	0.115639791	0.108515013	0.108315412	0.103349632	0.103159953	0.098672653	0.098884512	0.095172398	0.095107818	0.091850384	0.091845626	0.090229218	0.090162991	0.088337447	0.088452519	0.087708820	0.087698244
t#bar{t} jec_FlavorPureGluon up,	0.120606412	0.120733135	0.115572727	0.115639791	0.108617680	0.108315412	0.103194510	0.103159953	0.098761950	0.098884512	0.095039170	0.095107818	0.091806381	0.091845626	0.090384144	0.090162991	0.088363720	0.088452519	0.087653306	0.087698244
t#bar{t} jec_FlavorPureQuark up,	0.120649665	0.120733135	0.115752485	0.115639791	0.108405099	0.108315412	0.103179949	0.103159953	0.098860771	0.098884512	0.095070712	0.095107818	0.091679029	0.091845626	0.090332551	0.090162991	0.088384140	0.088452519	0.087685600	0.087698244
t#bar{t} jec_FlavorPureCharm up,	0.120601982	0.120733135	0.115695998	0.115639791	0.108584306	0.108315412	0.103280126	0.103159953	0.098774807	0.098884512	0.095019760	0.095107818	0.091859382	0.091845626	0.090176041	0.090162991	0.088288707	0.088452519	0.087718892	0.087698244
t#bar{t} jec_FlavorPureBottom up,	0.120534330	0.120733135	0.115742762	0.115639791	0.108491863	0.108315412	0.103283029	0.103159953	0.098805287	0.098884512	0.095147280	0.095107818	0.091763853	0.091845626	0.090330766	0.090162991	0.088239246	0.088452519	0.087661583	0.087698244
t#bar{t} jer up,	0.120526433	0.120733135	0.115691218	0.115639791	0.108524067	0.108315412	0.103296818	0.103159953	0.098722997	0.098884512	0.095141168	0.095107818	0.091863680	0.091845626	0.090341932	0.090162991	0.088276854	0.088452519	0.087614832	0.087698244
t#bar{t} btag_heavy up,	0.120569747	0.120733135	0.115554667	0.115639791	0.108475792	0.108315412	0.103295754	0.103159953	0.098878829	0.098884512	0.095113334	0.095107818	0.091799360	0.091845626	0.090269765	0.090162991	0.088449284	0.088452519	0.087593467	0.087698244
t#bar{t} btag_light up,	0.120677062	0.120733135	0.115582992	0.115639791	0.108372115	0.108315412	0.103261107	0.103159953	0.098835698	0.098884512	0.095174411	0.095107818	0.091831862	0.091845626	0.090265595	0.090162991	0.088305425	0.088452519	0.087693734	0.087698244
t#bar{t} csv_heavy up,	0.120683853	0.120733135	0.115617925	0.115639791	0.108477337	0.108315412	0.103270183	0.103159953	0.098809200	0.098884512	0.095127687	0.095107818	0.091861075	0.091845626	0.090273073	0.090162991	0.088279899	0.088452519	0.087599767	0.087698244
t#bar{t} csv_light up,	0.120601468	0.120733135	0.115663201	0.115639791	0.108425920	0.108315412	0.103311692	0.103159953	0.098734289	0.098884512	0.095274276	0.095107818	0.091739624	0.091845626	0.090176122	0.090162991	0.088363938	0.088452519	0.087709469	0.087698244
t#bar{t} tracking up,	0.120615284	0.120733135	0.115719831	0.115639791	0.108465159	0.108315412	0.103286800	0.103159953	0.098844903	0.098884512	0.095181773	0.095107818	0.091854456	0.091845626	0.090291847	0.090162991	0.088176227	0.088452519	0.087563720	0.087698244
t#bar{t} jec_CorrelationGroupMPFInSitu down,	0.120694610	0.120733135	0.115609720	0.115639791	0.108314003	0.108315412	0.103320860	0.103159953	0.098902098	0.098884512	0.095144173	0.095107818	0.091967203	0.091845626	0.090158020	0.090162991	0.088266144	0.088452519	0.087623168	0.087698244
t#bar{t} jec_RelativeFSR down,	0.120632889	0.120733135	0.115618615	0.115639791	0.108516118	0.108315412	0.103357300	0.103159953	0.098833016	0.098884512	0.095119512	0.095107818	0.091661421	0.091845626	0.090314083	0.090162991	0.088225620	0.088452519	0.087721425	0.087698244
t#bar{t} jec_CorrelationGroupUncorrelated down,	0.120592766	0.120733135	0.115685359	0.115639791	0.108430537	0.108315412	0.103278783	0.103159953	0.098682965	0.098884512	0.095179820	0.095107818	0.091919309	0.091845626	0.090319493	0.090162991	0.088174397	0.088452519	0.087736571	0.087698244
t#bar{t} jec_FlavorPureGluon down,	0.120581675	0.120733135	0.115574464	0.115639791	0.108480142	0.108315412	0.103231595	0.103159953	0.099001575	0.098884512	0.095207846	0.095107818	0.091775639	0.091845626	0.090274445	0.090162991	0.088217381	0.088452519	0.087655238	0.087698244
t#bar{t} jec_FlavorPureQuark down,	0.120742813	0.120733135	0.115534079	0.115639791	0.108454675	0.108315412	0.103248716	0.103159953	0.098851958	0.098884512	0.095179484	0.095107818	0.091926210	0.091845626	0.090241012	0.090162991	0.088299036	0.088452519	0.087522018	0.087698244
t#bar{t} jec_FlavorPureCharm down,	0.120688459	0.120733135	0.115678216	0.115639791	0.108277364	0.108315412	0.103279334	0.103159953	0.098835098	0.098884512	0.095080505	0.095107818	0.091872288	0.091845626	0.090265630	0.090162991	0.088289445	0.088452519	0.087733660	0.087698244
t#bar{t} jec_FlavorPureBottom down,	0.120706193	0.120733135	0.115595855	0.115639791	0.108394476	0.108315412	0.103327497	0.103159953	0.098824872	0.098884512	0.095125613	0.095107818	0.091808963	0.091845626	0.090330531	0.090162991	0.088202805	0.088452519	0.087683195	0.087698244
t#bar{t} jer down,	0.120548861	0.120733135	0.115603787	0.115639791	0.108591089	0.108315412	0.103386370	0.103159953	0.098777301	0.098884512	0.095079464	0.095107818	0.091869102	0.091845626	0.090182737	0.090162991	0.088305099	0.088452519	0.087656191	0.087698244
t#bar{t} btag_heavy down,	0.120686185	0.120733135	0.115647647	0.115639791	0.108459507	0.108315412	0.103260590	0.103159953	0.098816418	0.098884512	0.095096396	0.095107818	0.091849676	0.091845626	0.090184530	0.090162991	0.088375542	0.088452519	0.087623509	0.087698244
t#bar{t} btag_light down,	0.120662812	0.120733135	0.115637285	0.115639791	0.108441476	0.108315412	0.103325790	0.103159953	0.098733821	0.098884512	0.095125726	0.095107818	0.091841935	0.091845626	0.090316717	0.090162991	0.088323891	0.088452519	0.087590548	0.087698244
t#bar{t} csv_heavy down,	0.120677869	0.120733135	0.115623299	0.115639791	0.108478717	0.108315412	0.103388075	0.103159953	0.098855967	0.098884512	0.095287646	0.095107818	0.091776090	0.091845626	0.090181143	0.090162991	0.088228387	0.088452519	0.087502806	0.087698244
t#bar{t} csv_light down,	0.120740730	0.120733135	0.115622755	0.115639791	0.108478241	0.108315412	0.103262638	0.103159953	0.098831818	0.098884512	0.095161603	0.095107818	0.091658695	0.091845626	0.090155707	0.090162991	0.088393453	0.088452519	0.087694360	0.087698244
t#bar{t} tracking down,	0.120628985	0.120733135	0.115619717	0.115639791	0.108464976	0.108315412	0.103323000	0.103159953	0.098908554	0.098884512	0.095036888	0.095107818	0.091750780	0.091845626	0.090260292	0.090162991	0.088239413	0.088452519	0.087767395	0.087698244
t#bar{t} evtgen,	0.121487409	0.120733135	0.116116273	0.115639791	0.107717200	0.108315412	0.102496651	0.103159953	0.099855485	0.098884512	0.094579266	0.095107818	0.091870151	0.091845626	0.090302641	0.090162991	0.087974597	0.088452519	0.087600327	0.087698244
t#bar{t} m=171.5,	0.120540493	0.120733135	0.115301871	0.115639791	0.107985009	0.108315412	0.103123437	0.103159953	0.098883046	0.098884512	0.094770097	0.095107818	0.092529444	0.091845626	0.090720745	0.090162991	0.088829828	0.088452519	0.087316030	0.087698244
t#bar{t} m=173.5,	0.120367930	0.120733135	0.115309237	0.115639791	0.108425224	0.108315412	0.102738234	0.103159953	0.099574083	0.098884512	0.095616995	0.095107818	0.091644160	0.091845626	0.090403272	0.090162991	0.088652520	0.088452519	0.087268344	0.087698244
t#bar{t} isr up,	0.119848324	0.120733135	0.114861237	0.115639791	0.107742922	0.108315412	0.103089850	0.103159953	0.099150812	0.098884512	0.095222961	0.095107818	0.092616696	0.091845626	0.090192113	0.090162991	0.089344896	0.088452519	0.087930188	0.087698244
t#bar{t} isr dn,	0.121053848	0.120733135	0.115914837	0.115639791	0.108685940	0.108315412	0.103520220	0.103159953	0.098763096	0.098884512	0.094899071	0.095107818	0.091749662	0.091845626	0.089782853	0.090162991	0.088551764	0.088452519	0.087078709	0.087698244
t#bar{t} fsr up,	0.119486908	0.120733135	0.115284922	0.115639791	0.107547237	0.108315412	0.102818244	0.103159953	0.099327671	0.098884512	0.094938696	0.095107818	0.092640616	0.091845626	0.091184696	0.090162991	0.088697640	0.088452519	0.088073369	0.087698244
t#bar{t} fsr dn,	0.121992246	0.120733135	0.115995707	0.115639791	0.108537339	0.108315412	0.102597361	0.103159953	0.099015897	0.098884512	0.095088095	0.095107818	0.092081392	0.091845626	0.090506666	0.090162991	0.087037046	0.088452519	0.087148250	0.087698244
t#bar{t} hdamp up,	0.120841541	0.120733135	0.115255871	0.115639791	0.107322305	0.108315412	0.102738316	0.103159953	0.098685874	0.098884512	0.095433493	0.095107818	0.092976354	0.091845626	0.090378878	0.090162991	0.088719264	0.088452519	0.087648103	0.087698244
t#bar{t} hdamp dn,	0.120605933	0.120733135	0.116028675	0.115639791	0.108319051	0.108315412	0.103154780	0.103159953	0.099214989	0.098884512	0.094952859	0.095107818	0.092261570	0.091845626	0.089734319	0.090162991	0.088706650	0.088452519	0.087021173	0.087698244
t#bar{t} UEup,	0.120551031	0.120733135	0.116159429	0.115639791	0.107552201	0.108315412	0.102714311	0.103159953	0.099290261	0.098884512	0.095608874	0.095107818	0.092095160	0.091845626	0.090415426	0.090162991	0.088218477	0.088452519	0.087394831	0.087698244
t#bar{t} UEdn,	0.120389049	0.120733135	0.115373915	0.115639791	0.108426064	0.108315412	0.102314693	0.103159953	0.098975556	0.098884512	0.095394960	0.095107818	0.092177984	0.091845626	0.090414267	0.090162991	0.088977947	0.088452519	0.087555565	0.087698244
t#bar{t} ERDon,	0.115621221	0.120733135	0.111568689	0.115639791	0.106034536	0.108315412	0.101940113	0.103159953	0.099593122	0.098884512	0.096300138	0.095107818	0.094928114	0.091845626	0.092863760	0.090162991	0.091025294	0.088452519	0.090125014	0.087698244
t#bar{t} QCDbased,	0.110005842	0.120733135	0.106975567	0.115639791	0.102985460	0.108315412	0.100618907	0.103159953	0.100843245	0.098884512	0.098463615	0.095107818	0.096693160	0.091845626	0.095501908	0.090162991	0.094244496	0.088452519	0.093667801	0.087698244
t#bar{t} gluon move,	0.121065527	0.120733135	0.116084385	0.115639791	0.108249177	0.108315412	0.102891137	0.103159953	0.099481901	0.098884512	0.095071894	0.095107818	0.092120520	0.091845626	0.089710742	0.090162991	0.088311011	0.088452519	0.087013705	0.087698244
