t#bar{t},	0.179567470	0.177092506	0.170289148	0.174505279	0.163610261	0.161213720	0.156774587	0.158830816	0.164284692	0.162679162	0.165473843	0.165678517
t#bar{t} jec_CorrelationGroupMPFInSitu up,	0.177908010	0.177092506	0.173029867	0.174505279	0.161841330	0.161213720	0.158407806	0.158830816	0.162996241	0.162679162	0.165816746	0.165678517
t#bar{t} jec_RelativeFSR up,	0.178537433	0.177092506	0.171784770	0.174505279	0.161257958	0.161213720	0.159973995	0.158830816	0.162932709	0.162679162	0.165513135	0.165678517
t#bar{t} jec_CorrelationGroupUncorrelated up,	0.177907788	0.177092506	0.172474032	0.174505279	0.162110600	0.161213720	0.157988635	0.158830816	0.162486815	0.162679162	0.167032129	0.165678517
t#bar{t} jec_FlavorPureGluon up,	0.178385999	0.177092506	0.172313656	0.174505279	0.161540372	0.161213720	0.159308905	0.158830816	0.163199428	0.162679162	0.165251640	0.165678517
t#bar{t} jec_FlavorPureQuark up,	0.178160715	0.177092506	0.173146251	0.174505279	0.162332225	0.161213720	0.157826570	0.158830816	0.163833612	0.162679162	0.164700627	0.165678517
t#bar{t} jec_FlavorPureCharm up,	0.177989904	0.177092506	0.172097805	0.174505279	0.161049184	0.161213720	0.159829106	0.158830816	0.161987816	0.162679162	0.167046185	0.165678517
t#bar{t} jec_FlavorPureBottom up,	0.176858757	0.177092506	0.173950191	0.174505279	0.161138275	0.161213720	0.158796894	0.158830816	0.161557022	0.162679162	0.167698863	0.165678517
t#bar{t} jer up,	0.177729179	0.177092506	0.173503484	0.174505279	0.162130443	0.161213720	0.157747993	0.158830816	0.163202146	0.162679162	0.165686754	0.165678517
t#bar{t} btag_heavy up,	0.178463660	0.177092506	0.172609119	0.174505279	0.162215331	0.161213720	0.158283834	0.158830816	0.163866967	0.162679162	0.164561089	0.165678517
t#bar{t} btag_light up,	0.178021013	0.177092506	0.172258001	0.174505279	0.161935952	0.161213720	0.158364070	0.158830816	0.162485871	0.162679162	0.166935093	0.165678517
t#bar{t} csv_heavy up,	0.177403917	0.177092506	0.173771368	0.174505279	0.162472634	0.161213720	0.156879515	0.158830816	0.162829505	0.162679162	0.166643062	0.165678517
t#bar{t} csv_light up,	0.178046735	0.177092506	0.172631766	0.174505279	0.162026623	0.161213720	0.158228549	0.158830816	0.162947197	0.162679162	0.166119131	0.165678517
t#bar{t} tracking up,	0.178096139	0.177092506	0.171757896	0.174505279	0.162211834	0.161213720	0.158049392	0.158830816	0.162191254	0.162679162	0.167693485	0.165678517
t#bar{t} jec_CorrelationGroupMPFInSitu down,	0.179037158	0.177092506	0.171374249	0.174505279	0.161739457	0.161213720	0.159631640	0.158830816	0.163770431	0.162679162	0.164447065	0.165678517
t#bar{t} jec_RelativeFSR down,	0.177102201	0.177092506	0.174493512	0.174505279	0.162083969	0.161213720	0.157316371	0.158830816	0.162856042	0.162679162	0.166147905	0.165678517
t#bar{t} jec_CorrelationGroupUncorrelated down,	0.178425664	0.177092506	0.171966470	0.174505279	0.162306425	0.161213720	0.158111876	0.158830816	0.163163269	0.162679162	0.166026295	0.165678517
t#bar{t} jec_FlavorPureGluon down,	0.178193716	0.177092506	0.172705117	0.174505279	0.162240080	0.161213720	0.158000967	0.158830816	0.163420840	0.162679162	0.165439279	0.165678517
t#bar{t} jec_FlavorPureQuark down,	0.178462604	0.177092506	0.171765388	0.174505279	0.162088530	0.161213720	0.158512861	0.158830816	0.162976297	0.162679162	0.166194321	0.165678517
t#bar{t} jec_FlavorPureCharm down,	0.178211118	0.177092506	0.173136567	0.174505279	0.161951298	0.161213720	0.158456592	0.158830816	0.163793915	0.162679162	0.164450511	0.165678517
t#bar{t} jec_FlavorPureBottom down,	0.177604006	0.177092506	0.173586470	0.174505279	0.161384781	0.161213720	0.158871321	0.158830816	0.162811239	0.162679162	0.165742184	0.165678517
t#bar{t} jer down,	0.178606038	0.177092506	0.172285175	0.174505279	0.161610134	0.161213720	0.159357434	0.158830816	0.163656271	0.162679162	0.164484947	0.165678517
t#bar{t} btag_heavy down,	0.178283217	0.177092506	0.172324703	0.174505279	0.161983874	0.161213720	0.158512529	0.158830816	0.163133181	0.162679162	0.165762496	0.165678517
t#bar{t} btag_light down,	0.178278369	0.177092506	0.171948995	0.174505279	0.160860667	0.161213720	0.160353362	0.158830816	0.162379393	0.162679162	0.166179214	0.165678517
t#bar{t} csv_heavy down,	0.178547986	0.177092506	0.172856481	0.174505279	0.161745328	0.161213720	0.159096062	0.158830816	0.164192730	0.162679162	0.163561412	0.165678517
t#bar{t} csv_light down,	0.178296948	0.177092506	0.172488208	0.174505279	0.162278316	0.161213720	0.158012865	0.158830816	0.163408043	0.162679162	0.165515621	0.165678517
t#bar{t} tracking down,	0.178086581	0.177092506	0.172621910	0.174505279	0.161589701	0.161213720	0.158988459	0.158830816	0.162877369	0.162679162	0.165835980	0.165678517
t#bar{t} evtgen,	0.176925851	0.177092506	0.175691258	0.174505279	0.161667351	0.161213720	0.158009306	0.158830816	0.163750530	0.162679162	0.163955705	0.165678517
t#bar{t} m=171.5,	0.174639369	0.177092506	0.177446884	0.174505279	0.162984060	0.161213720	0.154147115	0.158830816	0.161380701	0.162679162	0.169401871	0.165678517
t#bar{t} m=173.5,	0.177101112	0.177092506	0.175562675	0.174505279	0.158325495	0.161213720	0.163602088	0.158830816	0.163054221	0.162679162	0.162354409	0.165678517
t#bar{t} Herwig++,	0.177068481	0.177092506	0.173760018	0.174505279	0.159383874	0.161213720	0.161749485	0.158830816	0.161188609	0.162679162	0.166849533	0.165678517
t#bar{t} isr up,	0.176924037	0.177092506	0.174368407	0.174505279	0.161269548	0.161213720	0.158616310	0.158830816	0.162160948	0.162679162	0.166660750	0.165678517
t#bar{t} isr dn,	0.177503821	0.177092506	0.172975061	0.174505279	0.161591851	0.161213720	0.158549147	0.158830816	0.162017843	0.162679162	0.167362278	0.165678517
t#bar{t} fsr up,	0.176768479	0.177092506	0.175458494	0.174505279	0.160433727	0.161213720	0.159873735	0.158830816	0.162761753	0.162679162	0.164703811	0.165678517
t#bar{t} fsr dn,	0.177960164	0.177092506	0.173437316	0.174505279	0.161079978	0.161213720	0.159775998	0.158830816	0.163416831	0.162679162	0.164329714	0.165678517
t#bar{t} hdamp up,	0.177370270	0.177092506	0.173793101	0.174505279	0.160250718	0.161213720	0.160645787	0.158830816	0.162259478	0.162679162	0.165680646	0.165678517
t#bar{t} hdamp dn,	0.176798881	0.177092506	0.174494388	0.174505279	0.160731605	0.161213720	0.159333333	0.158830816	0.161925618	0.162679162	0.166716176	0.165678517
t#bar{t} UEup,	0.177342776	0.177092506	0.173667941	0.174505279	0.160025553	0.161213720	0.161016254	0.158830816	0.161983595	0.162679162	0.165963881	0.165678517
t#bar{t} UEdn,	0.176276914	0.177092506	0.175720099	0.174505279	0.161520367	0.161213720	0.157608415	0.158830816	0.162326101	0.162679162	0.166548103	0.165678517
t#bar{t} pileup up,	0.177205075	0.177092506	0.174172046	0.174505279	0.161402997	0.161213720	0.158623150	0.158830816	0.162623342	0.162679162	0.165973390	0.165678517
t#bar{t} pileup down,	0.176942154	0.177092506	0.174797533	0.174505279	0.161128378	0.161213720	0.158847952	0.158830816	0.162643763	0.162679162	0.165640220	0.165678517
t#bar{t} trig efficiency correction up,	0.177626807	0.177092506	0.173519416	0.174505279	0.161480706	0.161213720	0.158817785	0.158830816	0.162823734	0.162679162	0.165731552	0.165678517
t#bar{t} trig efficiency correction down,	0.177609751	0.177092506	0.173537692	0.174505279	0.161465581	0.161213720	0.158829602	0.158830816	0.162801853	0.162679162	0.165755521	0.165678517
t#bar{t} sel efficiency correction up,	0.177622757	0.177092506	0.173521408	0.174505279	0.161489469	0.161213720	0.158800316	0.158830816	0.162819818	0.162679162	0.165746232	0.165678517
t#bar{t} sel efficiency correction down,	0.177613823	0.177092506	0.173535775	0.174505279	0.161456639	0.161213720	0.158847358	0.158830816	0.162805846	0.162679162	0.165740558	0.165678517
t#bar{t} b fragmentation up,	0.177395604	0.177092506	0.173606916	0.174505279	0.161698595	0.161213720	0.158300553	0.158830816	0.162499055	0.162679162	0.166499278	0.165678517
t#bar{t} b fragmentation down,	0.177793403	0.177092506	0.173380700	0.174505279	0.161363217	0.161213720	0.159136676	0.158830816	0.162996941	0.162679162	0.165329063	0.165678517
t#bar{t} Peterson Frag,	0.177508992	0.177092506	0.173758116	0.174505279	0.161566212	0.161213720	0.158575163	0.158830816	0.162842999	0.162679162	0.165748518	0.165678517
t#bar{t} semilep BR up,	0.177574412	0.177092506	0.173605085	0.174505279	0.161436780	0.161213720	0.158846181	0.158830816	0.162786524	0.162679162	0.165751018	0.165678517
t#bar{t} semilep BR down,	0.177622331	0.177092506	0.173519281	0.174505279	0.161465498	0.161213720	0.158841428	0.158830816	0.162810151	0.162679162	0.165741310	0.165678517
t#bar{t} ERDon,	0.176241758	0.177092506	0.176743543	0.174505279	0.160079428	0.161213720	0.159994309	0.158830816	0.162937738	0.162679162	0.164003224	0.165678517
t#bar{t} QCDbased,	0.178154574	0.177092506	0.171540492	0.174505279	0.161137213	0.161213720	0.159811074	0.158830816	0.161779022	0.162679162	0.167577624	0.165678517
t#bar{t} gluon move,	0.176559355	0.177092506	0.174976086	0.174505279	0.159938125	0.161213720	0.160626497	0.158830816	0.161783624	0.162679162	0.166116313	0.165678517
