t#bar{t},	0.169553809	0.168193137	0.162249710	0.163777484	0.156503198	0.155261858	0.157701297	0.157998803	0.172553723	0.174721651	0.181438263	0.180047067
t#bar{t} jec_CorrelationGroupMPFInSitu up,	0.168573571	0.168193137	0.163352741	0.163777484	0.155741869	0.155261858	0.157583004	0.157998803	0.174321019	0.174721651	0.180427796	0.180047067
t#bar{t} jec_RelativeFSR up,	0.168843406	0.168193137	0.162877892	0.163777484	0.156391597	0.155261858	0.157083424	0.157998803	0.174189413	0.174721651	0.180614269	0.180047067
t#bar{t} jec_CorrelationGroupUncorrelated up,	0.169201980	0.168193137	0.162394430	0.163777484	0.157004793	0.155261858	0.156256937	0.157998803	0.174847859	0.174721651	0.180294001	0.180047067
t#bar{t} jec_FlavorPureGluon up,	0.169697925	0.168193137	0.162335003	0.163777484	0.156077312	0.155261858	0.157178361	0.157998803	0.174729234	0.174721651	0.179982164	0.180047067
t#bar{t} jec_FlavorPureQuark up,	0.170371434	0.168193137	0.161613991	0.163777484	0.156413190	0.155261858	0.156829261	0.157998803	0.175118862	0.174721651	0.179653263	0.180047067
t#bar{t} jec_FlavorPureCharm up,	0.168941398	0.168193137	0.163103830	0.163777484	0.155410169	0.155261858	0.158167633	0.157998803	0.173873599	0.174721651	0.180503372	0.180047067
t#bar{t} jec_FlavorPureBottom up,	0.168389089	0.168193137	0.163524131	0.163777484	0.155529445	0.155261858	0.157560136	0.157998803	0.175189465	0.174721651	0.179807734	0.180047067
t#bar{t} jer up,	0.169601465	0.168193137	0.162398524	0.163777484	0.156050499	0.155261858	0.157340212	0.157998803	0.174342895	0.174721651	0.180266405	0.180047067
t#bar{t} btag_heavy up,	0.169362051	0.168193137	0.162603767	0.163777484	0.156021124	0.155261858	0.157086673	0.157998803	0.175138564	0.174721651	0.179787820	0.180047067
t#bar{t} btag_light up,	0.168975638	0.168193137	0.163130809	0.163777484	0.155314442	0.155261858	0.157930041	0.157998803	0.174872035	0.174721651	0.179777036	0.180047067
t#bar{t} csv_heavy up,	0.168778028	0.168193137	0.163177464	0.163777484	0.155742504	0.155261858	0.157470306	0.157998803	0.174863063	0.174721651	0.179968636	0.180047067
t#bar{t} csv_light up,	0.169899952	0.168193137	0.162298237	0.163777484	0.155520575	0.155261858	0.157905442	0.157998803	0.174425603	0.174721651	0.179950190	0.180047067
t#bar{t} tracking up,	0.170031064	0.168193137	0.162173681	0.163777484	0.155648642	0.155261858	0.157548793	0.157998803	0.175037664	0.174721651	0.179560156	0.180047067
t#bar{t} jec_CorrelationGroupMPFInSitu down,	0.169131718	0.168193137	0.162945107	0.163777484	0.155442410	0.155261858	0.158083971	0.157998803	0.174067045	0.174721651	0.180329750	0.180047067
t#bar{t} jec_RelativeFSR down,	0.168775145	0.168193137	0.162941035	0.163777484	0.156482488	0.155261858	0.156784916	0.157998803	0.174698561	0.174721651	0.180317854	0.180047067
t#bar{t} jec_CorrelationGroupUncorrelated down,	0.167849430	0.168193137	0.163960446	0.163777484	0.155504749	0.155261858	0.157292576	0.157998803	0.176051490	0.174721651	0.179341308	0.180047067
t#bar{t} jec_FlavorPureGluon down,	0.168372885	0.168193137	0.163570934	0.163777484	0.155365082	0.155261858	0.158139520	0.157998803	0.174108596	0.174721651	0.180442983	0.180047067
t#bar{t} jec_FlavorPureQuark down,	0.169883645	0.168193137	0.162217036	0.163777484	0.155776237	0.155261858	0.157688607	0.157998803	0.174292577	0.174721651	0.180141899	0.180047067
t#bar{t} jec_FlavorPureCharm down,	0.169539653	0.168193137	0.162742691	0.163777484	0.155031294	0.155261858	0.158042432	0.157998803	0.175477362	0.174721651	0.179166567	0.180047067
t#bar{t} jec_FlavorPureBottom down,	0.169031193	0.168193137	0.163244867	0.163777484	0.154689192	0.155261858	0.158588113	0.157998803	0.174885683	0.174721651	0.179560953	0.180047067
t#bar{t} jer down,	0.168423592	0.168193137	0.163312732	0.163777484	0.156333214	0.155261858	0.156579427	0.157998803	0.175505058	0.174721651	0.179845978	0.180047067
t#bar{t} btag_heavy down,	0.169281444	0.168193137	0.162801745	0.163777484	0.155465727	0.155261858	0.157795246	0.157998803	0.174904059	0.174721651	0.179751778	0.180047067
t#bar{t} btag_light down,	0.168347426	0.168193137	0.163315171	0.163777484	0.156398275	0.155261858	0.156653696	0.157998803	0.175302229	0.174721651	0.179983203	0.180047067
t#bar{t} csv_heavy down,	0.168420123	0.168193137	0.163653990	0.163777484	0.155138873	0.155261858	0.157751867	0.157998803	0.175807445	0.174721651	0.179227701	0.180047067
t#bar{t} csv_light down,	0.169014459	0.168193137	0.163079890	0.163777484	0.155544093	0.155261858	0.157282714	0.157998803	0.176015154	0.174721651	0.179063690	0.180047067
t#bar{t} tracking down,	0.169837380	0.168193137	0.162444895	0.163777484	0.155200723	0.155261858	0.157861962	0.157998803	0.175467691	0.174721651	0.179187349	0.180047067
t#bar{t} evtgen,	0.167954068	0.168193137	0.164583029	0.163777484	0.153037879	0.155261858	0.161029005	0.157998803	0.172789036	0.174721651	0.180606983	0.180047067
t#bar{t} m=171.5,	0.167878318	0.168193137	0.164398948	0.163777484	0.154037932	0.155261858	0.159770523	0.157998803	0.173079701	0.174721651	0.180834579	0.180047067
t#bar{t} m=173.5,	0.168937243	0.168193137	0.163229279	0.163777484	0.154854824	0.155261858	0.158232259	0.157998803	0.175600179	0.174721651	0.179146216	0.180047067
t#bar{t} Herwig++,	0.168835951	0.168193137	0.163241084	0.163777484	0.155353686	0.155261858	0.158090619	0.157998803	0.174160494	0.174721651	0.180318167	0.180047067
t#bar{t} isr up,	0.167654166	0.168193137	0.164462860	0.163777484	0.154423829	0.155261858	0.158611168	0.157998803	0.175498627	0.174721651	0.179349350	0.180047067
t#bar{t} isr dn,	0.168081747	0.168193137	0.163657292	0.163777484	0.156016147	0.155261858	0.157612511	0.157998803	0.173437300	0.174721651	0.181195002	0.180047067
t#bar{t} fsr up,	0.167520123	0.168193137	0.164399145	0.163777484	0.154942487	0.155261858	0.158571770	0.157998803	0.173932987	0.174721651	0.180633487	0.180047067
t#bar{t} fsr dn,	0.167937269	0.168193137	0.164559325	0.163777484	0.153464657	0.155261858	0.159060384	0.157998803	0.176520040	0.174721651	0.178458324	0.180047067
t#bar{t} hdamp up,	0.167681029	0.168193137	0.164149448	0.163777484	0.155388272	0.155261858	0.158084131	0.157998803	0.174021523	0.174721651	0.180675596	0.180047067
t#bar{t} hdamp dn,	0.167442401	0.168193137	0.164557998	0.163777484	0.154678758	0.155261858	0.158252111	0.157998803	0.175556798	0.174721651	0.179511934	0.180047067
t#bar{t} UEup,	0.167758958	0.168193137	0.163957878	0.163777484	0.155902635	0.155261858	0.157133759	0.157998803	0.174959119	0.174721651	0.180287651	0.180047067
t#bar{t} UEdn,	0.169447258	0.168193137	0.162862943	0.163777484	0.155195787	0.155261858	0.157563340	0.157998803	0.175867787	0.174721651	0.179062885	0.180047067
t#bar{t} ERDon,	0.168220252	0.168193137	0.163804487	0.163777484	0.155146271	0.155261858	0.158099431	0.157998803	0.174737585	0.174721651	0.179991974	0.180047067
t#bar{t} QCDbased,	0.166267268	0.168193137	0.165244011	0.163777484	0.155491113	0.155261858	0.157891596	0.157998803	0.174277044	0.174721651	0.180828969	0.180047067
t#bar{t} gluon move,	0.167641640	0.168193137	0.164102341	0.163777484	0.155670873	0.155261858	0.157823707	0.157998803	0.173892664	0.174721651	0.180868776	0.180047067
