t#bar{t},	0.099286064	0.115504321	0.085155489	0.077565015	0.156316145	0.121105045	0.027945586	0.083155317	0.133022300	0.157107092	0.104583416	-0.008378759	0.077439374	0.196503114	0.108430279	0.023082173	0.093864488	0.125360400	0.113956859	0.108996280
t#bar{t} jec_CorrelationGroupMPFInSitu up,	0.117938414	0.115504321	0.089476855	0.077565015	0.095768749	0.121105045	0.102126443	0.083155317	0.141924461	0.157107092	0.008463487	-0.008378759	0.188937862	0.196503114	0.038779109	0.023082173	0.102087885	0.125360400	0.114496734	0.108996280
t#bar{t} jec_RelativeFSR up,	0.115758254	0.115504321	0.082734977	0.077565015	0.113880137	0.121105045	0.071301709	0.083155317	0.196478330	0.157107092	-0.031884834	-0.008378759	0.201549602	0.196503114	0.026537939	0.023082173	0.108604592	0.125360400	0.115039292	0.108996280
t#bar{t} jec_CorrelationGroupUncorrelated up,	0.123286039	0.115504321	0.078374325	0.077565015	0.113140035	0.121105045	0.091171598	0.083155317	0.154556114	0.157107092	-0.008534744	-0.008378759	0.196769347	0.196503114	0.036561575	0.023082173	0.095884586	0.125360400	0.118791122	0.108996280
t#bar{t} jec_FlavorPureGluon up,	0.122482426	0.115504321	0.083600680	0.077565015	0.107080935	0.121105045	0.079785037	0.083155317	0.167748875	0.157107092	-0.009376614	-0.008378759	0.189343449	0.196503114	0.043423228	0.023082173	0.098987217	0.125360400	0.116924768	0.108996280
t#bar{t} jec_FlavorPureQuark up,	0.104850203	0.115504321	0.093066984	0.077565015	0.117695754	0.121105045	0.082091948	0.083155317	0.149478662	0.157107092	0.018720029	-0.008378759	0.151519465	0.196503114	0.075094015	0.023082173	0.085365497	0.125360400	0.122117442	0.108996280
t#bar{t} jec_FlavorPureCharm up,	0.107983240	0.115504321	0.095126244	0.077565015	0.107885806	0.121105045	0.096783761	0.083155317	0.117287676	0.157107092	0.059336001	-0.008378759	0.143154540	0.196503114	0.056531516	0.023082173	0.097710083	0.125360400	0.118201133	0.108996280
t#bar{t} jec_FlavorPureBottom up,	0.118056417	0.115504321	0.077295316	0.077565015	0.116088056	0.121105045	0.097256085	0.083155317	0.135580211	0.157107092	0.019926357	-0.008378759	0.169887718	0.196503114	0.052985431	0.023082173	0.088724500	0.125360400	0.124199908	0.108996280
t#bar{t} jer up,	0.116263990	0.115504321	0.082296041	0.077565015	0.113136768	0.121105045	0.078921595	0.083155317	0.167807204	0.157107092	-0.004363877	-0.008378759	0.188406624	0.196503114	0.035912191	0.023082173	0.108400147	0.125360400	0.113219317	0.108996280
t#bar{t} btag_heavy up,	0.126526116	0.115504321	0.074230415	0.077565015	0.110211352	0.121105045	0.092970343	0.083155317	0.157435732	0.157107092	-0.010909121	-0.008378759	0.190994025	0.196503114	0.032490418	0.023082173	0.115846355	0.125360400	0.110204364	0.108996280
t#bar{t} btag_light up,	0.113031149	0.115504321	0.095538038	0.077565015	0.096408308	0.121105045	0.097647812	0.083155317	0.141862105	0.157107092	0.023030037	-0.008378759	0.174910619	0.196503114	0.035171449	0.023082173	0.113216802	0.125360400	0.109183683	0.108996280
t#bar{t} csv_heavy up,	0.115043345	0.115504321	0.087231193	0.077565015	0.111468155	0.121105045	0.079624485	0.083155317	0.142237783	0.157107092	0.025482881	-0.008378759	0.183347226	0.196503114	0.029371234	0.023082173	0.122069065	0.125360400	0.104124634	0.108996280
t#bar{t} csv_light up,	0.123299515	0.115504321	0.078624697	0.077565015	0.105771486	0.121105045	0.090367449	0.083155317	0.144933937	0.157107092	0.028565522	-0.008378759	0.154806261	0.196503114	0.060670747	0.023082173	0.095735672	0.125360400	0.117224714	0.108996280
t#bar{t} tracking up,	0.110817926	0.115504321	0.097862493	0.077565015	0.096070532	0.121105045	0.096352503	0.083155317	0.133768047	0.157107092	0.047150250	-0.008378759	0.145208866	0.196503114	0.051913877	0.023082173	0.105362576	0.125360400	0.115492930	0.108996280
t#bar{t} jec_CorrelationGroupMPFInSitu down,	0.113788139	0.115504321	0.092824190	0.077565015	0.089082762	0.121105045	0.106015670	0.083155317	0.138050027	0.157107092	0.041058902	-0.008378759	0.148064203	0.196503114	0.044797352	0.023082173	0.125206995	0.125360400	0.101111759	0.108996280
t#bar{t} jec_RelativeFSR down,	0.114635337	0.115504321	0.091896339	0.077565015	0.106297489	0.121105045	0.082428980	0.083155317	0.169116566	0.157107092	-0.008090513	-0.008378759	0.187518030	0.196503114	0.027792705	0.023082173	0.117302864	0.125360400	0.111102203	0.108996280
t#bar{t} jec_CorrelationGroupUncorrelated down,	0.110719937	0.115504321	0.081476102	0.077565015	0.119849404	0.121105045	0.094199599	0.083155317	0.121182285	0.157107092	0.036449691	-0.008378759	0.181642168	0.196503114	0.020883916	0.023082173	0.123439240	0.125360400	0.110157658	0.108996280
t#bar{t} jec_FlavorPureGluon down,	0.119547911	0.115504321	0.083863394	0.077565015	0.108110636	0.121105045	0.073816807	0.083155317	0.157287232	0.157107092	0.027979250	-0.008378759	0.176331598	0.196503114	0.032440995	0.023082173	0.107504504	0.125360400	0.113117673	0.108996280
t#bar{t} jec_FlavorPureQuark down,	0.119466856	0.115504321	0.084166280	0.077565015	0.097804122	0.121105045	0.098228256	0.083155317	0.153702972	0.157107092	0.011107853	-0.008378759	0.167733352	0.196503114	0.038941007	0.023082173	0.115795427	0.125360400	0.113053875	0.108996280
t#bar{t} jec_FlavorPureCharm down,	0.123618205	0.115504321	0.080157058	0.077565015	0.107224837	0.121105045	0.090225383	0.083155317	0.158168985	0.157107092	-0.004610428	-0.008378759	0.189785429	0.196503114	0.030126624	0.023082173	0.116034876	0.125360400	0.109269031	0.108996280
t#bar{t} jec_FlavorPureBottom down,	0.112079573	0.115504321	0.088912566	0.077565015	0.098864312	0.121105045	0.098820211	0.083155317	0.148791349	0.157107092	0.018904212	-0.008378759	0.163799027	0.196503114	0.045648289	0.023082173	0.113750064	0.125360400	0.110430396	0.108996280
t#bar{t} jer down,	0.124278786	0.115504321	0.078055596	0.077565015	0.105281591	0.121105045	0.096472705	0.083155317	0.158584170	0.157107092	-0.013417261	-0.008378759	0.190164634	0.196503114	0.052802899	0.023082173	0.088879547	0.125360400	0.118897332	0.108996280
t#bar{t} btag_heavy down,	0.119327154	0.115504321	0.089107360	0.077565015	0.089708688	0.121105045	0.116738301	0.083155317	0.127212322	0.157107092	0.027154580	-0.008378759	0.160455989	0.196503114	0.050435890	0.023082173	0.100642926	0.125360400	0.119216789	0.108996280
t#bar{t} btag_light down,	0.116815526	0.115504321	0.083103339	0.077565015	0.113508717	0.121105045	0.091696759	0.083155317	0.136047745	0.157107092	0.027567012	-0.008378759	0.165652386	0.196503114	0.048278227	0.023082173	0.100253496	0.125360400	0.117076793	0.108996280
t#bar{t} csv_heavy down,	0.116739813	0.115504321	0.082880626	0.077565015	0.105099856	0.121105045	0.110094864	0.083155317	0.129581091	0.157107092	0.009178279	-0.008378759	0.185216678	0.196503114	0.051743845	0.023082173	0.093757757	0.125360400	0.115707191	0.108996280
t#bar{t} csv_light down,	0.121425529	0.115504321	0.075934132	0.077565015	0.105808774	0.121105045	0.098897579	0.083155317	0.134865485	0.157107092	0.032757604	-0.008378759	0.171764866	0.196503114	0.033211073	0.023082173	0.106265926	0.125360400	0.119069032	0.108996280
t#bar{t} tracking down,	0.115465570	0.115504321	0.085193911	0.077565015	0.103878532	0.121105045	0.097415693	0.083155317	0.144566352	0.157107092	0.017122769	-0.008378759	0.179133481	0.196503114	0.039828213	0.023082173	0.111664667	0.125360400	0.105730812	0.108996280
t#bar{t} evtgen,	0.129384886	0.115504321	0.063229751	0.077565015	0.111387988	0.121105045	0.106117482	0.083155317	0.099578818	0.157107092	0.071956519	-0.008378759	0.109019952	0.196503114	0.085689757	0.023082173	0.106317513	0.125360400	0.117317335	0.108996280
t#bar{t} m=171.5,	0.094775017	0.115504321	0.140262804	0.077565015	0.070523109	0.121105045	0.100218997	0.083155317	0.127958962	0.157107092	0.018725591	-0.008378759	0.210600392	0.196503114	0.014501647	0.023082173	0.107725017	0.125360400	0.114708463	0.108996280
t#bar{t} m=173.5,	0.126590044	0.115504321	0.037567915	0.077565015	0.137974254	0.121105045	0.101422390	0.083155317	0.111648423	0.157107092	0.063626154	-0.008378759	0.117404533	0.196503114	0.080225920	0.023082173	0.098579933	0.125360400	0.124960433	0.108996280
t#bar{t} Herwig++,	0.117973824	0.115504321	0.074196338	0.077565015	0.122048292	0.121105045	0.092038616	0.083155317	0.118816172	0.157107092	0.034268161	-0.008378759	0.170198991	0.196503114	0.037004663	0.023082173	0.116759188	0.125360400	0.116695755	0.108996280
t#bar{t} isr up,	0.118204381	0.115504321	0.069837415	0.077565015	0.124578579	0.121105045	0.086542563	0.083155317	0.141940681	0.157107092	0.005693885	-0.008378759	0.204975995	0.196503114	0.005979148	0.023082173	0.133729006	0.125360400	0.108518346	0.108996280
t#bar{t} isr dn,	0.125793254	0.115504321	0.063838789	0.077565015	0.114568073	0.121105045	0.081938009	0.083155317	0.163968055	0.157107092	0.000999491	-0.008378759	0.191569636	0.196503114	0.005445129	0.023082173	0.133768848	0.125360400	0.118110716	0.108996280
t#bar{t} fsr up,	0.136386431	0.115504321	0.049728902	0.077565015	0.115515060	0.121105045	0.098619666	0.083155317	0.151720903	0.157107092	-0.015962676	-0.008378759	0.233485462	0.196503114	-0.009854874	0.023082173	0.127997724	0.125360400	0.112363401	0.108996280
t#bar{t} fsr dn,	0.104829029	0.115504321	0.097060951	0.077565015	0.105196488	0.121105045	0.089884816	0.083155317	0.138673711	0.157107092	0.020822997	-0.008378759	0.183650736	0.196503114	0.026300833	0.023082173	0.110341282	0.125360400	0.123239157	0.108996280
t#bar{t} hdamp up,	0.107583798	0.115504321	0.074517370	0.077565015	0.111567573	0.121105045	0.119059246	0.083155317	0.110294982	0.157107092	0.038213331	-0.008378759	0.159299948	0.196503114	0.047246955	0.023082173	0.110935129	0.125360400	0.121281669	0.108996280
t#bar{t} hdamp dn,	0.128456945	0.115504321	0.061156712	0.077565015	0.121360739	0.121105045	0.071505635	0.083155317	0.183465827	0.157107092	-0.024828274	-0.008378759	0.198179212	0.196503114	0.024941048	0.023082173	0.114061389	0.125360400	0.121700767	0.108996280
t#bar{t} UEup,	0.099730564	0.115504321	0.081362654	0.077565015	0.135814313	0.121105045	0.088468629	0.083155317	0.150160537	0.157107092	-0.024438161	-0.008378759	0.239693723	0.196503114	-0.019605028	0.023082173	0.146143825	0.125360400	0.102668946	0.108996280
t#bar{t} UEdn,	0.120733585	0.115504321	0.065994159	0.077565015	0.129200856	0.121105045	0.078418420	0.083155317	0.111859601	0.157107092	0.096773712	-0.008378759	0.096284694	0.196503114	0.092007201	0.023082173	0.071353881	0.125360400	0.137373892	0.108996280
t#bar{t} ERDon,	0.111022815	0.115504321	0.087303628	0.077565015	0.104516189	0.121105045	0.101071468	0.083155317	0.128713876	0.157107092	0.020616185	-0.008378759	0.182684286	0.196503114	0.027704494	0.023082173	0.121776336	0.125360400	0.114590724	0.108996280
t#bar{t} QCDbased,	0.105829574	0.115504321	0.088428062	0.077565015	0.120963554	0.121105045	0.075568897	0.083155317	0.122175887	0.157107092	0.055382394	-0.008378759	0.148436775	0.196503114	0.050321570	0.023082173	0.109175050	0.125360400	0.123718237	0.108996280
t#bar{t} gluon move,	0.114922616	0.115504321	0.073304982	0.077565015	0.135654422	0.121105045	0.080959921	0.083155317	0.128578634	0.157107092	0.020092149	-0.008378759	0.184303786	0.196503114	0.032847821	0.023082173	0.113686883	0.125360400	0.115648785	0.108996280
