t#bar{t},	0.189972913	0.187962035	0.175350150	0.179892071	0.163421689	0.161200755	0.152922420	0.152886288	0.158638949	0.158570123	0.159693880	0.159488728
t#bar{t} jec_CorrelationGroupMPFInSitu up,	0.188330304	0.187962035	0.178618410	0.179892071	0.161981011	0.161200755	0.152656871	0.152886288	0.159049985	0.158570123	0.159363419	0.159488728
t#bar{t} jec_RelativeFSR up,	0.188414311	0.187962035	0.178755362	0.179892071	0.162183812	0.161200755	0.152891383	0.152886288	0.158084528	0.158570123	0.159670604	0.159488728
t#bar{t} jec_CorrelationGroupUncorrelated up,	0.187826418	0.187962035	0.179703674	0.179892071	0.162152149	0.161200755	0.152406863	0.152886288	0.158540263	0.158570123	0.159370634	0.159488728
t#bar{t} jec_FlavorPureGluon up,	0.188836586	0.187962035	0.178183180	0.179892071	0.161061045	0.161200755	0.153350816	0.152886288	0.159196582	0.158570123	0.159371790	0.159488728
t#bar{t} jec_FlavorPureQuark up,	0.189384573	0.187962035	0.177176663	0.179892071	0.161650896	0.161200755	0.153423964	0.152886288	0.158763435	0.158570123	0.159600469	0.159488728
t#bar{t} jec_FlavorPureCharm up,	0.188365631	0.187962035	0.178531450	0.179892071	0.161739367	0.161200755	0.152671616	0.152886288	0.159429988	0.158570123	0.159261947	0.159488728
t#bar{t} jec_FlavorPureBottom up,	0.188890259	0.187962035	0.177999942	0.179892071	0.162161048	0.161200755	0.153052339	0.152886288	0.158246400	0.158570123	0.159650012	0.159488728
t#bar{t} jer up,	0.189801183	0.187962035	0.176627631	0.179892071	0.161163529	0.161200755	0.153953748	0.152886288	0.158815295	0.158570123	0.159638614	0.159488728
t#bar{t} btag_heavy up,	0.188249684	0.187962035	0.178773899	0.179892071	0.163071737	0.161200755	0.152564623	0.152886288	0.157657871	0.158570123	0.159682186	0.159488728
t#bar{t} btag_light up,	0.189103540	0.187962035	0.177504253	0.179892071	0.161732784	0.161200755	0.153272042	0.152886288	0.158847451	0.158570123	0.159539931	0.159488728
t#bar{t} csv_heavy up,	0.187836247	0.187962035	0.179135572	0.179892071	0.162592699	0.161200755	0.152197892	0.152886288	0.159017013	0.158570123	0.159220576	0.159488728
t#bar{t} csv_light up,	0.188581340	0.187962035	0.178516535	0.179892071	0.161669574	0.161200755	0.153006464	0.152886288	0.158768197	0.158570123	0.159457890	0.159488728
t#bar{t} tracking up,	0.188044594	0.187962035	0.179968784	0.179892071	0.161419173	0.161200755	0.153011664	0.152886288	0.157847017	0.158570123	0.159708768	0.159488728
t#bar{t} jec_CorrelationGroupMPFInSitu down,	0.188539312	0.187962035	0.179089065	0.179892071	0.161296366	0.161200755	0.153201082	0.152886288	0.158188586	0.158570123	0.159685590	0.159488728
t#bar{t} jec_RelativeFSR down,	0.188344128	0.187962035	0.178549428	0.179892071	0.162703627	0.161200755	0.152497158	0.152886288	0.158334103	0.158570123	0.159571556	0.159488728
t#bar{t} jec_CorrelationGroupUncorrelated down,	0.188182915	0.187962035	0.178406875	0.179892071	0.163235771	0.161200755	0.152235595	0.152886288	0.158523802	0.158570123	0.159415042	0.159488728
t#bar{t} jec_FlavorPureGluon down,	0.188068419	0.187962035	0.178489138	0.179892071	0.162791526	0.161200755	0.152126462	0.152886288	0.159276249	0.158570123	0.159248207	0.159488728
t#bar{t} jec_FlavorPureQuark down,	0.188880514	0.187962035	0.177139265	0.179892071	0.162338831	0.161200755	0.152578964	0.152886288	0.159929424	0.158570123	0.159133002	0.159488728
t#bar{t} jec_FlavorPureCharm down,	0.188215597	0.187962035	0.178333383	0.179892071	0.163970744	0.161200755	0.152171225	0.152886288	0.157640528	0.158570123	0.159668522	0.159488728
t#bar{t} jec_FlavorPureBottom down,	0.188592701	0.187962035	0.177678207	0.179892071	0.162655986	0.161200755	0.152566983	0.152886288	0.159176126	0.158570123	0.159329996	0.159488728
t#bar{t} jer down,	0.188083631	0.187962035	0.178375442	0.179892071	0.164081299	0.161200755	0.151942008	0.152886288	0.157865292	0.158570123	0.159652327	0.159488728
t#bar{t} btag_heavy down,	0.189059987	0.187962035	0.177748690	0.179892071	0.161399398	0.161200755	0.153380803	0.152886288	0.158897236	0.158570123	0.159513886	0.159488728
t#bar{t} btag_light down,	0.189460441	0.187962035	0.177361768	0.179892071	0.160952395	0.161200755	0.153770127	0.152886288	0.158871002	0.158570123	0.159584268	0.159488728
t#bar{t} csv_heavy down,	0.188966995	0.187962035	0.178325545	0.179892071	0.162058702	0.161200755	0.153413842	0.152886288	0.157247467	0.158570123	0.159987450	0.159488728
t#bar{t} csv_light down,	0.188662898	0.187962035	0.178550307	0.179892071	0.162142637	0.161200755	0.152999869	0.152886288	0.157913023	0.158570123	0.159731267	0.159488728
t#bar{t} tracking down,	0.188199064	0.187962035	0.178738471	0.179892071	0.162862548	0.161200755	0.152255574	0.152886288	0.158392248	0.158570123	0.159552095	0.159488728
t#bar{t} evtgen,	0.187133250	0.187962035	0.181029754	0.179892071	0.159538880	0.161200755	0.152657460	0.152886288	0.160934894	0.158570123	0.158705762	0.159488728
t#bar{t} m=171.5,	0.189770670	0.187962035	0.177534927	0.179892071	0.159910309	0.161200755	0.154516912	0.152886288	0.158459252	0.158570123	0.159807929	0.159488728
t#bar{t} m=173.5,	0.188414734	0.187962035	0.180019738	0.179892071	0.159089527	0.161200755	0.154038743	0.152886288	0.158832516	0.158570123	0.159604741	0.159488728
t#bar{t} Herwig++,	0.189397560	0.187962035	0.179525600	0.179892071	0.157460673	0.161200755	0.155329159	0.152886288	0.158471272	0.158570123	0.159815736	0.159488728
t#bar{t} isr up,	0.188205232	0.187962035	0.180449689	0.179892071	0.159320086	0.161200755	0.153918199	0.152886288	0.158511363	0.158570123	0.159595432	0.159488728
t#bar{t} isr dn,	0.188905348	0.187962035	0.178935402	0.179892071	0.158873648	0.161200755	0.154036253	0.152886288	0.160074436	0.158570123	0.159174914	0.159488728
t#bar{t} fsr up,	0.188365774	0.187962035	0.180112306	0.179892071	0.159700267	0.161200755	0.153752279	0.152886288	0.158467519	0.158570123	0.159601855	0.159488728
t#bar{t} fsr dn,	0.189058172	0.187962035	0.177462003	0.179892071	0.161550873	0.161200755	0.153434786	0.152886288	0.159022069	0.158570123	0.159472098	0.159488728
t#bar{t} hdamp up,	0.188461470	0.187962035	0.180195679	0.179892071	0.161879434	0.161200755	0.153780775	0.152886288	0.155116393	0.158570123	0.160566248	0.159488728
t#bar{t} hdamp dn,	0.188415838	0.187962035	0.180964931	0.179892071	0.159247468	0.161200755	0.154398034	0.152886288	0.156884945	0.158570123	0.160088784	0.159488728
t#bar{t} UEup,	0.189677321	0.187962035	0.177357439	0.179892071	0.161678497	0.161200755	0.154228711	0.152886288	0.156906074	0.158570123	0.160151958	0.159488728
t#bar{t} UEdn,	0.188194406	0.187962035	0.178800456	0.179892071	0.161769313	0.161200755	0.152923390	0.152886288	0.159002560	0.158570123	0.159309875	0.159488728
t#bar{t} pileup up,	0.188205770	0.187962035	0.179949647	0.179892071	0.160535753	0.161200755	0.153310043	0.152886288	0.158389407	0.158570123	0.159609380	0.159488728
t#bar{t} pileup down,	0.187689079	0.187962035	0.180011727	0.179892071	0.161682191	0.161200755	0.152539338	0.152886288	0.158687042	0.158570123	0.159390624	0.159488728
t#bar{t} trig efficiency correction up,	0.188349958	0.187962035	0.178975487	0.179892071	0.161585906	0.161200755	0.152920721	0.152886288	0.158708596	0.158570123	0.159459332	0.159488728
t#bar{t} trig efficiency correction down,	0.188343113	0.187962035	0.178972297	0.179892071	0.161609469	0.161200755	0.152908542	0.152886288	0.158708117	0.158570123	0.159458463	0.159488728
t#bar{t} sel efficiency correction up,	0.188362210	0.187962035	0.178953223	0.179892071	0.161583954	0.161200755	0.152928810	0.152886288	0.158712119	0.158570123	0.159459684	0.159488728
t#bar{t} sel efficiency correction down,	0.188330581	0.187962035	0.178994994	0.179892071	0.161611503	0.161200755	0.152900256	0.152886288	0.158704577	0.158570123	0.159458089	0.159488728
t#bar{t} b fragmentation up,	0.188341733	0.187962035	0.178929585	0.179892071	0.161895984	0.161200755	0.152842024	0.152886288	0.158473494	0.158570123	0.159517180	0.159488728
t#bar{t} b fragmentation down,	0.188349725	0.187962035	0.178977207	0.179892071	0.161453559	0.161200755	0.152948161	0.152886288	0.158860635	0.158570123	0.159410714	0.159488728
t#bar{t} Peterson Frag,	0.188361214	0.187962035	0.179065697	0.179892071	0.161486201	0.161200755	0.152993215	0.152886288	0.158594742	0.158570123	0.159498932	0.159488728
t#bar{t} semilep BR up,	0.188350893	0.187962035	0.178979402	0.179892071	0.161600660	0.161200755	0.152919266	0.152886288	0.158682792	0.158570123	0.159466988	0.159488728
t#bar{t} semilep BR down,	0.188352651	0.187962035	0.178953986	0.179892071	0.161601633	0.161200755	0.152913859	0.152886288	0.158721653	0.158570123	0.159456218	0.159488728
t#bar{t} ERDon,	0.188630575	0.187962035	0.179670162	0.179892071	0.161030180	0.161200755	0.153823925	0.152886288	0.156707072	0.158570123	0.160138086	0.159488728
t#bar{t} QCDbased,	0.186912126	0.187962035	0.182752384	0.179892071	0.159001667	0.161200755	0.153461849	0.152886288	0.158368272	0.158570123	0.159503702	0.159488728
t#bar{t} gluon move,	0.188927928	0.187962035	0.179398386	0.179892071	0.161485554	0.161200755	0.154108506	0.152886288	0.155644116	0.158570123	0.160435510	0.159488728
