t#bar{t},	0.052404523	0.052639772	0.053041532	0.053023679	0.051215582	0.051024641	0.051920175	0.052068457	0.051861188	0.052110809	0.049527179	0.049108505	0.048207548	0.048237205	0.046187071	0.046904832	0.047390017	0.047189453	0.046845342	0.047087965	0.047852494	0.045169549	0.047342867	0.048260451	0.048280985	0.046764553	0.048072469	0.049206855	0.049489031	0.049436771	0.050150039	0.051262104	0.051041612	0.050051018	0.052283585	0.054170797	0.053459162	0.052064646	0.053427599	0.054217937
t#bar{t} jec_CorrelationGroupMPFInSitu up,	0.052625604	0.052639772	0.053073451	0.053023679	0.051245847	0.051024641	0.051501839	0.052068457	0.052342824	0.052110809	0.048725804	0.049108505	0.048422960	0.048237205	0.046756748	0.046904832	0.047322329	0.047189453	0.046931931	0.047087965	0.045771602	0.045169549	0.048051066	0.048260451	0.047045649	0.046764553	0.048849440	0.049206855	0.048968602	0.049436771	0.051896739	0.051262104	0.050481174	0.050051018	0.053613891	0.054170797	0.052133564	0.052064646	0.054238937	0.054217937
t#bar{t} jec_RelativeFSR up,	0.053374272	0.052639772	0.051925723	0.053023679	0.051391056	0.051024641	0.051845520	0.052068457	0.052767589	0.052110809	0.048557673	0.049108505	0.047798455	0.048237205	0.047109405	0.046904832	0.047169908	0.047189453	0.047185871	0.047087965	0.046218549	0.045169549	0.047960516	0.048260451	0.046933255	0.046764553	0.049398612	0.049206855	0.048467941	0.049436771	0.051356383	0.051262104	0.050553243	0.050051018	0.053720324	0.054170797	0.052277180	0.052064646	0.053988527	0.054217937
t#bar{t} jec_CorrelationGroupUncorrelated up,	0.052934979	0.052639772	0.052353233	0.053023679	0.051143998	0.051024641	0.052326529	0.052068457	0.052217056	0.052110809	0.048966209	0.049108505	0.047964068	0.048237205	0.046970079	0.046904832	0.046984014	0.047189453	0.047174405	0.047087965	0.045070929	0.045169549	0.048448589	0.048260451	0.046920207	0.046764553	0.048562920	0.049206855	0.049198693	0.049436771	0.052483187	0.051262104	0.050291325	0.050051018	0.053529141	0.054170797	0.052468350	0.052064646	0.053992088	0.054217937
t#bar{t} jec_FlavorPureGluon up,	0.053183154	0.052639772	0.052157887	0.053023679	0.051426836	0.051024641	0.052011286	0.052068457	0.052327144	0.052110809	0.048862678	0.049108505	0.048404022	0.048237205	0.046340385	0.046904832	0.047502092	0.047189453	0.047148524	0.047087965	0.044688310	0.045169549	0.048268208	0.048260451	0.047289203	0.046764553	0.048593813	0.049206855	0.049354736	0.049436771	0.051911675	0.051262104	0.050387733	0.050051018	0.053503358	0.054170797	0.052640397	0.052064646	0.053998557	0.054217937
t#bar{t} jec_FlavorPureQuark up,	0.052679794	0.052639772	0.052765250	0.053023679	0.051198437	0.051024641	0.051808024	0.052068457	0.052222715	0.052110809	0.048862777	0.049108505	0.048048363	0.048237205	0.047026262	0.046904832	0.047116891	0.047189453	0.047026247	0.047087965	0.046041454	0.045169549	0.047902642	0.048260451	0.046977393	0.046764553	0.048886365	0.049206855	0.048974996	0.049436771	0.052328949	0.051262104	0.050376053	0.050051018	0.053429699	0.054170797	0.052331378	0.052064646	0.053996309	0.054217937
t#bar{t} jec_FlavorPureCharm up,	0.052797036	0.052639772	0.052702724	0.053023679	0.051055676	0.051024641	0.052086381	0.052068457	0.052179625	0.052110809	0.048920943	0.049108505	0.048376369	0.048237205	0.046663755	0.046904832	0.047109031	0.047189453	0.047083181	0.047087965	0.045432168	0.045169549	0.048231069	0.048260451	0.046896399	0.046764553	0.048984093	0.049206855	0.048926395	0.049436771	0.052230862	0.051262104	0.050218813	0.050051018	0.053585873	0.054170797	0.052639558	0.052064646	0.053880048	0.054217937
t#bar{t} jec_FlavorPureBottom up,	0.052736166	0.052639772	0.052782396	0.053023679	0.051037282	0.051024641	0.051989540	0.052068457	0.052260924	0.052110809	0.048942292	0.049108505	0.048093452	0.048237205	0.047118552	0.046904832	0.046943387	0.047189453	0.046850334	0.047087965	0.046101359	0.045169549	0.048533025	0.048260451	0.046322952	0.046764553	0.049054937	0.049206855	0.049432412	0.049436771	0.051542964	0.051262104	0.050063722	0.050051018	0.053842933	0.054170797	0.052396925	0.052064646	0.053954446	0.054217937
t#bar{t} jer up,	0.053477390	0.052639772	0.051543625	0.053023679	0.051267827	0.051024641	0.052485013	0.052068457	0.052403587	0.052110809	0.048610693	0.049108505	0.048034088	0.048237205	0.046772039	0.046904832	0.047068915	0.047189453	0.047123023	0.047087965	0.046536043	0.045169549	0.047679820	0.048260451	0.047723260	0.046764553	0.048463481	0.049206855	0.049020339	0.049436771	0.051438068	0.051262104	0.050334739	0.050051018	0.053839693	0.054170797	0.052174219	0.052064646	0.054004137	0.054217937
t#bar{t} btag_heavy up,	0.052704696	0.052639772	0.052723996	0.053023679	0.050712517	0.051024641	0.052505703	0.052068457	0.051977664	0.052110809	0.048891690	0.049108505	0.048263027	0.048237205	0.046686784	0.046904832	0.047121746	0.047189453	0.046862375	0.047087965	0.046230894	0.045169549	0.048072027	0.048260451	0.046646350	0.046764553	0.049206474	0.049206855	0.048588286	0.049436771	0.052689760	0.051262104	0.050186888	0.050051018	0.053721170	0.054170797	0.051991271	0.052064646	0.054216682	0.054217937
t#bar{t} btag_light up,	0.052640322	0.052639772	0.052957589	0.053023679	0.051316704	0.051024641	0.051647252	0.052068457	0.052281232	0.052110809	0.048819554	0.049108505	0.048260173	0.048237205	0.047160908	0.046904832	0.047129122	0.047189453	0.047070476	0.047087965	0.045305104	0.045169549	0.047922793	0.048260451	0.046813845	0.046764553	0.049433969	0.049206855	0.049295531	0.049436771	0.051622217	0.051262104	0.049492119	0.050051018	0.055051523	0.054170797	0.051914191	0.052064646	0.053865375	0.054217937
t#bar{t} csv_heavy up,	0.052666162	0.052639772	0.052534454	0.053023679	0.051857691	0.051024641	0.051148049	0.052068457	0.052085341	0.052110809	0.048996454	0.049108505	0.048400297	0.048237205	0.046760511	0.046904832	0.046640265	0.047189453	0.047068848	0.047087965	0.047343612	0.045169549	0.047990289	0.048260451	0.046468165	0.046764553	0.049296732	0.049206855	0.048510271	0.049436771	0.052101038	0.051262104	0.050348633	0.050051018	0.053513901	0.054170797	0.052414012	0.052064646	0.053855275	0.054217937
t#bar{t} csv_light up,	0.052836808	0.052639772	0.052418874	0.053023679	0.050989618	0.051024641	0.052540671	0.052068457	0.052380896	0.052110809	0.048580737	0.049108505	0.048034086	0.048237205	0.047142042	0.046904832	0.046611625	0.047189453	0.047705958	0.047087965	0.045532285	0.045169549	0.048000300	0.048260451	0.047056939	0.046764553	0.048658668	0.049206855	0.049268225	0.049436771	0.052089809	0.051262104	0.050069624	0.050051018	0.053664992	0.054170797	0.052686150	0.052064646	0.053731692	0.054217937
t#bar{t} tracking up,	0.052656590	0.052639772	0.052913696	0.053023679	0.050995085	0.051024641	0.051694837	0.052068457	0.052505491	0.052110809	0.048926662	0.049108505	0.047901825	0.048237205	0.047160465	0.046904832	0.047110840	0.047189453	0.047026746	0.047087965	0.046500644	0.045169549	0.047659306	0.048260451	0.047096235	0.046764553	0.049198403	0.049206855	0.048806057	0.049436771	0.051565012	0.051262104	0.050379932	0.050051018	0.053712000	0.054170797	0.051973022	0.052064646	0.054217153	0.054217937
t#bar{t} jec_CorrelationGroupMPFInSitu down,	0.052534277	0.052639772	0.052942353	0.053023679	0.051265241	0.051024641	0.051750460	0.052068457	0.052382672	0.052110809	0.048502142	0.049108505	0.048662337	0.048237205	0.046416922	0.046904832	0.047280535	0.047189453	0.047292469	0.047087965	0.046299524	0.045169549	0.047546755	0.048260451	0.047409810	0.046764553	0.048884319	0.049206855	0.049093021	0.049436771	0.051308310	0.051262104	0.050402949	0.050051018	0.053552422	0.054170797	0.052549310	0.052064646	0.053924172	0.054217937
t#bar{t} jec_RelativeFSR down,	0.053178414	0.052639772	0.052165458	0.053023679	0.051429005	0.051024641	0.051942729	0.052068457	0.052414147	0.052110809	0.048668216	0.049108505	0.048427689	0.048237205	0.046677837	0.046904832	0.047164329	0.047189453	0.047254687	0.047087965	0.045479024	0.045169549	0.048096135	0.048260451	0.047236976	0.046764553	0.048723175	0.049206855	0.049277911	0.049436771	0.051321779	0.051262104	0.050236425	0.050051018	0.053814063	0.054170797	0.052759697	0.052064646	0.053732303	0.054217937
t#bar{t} jec_CorrelationGroupUncorrelated down,	0.052906278	0.052639772	0.052225845	0.053023679	0.051606701	0.051024641	0.051609581	0.052068457	0.052010528	0.052110809	0.048850670	0.049108505	0.048413427	0.048237205	0.046402680	0.046904832	0.047271764	0.047189453	0.047000941	0.047087965	0.046801754	0.045169549	0.047611592	0.048260451	0.047013849	0.046764553	0.049166445	0.049206855	0.048344559	0.049436771	0.052647495	0.051262104	0.049803179	0.050051018	0.054424209	0.054170797	0.052317141	0.052064646	0.053571362	0.054217937
t#bar{t} jec_FlavorPureGluon down,	0.052793073	0.052639772	0.052554943	0.053023679	0.051150623	0.051024641	0.052358582	0.052068457	0.052149546	0.052110809	0.048586024	0.049108505	0.048404867	0.048237205	0.046677839	0.046904832	0.046980521	0.047189453	0.047452394	0.047087965	0.045188820	0.045169549	0.048265600	0.048260451	0.046795021	0.046764553	0.048856559	0.049206855	0.048885806	0.049436771	0.052626397	0.051262104	0.050080647	0.050051018	0.053787432	0.054170797	0.052733804	0.052064646	0.053671501	0.054217937
t#bar{t} jec_FlavorPureQuark down,	0.052996286	0.052639772	0.052177684	0.053023679	0.051826301	0.051024641	0.051610631	0.052068457	0.052503969	0.052110809	0.048314432	0.049108505	0.048716724	0.048237205	0.046437708	0.046904832	0.047240223	0.047189453	0.046911712	0.047087965	0.046340306	0.045169549	0.047969012	0.048260451	0.047204928	0.046764553	0.048846102	0.049206855	0.049046544	0.049436771	0.051368076	0.051262104	0.050414474	0.050051018	0.053709433	0.054170797	0.052511366	0.052064646	0.053854090	0.054217937
t#bar{t} jec_FlavorPureCharm down,	0.052699783	0.052639772	0.052763415	0.053023679	0.050738823	0.051024641	0.052653119	0.052068457	0.052010402	0.052110809	0.048917300	0.049108505	0.048181204	0.048237205	0.047097276	0.046904832	0.046626529	0.047189453	0.047541130	0.047087965	0.045291363	0.045169549	0.048199948	0.048260451	0.046682104	0.046764553	0.049002392	0.049206855	0.049217056	0.049436771	0.052151627	0.051262104	0.050038129	0.050051018	0.053936312	0.054170797	0.052292775	0.052064646	0.053959311	0.054217937
t#bar{t} jec_FlavorPureBottom down,	0.052865386	0.052639772	0.052760622	0.053023679	0.050955343	0.051024641	0.052191580	0.052068457	0.051615294	0.052110809	0.049583055	0.049108505	0.048519636	0.048237205	0.046075384	0.046904832	0.047482533	0.047189453	0.047182575	0.047087965	0.045504180	0.045169549	0.047873509	0.048260451	0.047125936	0.046764553	0.049096830	0.049206855	0.049112604	0.049436771	0.051617745	0.051262104	0.050074766	0.050051018	0.053927808	0.054170797	0.052747829	0.052064646	0.053687386	0.054217937
t#bar{t} jer down,	0.052307859	0.052639772	0.053371203	0.053023679	0.050563423	0.051024641	0.052672897	0.052068457	0.051976201	0.052110809	0.048755209	0.049108505	0.048473409	0.048237205	0.046675216	0.046904832	0.046949216	0.047189453	0.047279117	0.047087965	0.046479061	0.045169549	0.048011453	0.048260451	0.046922180	0.046764553	0.048831550	0.049206855	0.049710326	0.049436771	0.050681861	0.051262104	0.050273502	0.050051018	0.053305282	0.054170797	0.052976087	0.052064646	0.053784949	0.054217937
t#bar{t} btag_heavy down,	0.052618826	0.052639772	0.052894056	0.053023679	0.050930253	0.051024641	0.052112378	0.052068457	0.052280421	0.052110809	0.048605627	0.049108505	0.048593667	0.048237205	0.046288424	0.046904832	0.047228664	0.047189453	0.047093927	0.047087965	0.046201070	0.045169549	0.048141355	0.048260451	0.047304235	0.046764553	0.048059973	0.049206855	0.049588475	0.049436771	0.051789062	0.051262104	0.050528580	0.050051018	0.053183118	0.054170797	0.052445147	0.052064646	0.054112743	0.054217937
t#bar{t} btag_light down,	0.052944037	0.052639772	0.052325830	0.053023679	0.051286272	0.051024641	0.052149454	0.052068457	0.051871860	0.052110809	0.049287203	0.049108505	0.048050523	0.048237205	0.046876625	0.046904832	0.046904741	0.047189453	0.047387285	0.047087965	0.045956482	0.045169549	0.047949786	0.048260451	0.046730575	0.046764553	0.049396321	0.049206855	0.048752418	0.049436771	0.051877425	0.051262104	0.050031156	0.050051018	0.054193115	0.054170797	0.052202257	0.052064646	0.053826635	0.054217937
t#bar{t} csv_heavy down,	0.052821643	0.052639772	0.052573487	0.053023679	0.051398673	0.051024641	0.051758900	0.052068457	0.052249219	0.052110809	0.049067950	0.049108505	0.047733346	0.048237205	0.047290307	0.046904832	0.046828298	0.047189453	0.047383995	0.047087965	0.046077934	0.045169549	0.048293569	0.048260451	0.046075074	0.046764553	0.049750955	0.049206855	0.048607726	0.049436771	0.051718728	0.051262104	0.050245399	0.050051018	0.054018724	0.054170797	0.051809326	0.052064646	0.054296745	0.054217937
t#bar{t} csv_light down,	0.052753087	0.052639772	0.052786121	0.053023679	0.050832283	0.051024641	0.052345591	0.052068457	0.051903106	0.052110809	0.049447599	0.049108505	0.048141139	0.048237205	0.046748190	0.046904832	0.046940674	0.047189453	0.047598697	0.047087965	0.045863824	0.045169549	0.047652663	0.048260451	0.047158987	0.046764553	0.049167824	0.049206855	0.049294998	0.049436771	0.050912223	0.051262104	0.050088502	0.050051018	0.054255981	0.054170797	0.052081143	0.052064646	0.054027367	0.054217937
t#bar{t} tracking down,	0.052682664	0.052639772	0.052714063	0.053023679	0.051307439	0.051024641	0.051779127	0.052068457	0.052235670	0.052110809	0.048954366	0.049108505	0.048335698	0.048237205	0.046566027	0.046904832	0.047108782	0.047189453	0.047541667	0.047087965	0.045155380	0.045169549	0.048007775	0.048260451	0.046719341	0.046764553	0.049151756	0.049206855	0.048905868	0.049436771	0.052538893	0.051262104	0.050184929	0.050051018	0.053857094	0.054170797	0.052014258	0.052064646	0.054239203	0.054217937
t#bar{t} evtgen,	0.052810641	0.052639772	0.052276152	0.053023679	0.052471769	0.051024641	0.051147267	0.052068457	0.050728744	0.052110809	0.050620211	0.049108505	0.048366320	0.048237205	0.047021034	0.046904832	0.045855919	0.047189453	0.047774131	0.047087965	0.047476675	0.045169549	0.048607458	0.048260451	0.045881793	0.046764553	0.048887714	0.049206855	0.049780547	0.049436771	0.049732178	0.051262104	0.051473843	0.050051018	0.052661915	0.054170797	0.052561292	0.052064646	0.053864395	0.054217937
t#bar{t} m=171.5,	0.052859926	0.052639772	0.052368268	0.053023679	0.052504926	0.051024641	0.050975155	0.052068457	0.052505528	0.052110809	0.048505233	0.049108505	0.048052898	0.048237205	0.047660223	0.046904832	0.046567880	0.047189453	0.048604902	0.047087965	0.044512454	0.045169549	0.047150658	0.048260451	0.047280853	0.046764553	0.049904436	0.049206855	0.048979438	0.049436771	0.050898882	0.051262104	0.050392662	0.050051018	0.054447514	0.054170797	0.051182738	0.052064646	0.054645424	0.054217937
t#bar{t} m=173.5,	0.053087277	0.052639772	0.052307129	0.053023679	0.052731036	0.051024641	0.049492782	0.052068457	0.052773693	0.052110809	0.049495329	0.049108505	0.047981210	0.048237205	0.047254453	0.046904832	0.047461857	0.047189453	0.046718181	0.047087965	0.045810124	0.045169549	0.047777471	0.048260451	0.047237823	0.046764553	0.049794841	0.049206855	0.047976166	0.049436771	0.051130870	0.051262104	0.051243906	0.050051018	0.053477709	0.054170797	0.051694436	0.052064646	0.054553708	0.054217937
t#bar{t} Herwig++,	0.052705548	0.052639772	0.053005355	0.053023679	0.051714958	0.051024641	0.051192826	0.052068457	0.052172571	0.052110809	0.049551548	0.049108505	0.047844797	0.048237205	0.046737760	0.046904832	0.047233156	0.047189453	0.047842360	0.047087965	0.045778766	0.045169549	0.047726975	0.048260451	0.046343864	0.046764553	0.050516589	0.049206855	0.048498211	0.049436771	0.050454210	0.051262104	0.050062362	0.050051018	0.054866550	0.054170797	0.051682005	0.052064646	0.054069588	0.054217937
t#bar{t} isr up,	0.053218559	0.052639772	0.052289329	0.053023679	0.051389017	0.051024641	0.051826430	0.052068457	0.052362954	0.052110809	0.049231424	0.049108505	0.047729377	0.048237205	0.047477625	0.046904832	0.046632007	0.047189453	0.047922343	0.047087965	0.045367621	0.045169549	0.048184109	0.048260451	0.046270464	0.046764553	0.049843214	0.049206855	0.048851646	0.049436771	0.050676095	0.051262104	0.050516010	0.050051018	0.054083258	0.054170797	0.052090169	0.052064646	0.054038348	0.054217937
t#bar{t} isr dn,	0.053557043	0.052639772	0.051798607	0.053023679	0.051506286	0.051024641	0.052393635	0.052068457	0.052199447	0.052110809	0.049176282	0.049108505	0.047838825	0.048237205	0.047393110	0.046904832	0.046497141	0.047189453	0.048410147	0.047087965	0.044220492	0.045169549	0.048419197	0.048260451	0.046389594	0.046764553	0.049662209	0.049206855	0.049245627	0.049436771	0.050445628	0.051262104	0.050216997	0.050051018	0.054710826	0.054170797	0.052150215	0.052064646	0.053768693	0.054217937
t#bar{t} fsr up,	0.053440045	0.052639772	0.051774060	0.053023679	0.051600470	0.051024641	0.051958568	0.052068457	0.051914963	0.052110809	0.049984466	0.049108505	0.047309630	0.048237205	0.047674999	0.046904832	0.046575579	0.047189453	0.047961331	0.047087965	0.044793823	0.045169549	0.047906424	0.048260451	0.047110470	0.046764553	0.049533126	0.049206855	0.048518911	0.049436771	0.051289047	0.051262104	0.050389565	0.050051018	0.054593286	0.054170797	0.051495457	0.052064646	0.054175780	0.054217937
t#bar{t} fsr dn,	0.053258739	0.052639772	0.052185464	0.053023679	0.050845372	0.051024641	0.052604027	0.052068457	0.051964424	0.052110809	0.049319058	0.049108505	0.047763957	0.048237205	0.046759494	0.046904832	0.047141999	0.047189453	0.047913413	0.047087965	0.046408035	0.045169549	0.047090957	0.048260451	0.047137329	0.046764553	0.049946861	0.049206855	0.047807837	0.049436771	0.051367650	0.051262104	0.050533570	0.050051018	0.054207471	0.054170797	0.050968742	0.052064646	0.054775601	0.054217937
t#bar{t} hdamp up,	0.053816255	0.052639772	0.051013139	0.053023679	0.052102717	0.051024641	0.051950707	0.052068457	0.052229838	0.052110809	0.048960149	0.049108505	0.047675821	0.048237205	0.047480083	0.046904832	0.046563778	0.047189453	0.047171934	0.047087965	0.046267265	0.045169549	0.049011916	0.048260451	0.045395622	0.046764553	0.049468250	0.049206855	0.049362189	0.049436771	0.051065673	0.051262104	0.049940107	0.050051018	0.054559607	0.054170797	0.052333712	0.052064646	0.053631237	0.054217937
t#bar{t} hdamp dn,	0.053599882	0.052639772	0.051816882	0.053023679	0.052085739	0.051024641	0.051591880	0.052068457	0.051885008	0.052110809	0.049838470	0.049108505	0.047839171	0.048237205	0.047247366	0.046904832	0.047436524	0.047189453	0.046704379	0.047087965	0.043941974	0.045169549	0.049366403	0.048260451	0.046213035	0.046764553	0.049249577	0.049206855	0.049320643	0.049436771	0.050675523	0.051262104	0.050483569	0.050051018	0.054259009	0.054170797	0.052344800	0.052064646	0.054100166	0.054217937
t#bar{t} UEup,	0.053972619	0.052639772	0.051221051	0.053023679	0.052134410	0.051024641	0.050967664	0.052068457	0.052322330	0.052110809	0.049834394	0.049108505	0.047511548	0.048237205	0.046961448	0.046904832	0.047432624	0.047189453	0.047032803	0.047087965	0.045583144	0.045169549	0.048113230	0.048260451	0.046724324	0.046764553	0.049682973	0.049206855	0.048873895	0.049436771	0.051056328	0.051262104	0.049900011	0.050051018	0.054797392	0.054170797	0.052338168	0.052064646	0.053539644	0.054217937
t#bar{t} UEdn,	0.053434263	0.052639772	0.051524077	0.053023679	0.052226003	0.051024641	0.051235763	0.052068457	0.051979669	0.052110809	0.049870741	0.049108505	0.047049295	0.048237205	0.047678894	0.046904832	0.046782359	0.047189453	0.047235858	0.047087965	0.046552173	0.045169549	0.048156022	0.048260451	0.045941935	0.046764553	0.050237493	0.049206855	0.047484668	0.049436771	0.052086573	0.051262104	0.050576689	0.050051018	0.054283164	0.054170797	0.051236722	0.052064646	0.054427637	0.054217937
t#bar{t} pileup up,	0.052876477	0.052639772	0.052791053	0.053023679	0.051045953	0.051024641	0.052139742	0.052068457	0.052263897	0.052110809	0.048829655	0.049108505	0.048323163	0.048237205	0.046691488	0.046904832	0.047452621	0.047189453	0.046750878	0.047087965	0.045113210	0.045169549	0.048411038	0.048260451	0.046837286	0.046764553	0.049081222	0.049206855	0.049491181	0.049436771	0.051356474	0.051262104	0.049974446	0.050051018	0.054267440	0.054170797	0.052056809	0.052064646	0.054245966	0.054217937
t#bar{t} pileup down,	0.052415068	0.052639772	0.053230837	0.053023679	0.050973064	0.051024641	0.052053651	0.052068457	0.051943158	0.052110809	0.049301271	0.049108505	0.048211209	0.048237205	0.047049364	0.046904832	0.046994799	0.047189453	0.047297547	0.047087965	0.045344932	0.045169549	0.048109461	0.048260451	0.046714970	0.046764553	0.049320939	0.049206855	0.049333568	0.049436771	0.051252940	0.051262104	0.050139969	0.050051018	0.054062787	0.054170797	0.052033348	0.052064646	0.054217119	0.054217937
t#bar{t} trig efficiency correction up,	0.052382745	0.052639772	0.053287905	0.053023679	0.050770996	0.051024641	0.052074504	0.052068457	0.052007632	0.052110809	0.049381886	0.049108505	0.047995925	0.048237205	0.047233643	0.046904832	0.046895529	0.047189453	0.047212273	0.047087965	0.045887797	0.045169549	0.048054662	0.048260451	0.047016755	0.046764553	0.048874328	0.049206855	0.049395114	0.049436771	0.051158472	0.051262104	0.050311394	0.050051018	0.053637907	0.054170797	0.052210524	0.052064646	0.054210010	0.054217937
t#bar{t} trig efficiency correction down,	0.052372196	0.052639772	0.053295684	0.053023679	0.050767174	0.051024641	0.052084667	0.052068457	0.052000197	0.052110809	0.049390148	0.049108505	0.047991393	0.048237205	0.047239638	0.046904832	0.046883338	0.047189453	0.047226178	0.047087965	0.045885932	0.045169549	0.048060203	0.048260451	0.047003519	0.046764553	0.048876891	0.049206855	0.049405059	0.049436771	0.051150665	0.051262104	0.050313589	0.050051018	0.053626685	0.054170797	0.052223135	0.052064646	0.054203710	0.054217937
t#bar{t} sel efficiency correction up,	0.052381984	0.052639772	0.053285311	0.053023679	0.050774250	0.051024641	0.052075849	0.052068457	0.052001419	0.052110809	0.049391166	0.049108505	0.047993864	0.048237205	0.047236542	0.046904832	0.046892132	0.047189453	0.047212626	0.047087965	0.045886865	0.045169549	0.048055779	0.048260451	0.047020128	0.046764553	0.048870610	0.049206855	0.049398548	0.049436771	0.051152613	0.051262104	0.050313407	0.050051018	0.053634996	0.054170797	0.052214243	0.052064646	0.054207667	0.054217937
t#bar{t} sel efficiency correction down,	0.052373022	0.052639772	0.053298288	0.053023679	0.050763852	0.051024641	0.052083324	0.052068457	0.052006461	0.052110809	0.049380793	0.049108505	0.047993481	0.048237205	0.047236683	0.046904832	0.046886771	0.047189453	0.047225899	0.047087965	0.045886748	0.045169549	0.048059077	0.048260451	0.047000054	0.046764553	0.048880697	0.049206855	0.049401555	0.049436771	0.051156635	0.051262104	0.050311587	0.050051018	0.053629608	0.054170797	0.052219413	0.052064646	0.054206051	0.054217937
t#bar{t} b fragmentation up,	0.052496383	0.052639772	0.053153048	0.053023679	0.050749181	0.051024641	0.052270125	0.052068457	0.051803437	0.052110809	0.049499361	0.049108505	0.048170620	0.048237205	0.046976542	0.046904832	0.046887152	0.047189453	0.047125126	0.047087965	0.046221027	0.045169549	0.048078772	0.048260451	0.047107421	0.046764553	0.048706639	0.049206855	0.049647436	0.049436771	0.050760997	0.051262104	0.050238837	0.050051018	0.053539027	0.054170797	0.052675835	0.052064646	0.053893033	0.054217937
t#bar{t} b fragmentation down,	0.052274821	0.052639772	0.053382585	0.053023679	0.050779882	0.051024641	0.051948380	0.052068457	0.052102131	0.052110809	0.049275397	0.049108505	0.047973225	0.048237205	0.047304572	0.046904832	0.046798764	0.047189453	0.047350212	0.047087965	0.045979538	0.045169549	0.047969071	0.048260451	0.046927324	0.046764553	0.048943953	0.049206855	0.049284112	0.049436771	0.051398256	0.051262104	0.050348565	0.050051018	0.053611121	0.054170797	0.052042125	0.052064646	0.054305966	0.054217937
t#bar{t} Peterson Frag,	0.052383844	0.052639772	0.053256604	0.053023679	0.050575681	0.051024641	0.052430725	0.052068457	0.052010610	0.052110809	0.049109663	0.049108505	0.048219884	0.048237205	0.047101563	0.046904832	0.046793841	0.047189453	0.047242119	0.047087965	0.045977336	0.045169549	0.048158003	0.048260451	0.046920064	0.046764553	0.048772018	0.049206855	0.049495609	0.049436771	0.051228960	0.051262104	0.050265627	0.050051018	0.053573526	0.054170797	0.052403051	0.052064646	0.054081272	0.054217937
t#bar{t} semilep BR up,	0.052368993	0.052639772	0.053300125	0.053023679	0.050768552	0.051024641	0.052081459	0.052068457	0.051997665	0.052110809	0.049380597	0.049108505	0.048002905	0.048237205	0.047228144	0.046904832	0.046880402	0.047189453	0.047231413	0.047087965	0.045882157	0.045169549	0.048061777	0.048260451	0.047000948	0.046764553	0.048869582	0.049206855	0.049402473	0.049436771	0.051180891	0.051262104	0.050311107	0.050051018	0.053629161	0.054170797	0.052207495	0.052064646	0.054214152	0.054217937
t#bar{t} semilep BR down,	0.052375829	0.052639772	0.053296799	0.053023679	0.050773630	0.051024641	0.052073191	0.052068457	0.052000210	0.052110809	0.049394533	0.049108505	0.047999893	0.048237205	0.047227929	0.046904832	0.046892419	0.047189453	0.047227053	0.047087965	0.045871941	0.045169549	0.048059803	0.048260451	0.047006918	0.046764553	0.048883713	0.049206855	0.049396662	0.049436771	0.051144432	0.051262104	0.050318868	0.050051018	0.053622562	0.054170797	0.052231070	0.052064646	0.054202547	0.054217937
t#bar{t} ERDon,	0.053488378	0.052639772	0.051962461	0.053023679	0.051693003	0.051024641	0.051752475	0.052068457	0.052418805	0.052110809	0.049414179	0.049108505	0.047548489	0.048237205	0.047196334	0.046904832	0.047339860	0.047189453	0.047044885	0.047087965	0.044702701	0.045169549	0.048885120	0.048260451	0.046053669	0.046764553	0.049685876	0.049206855	0.049250363	0.049436771	0.050616740	0.051262104	0.050689093	0.050051018	0.054234177	0.054170797	0.051161998	0.052064646	0.054861394	0.054217937
t#bar{t} QCDbased,	0.053048969	0.052639772	0.052507179	0.053023679	0.051344802	0.051024641	0.052179694	0.052068457	0.051783588	0.052110809	0.049696835	0.049108505	0.048091090	0.048237205	0.046737436	0.046904832	0.046880914	0.047189453	0.047395324	0.047087965	0.044960139	0.045169549	0.049546704	0.048260451	0.045042956	0.046764553	0.049705225	0.049206855	0.049213229	0.049436771	0.051080542	0.051262104	0.050769528	0.050051018	0.053414589	0.054170797	0.051851213	0.052064646	0.054750044	0.054217937
t#bar{t} gluon move,	0.053142387	0.052639772	0.052221187	0.053023679	0.051227492	0.051024641	0.052280938	0.052068457	0.052380199	0.052110809	0.048989077	0.049108505	0.047527057	0.048237205	0.047368917	0.046904832	0.046973578	0.047189453	0.047634399	0.047087965	0.045760495	0.045169549	0.047730505	0.048260451	0.046673597	0.046764553	0.049687863	0.049206855	0.049201779	0.049436771	0.050808346	0.051262104	0.050320019	0.050051018	0.054119783	0.054170797	0.051497751	0.052064646	0.054454629	0.054217937
