t#bar{t},	0.397769567	0.404462380	0.352699117	0.343848696	0.160914021	0.163025241	0.062386728	0.062524815	0.020861882	0.020729892	0.005368686	0.005408975
t#bar{t} jec_CorrelationGroupMPFInSitu up,	0.404477617	0.404462380	0.344443203	0.343848696	0.162235410	0.163025241	0.062767836	0.062524815	0.020655488	0.020729892	0.005420445	0.005408975
t#bar{t} jec_RelativeFSR up,	0.404897806	0.404462380	0.344659900	0.343848696	0.161372370	0.163025241	0.063069004	0.062524815	0.020563772	0.020729892	0.005437149	0.005408975
t#bar{t} jec_CorrelationGroupUncorrelated up,	0.406742283	0.404462380	0.342423298	0.343848696	0.161689735	0.163025241	0.063215160	0.062524815	0.020468543	0.020729892	0.005460981	0.005408975
t#bar{t} jec_FlavorPureGluon up,	0.405768160	0.404462380	0.343187223	0.343848696	0.162051524	0.163025241	0.063007989	0.062524815	0.020505319	0.020729892	0.005479785	0.005408975
t#bar{t} jec_FlavorPureQuark up,	0.404247937	0.404462380	0.344433544	0.343848696	0.162569937	0.163025241	0.062633506	0.062524815	0.020705439	0.020729892	0.005409637	0.005408975
t#bar{t} jec_FlavorPureCharm up,	0.404602885	0.404462380	0.343951271	0.343848696	0.162696788	0.163025241	0.062637927	0.062524815	0.020699594	0.020729892	0.005411534	0.005408975
t#bar{t} jec_FlavorPureBottom up,	0.405480984	0.404462380	0.343356498	0.343848696	0.162235813	0.163025241	0.062882552	0.062524815	0.020615041	0.020729892	0.005429111	0.005408975
t#bar{t} jer up,	0.404880955	0.404462380	0.344492167	0.343848696	0.161609194	0.163025241	0.063005119	0.062524815	0.020579820	0.020729892	0.005432745	0.005408975
t#bar{t} btag_heavy up,	0.404946038	0.404462380	0.343826675	0.343848696	0.162377225	0.163025241	0.062782969	0.062524815	0.020639184	0.020729892	0.005427908	0.005408975
t#bar{t} btag_light up,	0.405630866	0.404462380	0.343409155	0.343848696	0.161956120	0.163025241	0.063000432	0.062524815	0.020561227	0.020729892	0.005442199	0.005408975
t#bar{t} csv_heavy up,	0.405009525	0.404462380	0.343922647	0.343848696	0.162166662	0.163025241	0.062853877	0.062524815	0.020610511	0.020729892	0.005436776	0.005408975
t#bar{t} csv_light up,	0.405134136	0.404462380	0.344020056	0.343848696	0.161867535	0.163025241	0.062959124	0.062524815	0.020580146	0.020729892	0.005439003	0.005408975
t#bar{t} tracking up,	0.405197694	0.404462380	0.343459646	0.343848696	0.162501890	0.163025241	0.062770638	0.062524815	0.020641977	0.020729892	0.005428155	0.005408975
t#bar{t} jec_CorrelationGroupMPFInSitu down,	0.404951832	0.404462380	0.343620269	0.343848696	0.162639551	0.163025241	0.062695252	0.062524815	0.020672638	0.020729892	0.005420459	0.005408975
t#bar{t} jec_RelativeFSR down,	0.404454960	0.404462380	0.344079611	0.343848696	0.162736760	0.163025241	0.062610588	0.062524815	0.020707090	0.020729892	0.005410991	0.005408975
t#bar{t} jec_CorrelationGroupUncorrelated down,	0.405338069	0.404462380	0.344039694	0.343848696	0.161555322	0.163025241	0.063085473	0.062524815	0.020537537	0.020729892	0.005443905	0.005408975
t#bar{t} jec_FlavorPureGluon down,	0.406071755	0.404462380	0.343870477	0.343848696	0.160773581	0.163025241	0.063368395	0.062524815	0.020481835	0.020729892	0.005433956	0.005408975
t#bar{t} jec_FlavorPureQuark down,	0.404929992	0.404462380	0.343183365	0.343848696	0.163233579	0.163025241	0.062509226	0.062524815	0.020739094	0.020729892	0.005404745	0.005408975
t#bar{t} jec_FlavorPureCharm down,	0.404637349	0.404462380	0.344035331	0.343848696	0.162540317	0.163025241	0.062690078	0.062524815	0.020680249	0.020729892	0.005416676	0.005408975
t#bar{t} jec_FlavorPureBottom down,	0.405784139	0.404462380	0.342983219	0.343848696	0.162291401	0.163025241	0.062903783	0.062524815	0.020598182	0.020729892	0.005439277	0.005408975
t#bar{t} jer down,	0.404630959	0.404462380	0.344437432	0.343848696	0.162029154	0.163025241	0.062844830	0.062524815	0.020634319	0.020729892	0.005423308	0.005408975
t#bar{t} btag_heavy down,	0.405191403	0.404462380	0.343588619	0.343848696	0.162339441	0.163025241	0.062821869	0.062524815	0.020632986	0.020729892	0.005425682	0.005408975
t#bar{t} btag_light down,	0.405438063	0.404462380	0.343538663	0.343848696	0.162061408	0.163025241	0.062947699	0.062524815	0.020561348	0.020729892	0.005452820	0.005408975
t#bar{t} csv_heavy down,	0.405660080	0.404462380	0.343056474	0.343848696	0.162372974	0.163025241	0.062869039	0.062524815	0.020607442	0.020729892	0.005433991	0.005408975
t#bar{t} csv_light down,	0.404712702	0.404462380	0.343839267	0.343848696	0.162683378	0.163025241	0.062661730	0.062524815	0.020685954	0.020729892	0.005416969	0.005408975
t#bar{t} tracking down,	0.404184458	0.404462380	0.344949478	0.343848696	0.161992380	0.163025241	0.062801519	0.062524815	0.020654777	0.020729892	0.005417389	0.005408975
t#bar{t} evtgen,	0.408178544	0.404462380	0.338851705	0.343848696	0.164288177	0.163025241	0.062564459	0.062524815	0.020815605	0.020729892	0.005301510	0.005408975
t#bar{t} m=171.5,	0.405612839	0.404462380	0.343250325	0.343848696	0.162186853	0.163025241	0.062824163	0.062524815	0.020793440	0.020729892	0.005332381	0.005408975
t#bar{t} m=173.5,	0.402539793	0.404462380	0.344828354	0.343848696	0.164490491	0.163025241	0.061818693	0.062524815	0.020914958	0.020729892	0.005407711	0.005408975
t#bar{t} pileup up,	0.405741619	0.404462380	0.342558813	0.343848696	0.162903177	0.163025241	0.062717777	0.062524815	0.020647346	0.020729892	0.005431269	0.005408975
t#bar{t} pileup down,	0.403318583	0.404462380	0.345081247	0.343848696	0.163030153	0.163025241	0.062381595	0.062524815	0.020802174	0.020729892	0.005386247	0.005408975
t#bar{t} trig efficiency correction up,	0.403833209	0.404462380	0.344809182	0.343848696	0.162660737	0.163025241	0.062557474	0.062524815	0.020739989	0.020729892	0.005399409	0.005408975
t#bar{t} trig efficiency correction down,	0.403852240	0.404462380	0.344802091	0.343848696	0.162643499	0.163025241	0.062564964	0.062524815	0.020737189	0.020729892	0.005400017	0.005408975
t#bar{t} sel efficiency correction up,	0.403849051	0.404462380	0.344794640	0.343848696	0.162657462	0.163025241	0.062560312	0.062524815	0.020738860	0.020729892	0.005399677	0.005408975
t#bar{t} sel efficiency correction down,	0.403836531	0.404462380	0.344816602	0.343848696	0.162646632	0.163025241	0.062562186	0.062524815	0.020738296	0.020729892	0.005399754	0.005408975
t#bar{t} b fragmentation up,	0.403754105	0.404462380	0.344941457	0.343848696	0.162599841	0.163025241	0.062567833	0.062524815	0.020736962	0.020729892	0.005399802	0.005408975
t#bar{t} b fragmentation down,	0.403991436	0.404462380	0.344594563	0.343848696	0.162717761	0.163025241	0.062558585	0.062524815	0.020736342	0.020729892	0.005401313	0.005408975
t#bar{t} Peterson Frag,	0.403732859	0.404462380	0.344827998	0.343848696	0.162774879	0.163025241	0.062512718	0.062524815	0.020754413	0.020729892	0.005397132	0.005408975
t#bar{t} semilep BR up,	0.403829675	0.404462380	0.344823916	0.343848696	0.162646831	0.163025241	0.062560917	0.062524815	0.020739335	0.020729892	0.005399327	0.005408975
t#bar{t} semilep BR down,	0.403842589	0.404462380	0.344806773	0.343848696	0.162650848	0.163025241	0.062561615	0.062524815	0.020738405	0.020729892	0.005399770	0.005408975
t#bar{t} isr up,	0.404064752	0.404462380	0.343482189	0.343848696	0.164039164	0.163025241	0.062182209	0.062524815	0.020843227	0.020729892	0.005388460	0.005408975
t#bar{t} isr dn,	0.404958893	0.404462380	0.342644409	0.343848696	0.163876401	0.163025241	0.062352654	0.062524815	0.020759686	0.020729892	0.005407956	0.005408975
t#bar{t} fsr up,	0.393219884	0.404462380	0.355157014	0.343848696	0.164037949	0.163025241	0.060950000	0.062524815	0.021263143	0.020729892	0.005372010	0.005408975
t#bar{t} fsr dn,	0.415764622	0.404462380	0.331976638	0.343848696	0.162278711	0.163025241	0.064011666	0.062524815	0.020828759	0.020729892	0.005139603	0.005408975
t#bar{t} hdamp up,	0.403920222	0.404462380	0.343117975	0.343848696	0.164765718	0.163025241	0.062062063	0.062524815	0.020602806	0.020729892	0.005531216	0.005408975
t#bar{t} hdamp dn,	0.406882910	0.404462380	0.340275860	0.343848696	0.164274119	0.163025241	0.062452222	0.062524815	0.020666949	0.020729892	0.005447940	0.005408975
t#bar{t} UEup,	0.404809631	0.404462380	0.343137475	0.343848696	0.163463232	0.163025241	0.062442966	0.062524815	0.020742297	0.020729892	0.005404400	0.005408975
t#bar{t} UEdn,	0.403351052	0.404462380	0.344351908	0.343848696	0.163963667	0.163025241	0.062120184	0.062524815	0.020750867	0.020729892	0.005462322	0.005408975
t#bar{t} ERDon,	0.401824695	0.404462380	0.345864314	0.343848696	0.164113567	0.163025241	0.061941131	0.062524815	0.020802361	0.020729892	0.005453933	0.005408975
t#bar{t} QCDbased,	0.407627333	0.404462380	0.340501017	0.343848696	0.162927640	0.163025241	0.062865556	0.062524815	0.020699867	0.020729892	0.005378588	0.005408975
t#bar{t} gluon move,	0.404521130	0.404462380	0.344122085	0.343848696	0.162591678	0.163025241	0.062658190	0.062524815	0.020697146	0.020729892	0.005409771	0.005408975
