t#bar{t} jec_CorrelationGroupMPFInSitu up,	0.204107105	0.203512504	0.183897688	0.184473593	0.162727209	0.162823555	0.149421438	0.149506532	0.149628591	0.149860170	0.150217968	0.149823646
t#bar{t} jec_RelativeFSR up,	0.203572408	0.203512504	0.184087802	0.184473593	0.163163358	0.162823555	0.149268198	0.149506532	0.149983554	0.149860170	0.149924680	0.149823646
t#bar{t} jec_CorrelationGroupUncorrelated up,	0.203876604	0.203512504	0.184323442	0.184473593	0.162920839	0.162823555	0.149176969	0.149506532	0.149625366	0.149860170	0.150076780	0.149823646
t#bar{t} jec_FlavorPureGluon up,	0.203611239	0.203512504	0.184386867	0.184473593	0.163447907	0.162823555	0.149345572	0.149506532	0.149252963	0.149860170	0.149955451	0.149823646
t#bar{t} jec_FlavorPureQuark up,	0.203778087	0.203512504	0.184019128	0.184473593	0.162990042	0.162823555	0.149460129	0.149506532	0.149700539	0.149860170	0.150052075	0.149823646
t#bar{t} jec_FlavorPureCharm up,	0.203448391	0.203512504	0.184224049	0.184473593	0.163079939	0.162823555	0.149568554	0.149506532	0.149760732	0.149860170	0.149918335	0.149823646
t#bar{t} jec_FlavorPureBottom up,	0.203742812	0.203512504	0.183903985	0.184473593	0.163122697	0.162823555	0.149536808	0.149506532	0.149890123	0.149860170	0.149803574	0.149823646
t#bar{t} jer up,	0.203324706	0.203512504	0.183939719	0.184473593	0.163014595	0.162823555	0.149522795	0.149506532	0.150033737	0.149860170	0.150164447	0.149823646
t#bar{t} btag_heavy up,	0.203381992	0.203512504	0.184188322	0.184473593	0.162940433	0.162823555	0.149500139	0.149506532	0.149981657	0.149860170	0.150007458	0.149823646
t#bar{t} btag_light up,	0.203407986	0.203512504	0.184146450	0.184473593	0.163030205	0.162823555	0.149463444	0.149506532	0.150043805	0.149860170	0.149908110	0.149823646
t#bar{t} csv_heavy up,	0.203678397	0.203512504	0.183871807	0.184473593	0.162898222	0.162823555	0.149684964	0.149506532	0.149852760	0.149860170	0.150013850	0.149823646
t#bar{t} csv_light up,	0.203718842	0.203512504	0.183955921	0.184473593	0.163075790	0.162823555	0.149041210	0.149506532	0.150193775	0.149860170	0.150014463	0.149823646
t#bar{t} tracking up,	0.203643972	0.203512504	0.184567913	0.184473593	0.163217865	0.162823555	0.149073309	0.149506532	0.149597346	0.149860170	0.149899594	0.149823646
t#bar{t} jec_CorrelationGroupMPFInSitu down,	0.203432760	0.203512504	0.184230452	0.184473593	0.162748853	0.162823555	0.149394444	0.149506532	0.149810530	0.149860170	0.150382961	0.149823646
t#bar{t} jec_RelativeFSR down,	0.203823087	0.203512504	0.183657814	0.184473593	0.163323640	0.162823555	0.149369382	0.149506532	0.149993715	0.149860170	0.149832362	0.149823646
t#bar{t} jec_CorrelationGroupUncorrelated down,	0.203175364	0.203512504	0.184193526	0.184473593	0.163133661	0.162823555	0.149120142	0.149506532	0.149932130	0.149860170	0.150445177	0.149823646
t#bar{t} jec_FlavorPureGluon down,	0.204104703	0.203512504	0.184244821	0.184473593	0.163027987	0.162823555	0.149178327	0.149506532	0.149807964	0.149860170	0.149636197	0.149823646
t#bar{t} jec_FlavorPureQuark down,	0.203331856	0.203512504	0.184119537	0.184473593	0.163247904	0.162823555	0.149338078	0.149506532	0.149835397	0.149860170	0.150127228	0.149823646
t#bar{t} jec_FlavorPureCharm down,	0.203600737	0.203512504	0.183647410	0.184473593	0.163025109	0.162823555	0.149585787	0.149506532	0.150009952	0.149860170	0.150131004	0.149823646
t#bar{t} jec_FlavorPureBottom down,	0.203373647	0.203512504	0.184143278	0.184473593	0.162984578	0.162823555	0.149364745	0.149506532	0.149774890	0.149860170	0.150358862	0.149823646
t#bar{t} jer down,	0.203835038	0.203512504	0.184350591	0.184473593	0.162828965	0.162823555	0.149274766	0.149506532	0.149727632	0.149860170	0.149983007	0.149823646
t#bar{t} btag_heavy down,	0.203522738	0.203512504	0.184220738	0.184473593	0.163142466	0.162823555	0.149276047	0.149506532	0.149942569	0.149860170	0.149895443	0.149823646
t#bar{t} btag_light down,	0.203752400	0.203512504	0.184401344	0.184473593	0.162840274	0.162823555	0.149290986	0.149506532	0.149556690	0.149860170	0.150158306	0.149823646
t#bar{t} csv_heavy down,	0.203687657	0.203512504	0.183961025	0.184473593	0.163232888	0.162823555	0.148907591	0.149506532	0.150018188	0.149860170	0.150192651	0.149823646
t#bar{t} csv_light down,	0.203580228	0.203512504	0.184403023	0.184473593	0.163192690	0.162823555	0.148972210	0.149506532	0.149745116	0.149860170	0.150106733	0.149823646
t#bar{t} tracking down,	0.203831694	0.203512504	0.184028256	0.184473593	0.162984631	0.162823555	0.149609512	0.149506532	0.149732068	0.149860170	0.149813837	0.149823646
t#bar{t} evtgen,	0.201329574	0.203512504	0.184521239	0.184473593	0.161334490	0.162823555	0.154444584	0.149506532	0.148471946	0.149860170	0.149898167	0.149823646
t#bar{t} m=171.5,	0.203666846	0.203512504	0.184059178	0.184473593	0.163118629	0.162823555	0.149312439	0.149506532	0.150164498	0.149860170	0.149678409	0.149823646
t#bar{t} m=173.5,	0.205923684	0.203512504	0.185638540	0.184473593	0.161652873	0.162823555	0.149568478	0.149506532	0.147676838	0.149860170	0.149539586	0.149823646
t#bar{t} Herwig++,	0.190677669	0.203512504	0.174263742	0.184473593	0.161897412	0.162823555	0.152975165	0.149506532	0.158734133	0.149860170	0.161451879	0.149823646
t#bar{t} isr up,	0.202806886	0.203512504	0.184139484	0.184473593	0.162303916	0.162823555	0.149453386	0.149506532	0.149965656	0.149860170	0.151330672	0.149823646
t#bar{t} isr dn,	0.204899651	0.203512504	0.183815642	0.184473593	0.162705006	0.162823555	0.150848322	0.149506532	0.148910536	0.149860170	0.148820843	0.149823646
t#bar{t} fsr up,	0.203579343	0.203512504	0.184590147	0.184473593	0.161495760	0.162823555	0.150459486	0.149506532	0.149815038	0.149860170	0.150060225	0.149823646
t#bar{t} fsr dn,	0.204130310	0.203512504	0.182738667	0.184473593	0.162525358	0.162823555	0.149687774	0.149506532	0.149323493	0.149860170	0.151594399	0.149823646
t#bar{t} hdamp up,	0.204732773	0.203512504	0.184392178	0.184473593	0.161072456	0.162823555	0.149052715	0.149506532	0.148571270	0.149860170	0.152178608	0.149823646
t#bar{t} hdamp dn,	0.205696969	0.203512504	0.183708291	0.184473593	0.165284397	0.162823555	0.149464509	0.149506532	0.148402649	0.149860170	0.147443186	0.149823646
t#bar{t} UEup,	0.206222424	0.203512504	0.184344024	0.184473593	0.158396879	0.162823555	0.150691502	0.149506532	0.149862172	0.149860170	0.150482999	0.149823646
t#bar{t} UEdn,	0.202969004	0.203512504	0.184783992	0.184473593	0.162779505	0.162823555	0.148516116	0.149506532	0.151859755	0.149860170	0.149091628	0.149823646
t#bar{t} ERDon,	0.198886397	0.203512504	0.183876161	0.184473593	0.163302369	0.162823555	0.149766538	0.149506532	0.151120811	0.149860170	0.153047725	0.149823646
t#bar{t} QCDbased,	0.194311594	0.203512504	0.179298890	0.184473593	0.161644038	0.162823555	0.151788244	0.149506532	0.155397371	0.149860170	0.157559864	0.149823646
t#bar{t} gluon move,	0.203677567	0.203512504	0.185209390	0.184473593	0.162534962	0.162823555	0.149782778	0.149506532	0.148332257	0.149860170	0.150463046	0.149823646
