t#bar{t} jec_CorrelationGroupMPFInSitu up,	0.063350683	0.063283122	0.129536617	0.129651686	0.142676663	0.142566389	0.133825471	0.133863416	0.116345231	0.116463610	0.097936343	0.097847939	0.077203529	0.077031692	0.060430844	0.060616356	0.046628160	0.046746394	0.036201919	0.035968295	0.027301949	0.027366835	0.020499249	0.020500898	0.014979794	0.015070386	0.011210233	0.011140925	0.007428279	0.007414559	0.005584531	0.005615911	0.003542027	0.003578615	0.002514376	0.002561137	0.001741878	0.001702007	0.001062225	0.001009828
t#bar{t} jec_RelativeFSR up,	0.063412620	0.063283122	0.129376732	0.129651686	0.142987576	0.142566389	0.133665394	0.133863416	0.116472078	0.116463610	0.097544312	0.097847939	0.077604189	0.077031692	0.060666252	0.060616356	0.046128721	0.046746394	0.036305299	0.035968295	0.027373217	0.027366835	0.020287118	0.020500898	0.015184671	0.015070386	0.011150818	0.011140925	0.007371219	0.007414559	0.005639516	0.005615911	0.003531189	0.003578615	0.002475211	0.002561137	0.001828167	0.001702007	0.000995700	0.001009828
t#bar{t} jec_CorrelationGroupUncorrelated up,	0.063263131	0.063283122	0.129664356	0.129651686	0.143037877	0.142566389	0.133394255	0.133863416	0.116438885	0.116463610	0.097671697	0.097847939	0.077351488	0.077031692	0.060878531	0.060616356	0.046368700	0.046746394	0.036306281	0.035968295	0.027222075	0.027366835	0.020172120	0.020500898	0.015225187	0.015070386	0.011121129	0.011140925	0.007401127	0.007414559	0.005618602	0.005615911	0.003540425	0.003578615	0.002507014	0.002561137	0.001745917	0.001702007	0.001071205	0.001009828
t#bar{t} jec_FlavorPureGluon up,	0.063402660	0.063283122	0.129326771	0.129651686	0.142886010	0.142566389	0.134186490	0.133863416	0.116077288	0.116463610	0.097670197	0.097847939	0.077480408	0.077031692	0.060924535	0.060616356	0.046072544	0.046746394	0.036144702	0.035968295	0.027558713	0.027366835	0.020203284	0.020500898	0.015071632	0.015070386	0.011150945	0.011140925	0.007379752	0.007414559	0.005577255	0.005615911	0.003619228	0.003578615	0.002487233	0.002561137	0.001765738	0.001702007	0.001014614	0.001009828
t#bar{t} jec_FlavorPureQuark up,	0.063483383	0.063283122	0.129215052	0.129651686	0.142901354	0.142566389	0.134015418	0.133863416	0.116380072	0.116463610	0.097629732	0.097847939	0.077454075	0.077031692	0.060800301	0.060616356	0.046031381	0.046746394	0.036229670	0.035968295	0.027552933	0.027366835	0.020239623	0.020500898	0.015116819	0.015070386	0.011138674	0.011140925	0.007319163	0.007414559	0.005587735	0.005615911	0.003671034	0.003578615	0.002515269	0.002561137	0.001679280	0.001702007	0.001039032	0.001009828
t#bar{t} jec_FlavorPureCharm up,	0.063443374	0.063283122	0.129288905	0.129651686	0.142788681	0.142566389	0.133961179	0.133863416	0.116386282	0.116463610	0.097658845	0.097847939	0.077295225	0.077031692	0.060857380	0.060616356	0.046465469	0.046746394	0.035872298	0.035968295	0.027483154	0.027366835	0.020408708	0.020500898	0.015094937	0.015070386	0.011136818	0.011140925	0.007429766	0.007414559	0.005505533	0.005615911	0.003671474	0.003578615	0.002535613	0.002561137	0.001712033	0.001702007	0.001004327	0.001009828
t#bar{t} jec_FlavorPureBottom up,	0.063499358	0.063283122	0.129160884	0.129651686	0.143045525	0.142566389	0.133814369	0.133863416	0.116215496	0.116463610	0.097855045	0.097847939	0.077423304	0.077031692	0.060578569	0.060616356	0.046242523	0.046746394	0.036186281	0.035968295	0.027557151	0.027366835	0.020414787	0.020500898	0.015002196	0.015070386	0.011125257	0.011140925	0.007403918	0.007414559	0.005636223	0.005615911	0.003573653	0.003578615	0.002548426	0.002561137	0.001714856	0.001702007	0.001002178	0.001009828
t#bar{t} jer up,	0.063326079	0.063283122	0.129407700	0.129651686	0.142887777	0.142566389	0.133978572	0.133863416	0.116088476	0.116463610	0.097940562	0.097847939	0.077187974	0.077031692	0.060773986	0.060616356	0.046246315	0.046746394	0.036308609	0.035968295	0.027248156	0.027366835	0.020504281	0.020500898	0.015089854	0.015070386	0.011182358	0.011140925	0.007379062	0.007414559	0.005590496	0.005615911	0.003636019	0.003578615	0.002517725	0.002561137	0.001782115	0.001702007	0.000923883	0.001009828
t#bar{t} btag_heavy up,	0.063460885	0.063283122	0.129381144	0.129651686	0.143075418	0.142566389	0.133307189	0.133863416	0.116679017	0.116463610	0.097688561	0.097847939	0.077373717	0.077031692	0.060543855	0.060616356	0.046551695	0.046746394	0.036154811	0.035968295	0.027535956	0.027366835	0.020145457	0.020500898	0.015047589	0.015070386	0.011107665	0.011140925	0.007472405	0.007414559	0.005613933	0.005615911	0.003608700	0.003578615	0.002534424	0.002561137	0.001669930	0.001702007	0.001047649	0.001009828
t#bar{t} btag_light up,	0.063620428	0.063283122	0.129024104	0.129651686	0.142747690	0.142566389	0.134176362	0.133863416	0.116424745	0.116463610	0.097725387	0.097847939	0.077211973	0.077031692	0.060700714	0.060616356	0.046251715	0.046746394	0.036202690	0.035968295	0.027492647	0.027366835	0.020397029	0.020500898	0.015148567	0.015070386	0.011029485	0.011140925	0.007373028	0.007414559	0.005612002	0.005615911	0.003649099	0.003578615	0.002433822	0.002561137	0.001788706	0.001702007	0.000989807	0.001009828
t#bar{t} csv_heavy up,	0.063522445	0.063283122	0.129074334	0.129651686	0.143183170	0.142566389	0.133827575	0.133863416	0.116084662	0.116463610	0.098245856	0.097847939	0.076914887	0.077031692	0.060695175	0.060616356	0.046353360	0.046746394	0.036574855	0.035968295	0.027149425	0.027366835	0.020207656	0.020500898	0.015022557	0.015070386	0.011307492	0.011140925	0.007414291	0.007414559	0.005589905	0.005615911	0.003499051	0.003578615	0.002525393	0.002561137	0.001764024	0.001702007	0.001043887	0.001009828
t#bar{t} csv_light up,	0.063398636	0.063283122	0.129433098	0.129651686	0.142882035	0.142566389	0.133667714	0.133863416	0.116489405	0.116463610	0.097695284	0.097847939	0.077359860	0.077031692	0.060644105	0.060616356	0.046183806	0.046746394	0.036429080	0.035968295	0.027434907	0.027366835	0.020356766	0.020500898	0.014967034	0.015070386	0.011182386	0.011140925	0.007432894	0.007414559	0.005547144	0.005615911	0.003694427	0.003578615	0.002528809	0.002561137	0.001684292	0.001702007	0.000988319	0.001009828
t#bar{t} tracking up,	0.063400742	0.063283122	0.129489866	0.129651686	0.142784545	0.142566389	0.133756325	0.133863416	0.116494439	0.116463610	0.097633525	0.097847939	0.077389425	0.077031692	0.060758773	0.060616356	0.046317102	0.046746394	0.036310057	0.035968295	0.027383043	0.027366835	0.020153157	0.020500898	0.015005060	0.015070386	0.011215660	0.011140925	0.007484585	0.007414559	0.005580534	0.005615911	0.003548493	0.003578615	0.002557012	0.002561137	0.001678450	0.001702007	0.001059206	0.001009828
t#bar{t} jec_CorrelationGroupMPFInSitu down,	0.063426569	0.063283122	0.129299885	0.129651686	0.143158736	0.142566389	0.133685654	0.133863416	0.116233452	0.116463610	0.097806296	0.097847939	0.077349834	0.077031692	0.060797198	0.060616356	0.046282125	0.046746394	0.036315633	0.035968295	0.027319236	0.027366835	0.020124198	0.020500898	0.015170442	0.015070386	0.011133467	0.011140925	0.007426805	0.007414559	0.005653923	0.005615911	0.003507166	0.003578615	0.002505697	0.002561137	0.001729914	0.001702007	0.001073772	0.001009828
t#bar{t} jec_RelativeFSR down,	0.063397508	0.063283122	0.129389015	0.129651686	0.143040016	0.142566389	0.133601482	0.133863416	0.116349065	0.116463610	0.097804917	0.097847939	0.077368156	0.077031692	0.060767954	0.060616356	0.046279794	0.046746394	0.036156946	0.035968295	0.027410025	0.027366835	0.020278636	0.020500898	0.015240064	0.015070386	0.011117143	0.011140925	0.007313417	0.007414559	0.005621114	0.005615911	0.003617079	0.003578615	0.002513804	0.002561137	0.001700221	0.001702007	0.001033644	0.001009828
t#bar{t} jec_CorrelationGroupUncorrelated down,	0.063531049	0.063283122	0.129294821	0.129651686	0.142650193	0.142566389	0.133648007	0.133863416	0.116839602	0.116463610	0.097570140	0.097847939	0.077160337	0.077031692	0.060726557	0.060616356	0.046399740	0.046746394	0.036217953	0.035968295	0.027357149	0.027366835	0.020560432	0.020500898	0.015066587	0.015070386	0.011069261	0.011140925	0.007341949	0.007414559	0.005672983	0.005615911	0.003644088	0.003578615	0.002459906	0.002561137	0.001753964	0.001702007	0.001035279	0.001009828
t#bar{t} jec_FlavorPureGluon down,	0.063299347	0.063283122	0.129646433	0.129651686	0.143079567	0.142566389	0.133264068	0.133863416	0.116553128	0.116463610	0.097477723	0.097847939	0.077775114	0.077031692	0.060542861	0.060616356	0.046399008	0.046746394	0.036184671	0.035968295	0.027426500	0.027366835	0.020140070	0.020500898	0.015117609	0.015070386	0.011233251	0.011140925	0.007397209	0.007414559	0.005659064	0.005615911	0.003466260	0.003578615	0.002627846	0.002561137	0.001710753	0.001702007	0.000999517	0.001009828
t#bar{t} jec_FlavorPureQuark down,	0.063601884	0.063283122	0.129118963	0.129651686	0.142668441	0.142566389	0.133859467	0.133863416	0.116660677	0.116463610	0.097841798	0.097847939	0.077059996	0.077031692	0.060481373	0.060616356	0.046487766	0.046746394	0.036212137	0.035968295	0.027441996	0.027366835	0.020572594	0.020500898	0.014980366	0.015070386	0.011203311	0.011140925	0.007304460	0.007414559	0.005636312	0.005615911	0.003617498	0.003578615	0.002509755	0.002561137	0.001747414	0.001702007	0.000993790	0.001009828
t#bar{t} jec_FlavorPureCharm down,	0.063513668	0.063283122	0.129208607	0.129651686	0.142904198	0.142566389	0.133924591	0.133863416	0.116313600	0.116463610	0.097805513	0.097847939	0.077303989	0.077031692	0.060742281	0.060616356	0.046306092	0.046746394	0.036126581	0.035968295	0.027614342	0.027366835	0.020220603	0.020500898	0.014910140	0.015070386	0.011202787	0.011140925	0.007453845	0.007414559	0.005582887	0.005615911	0.003564028	0.003578615	0.002497056	0.002561137	0.001788003	0.001702007	0.001017189	0.001009828
t#bar{t} jec_FlavorPureBottom down,	0.063526292	0.063283122	0.129230410	0.129651686	0.142815743	0.142566389	0.133785463	0.133863416	0.116646474	0.116463610	0.097530092	0.097847939	0.077344858	0.077031692	0.060736141	0.060616356	0.046322220	0.046746394	0.036254914	0.035968295	0.027446506	0.027366835	0.020291157	0.020500898	0.014997999	0.015070386	0.011159541	0.011140925	0.007426684	0.007414559	0.005594072	0.005615911	0.003606413	0.003578615	0.002537429	0.002561137	0.001746842	0.001702007	0.001000750	0.001009828
t#bar{t} jer down,	0.063560155	0.063283122	0.128991941	0.129651686	0.143413266	0.142566389	0.133406795	0.133863416	0.116435150	0.116463610	0.097641430	0.097847939	0.077400520	0.077031692	0.060845405	0.060616356	0.046246809	0.046746394	0.036292704	0.035968295	0.027419554	0.027366835	0.020282045	0.020500898	0.015028919	0.015070386	0.011066832	0.011140925	0.007505117	0.007414559	0.005578381	0.005615911	0.003613487	0.003578615	0.002518279	0.002561137	0.001683153	0.001702007	0.001070059	0.001009828
t#bar{t} btag_heavy down,	0.063588045	0.063283122	0.129118805	0.129651686	0.142741127	0.142566389	0.133912009	0.133863416	0.116695979	0.116463610	0.097757759	0.097847939	0.076832060	0.077031692	0.060790441	0.060616356	0.046522087	0.046746394	0.036407286	0.035968295	0.027230013	0.027366835	0.020302170	0.020500898	0.015039748	0.015070386	0.011182565	0.011140925	0.007402793	0.007414559	0.005593863	0.005615911	0.003620037	0.003578615	0.002554107	0.002561137	0.001667052	0.001702007	0.001042056	0.001009828
t#bar{t} btag_light down,	0.063505940	0.063283122	0.129450476	0.129651686	0.142583849	0.142566389	0.133493019	0.133863416	0.117048164	0.116463610	0.097697210	0.097847939	0.076849494	0.077031692	0.060799051	0.060616356	0.046664084	0.046746394	0.036229324	0.035968295	0.027349539	0.027366835	0.020181505	0.020500898	0.015039371	0.015070386	0.011217108	0.011140925	0.007432862	0.007414559	0.005569269	0.005615911	0.003614772	0.003578615	0.002572150	0.002561137	0.001700158	0.001702007	0.001002653	0.001009828
t#bar{t} csv_heavy down,	0.063500168	0.063283122	0.129306825	0.129651686	0.142851001	0.142566389	0.133755572	0.133863416	0.116572110	0.116463610	0.097618220	0.097847939	0.077478725	0.077031692	0.060755585	0.060616356	0.046266174	0.046746394	0.035963241	0.035968295	0.027711222	0.027366835	0.020133319	0.020500898	0.015009254	0.015070386	0.011271022	0.011140925	0.007426986	0.007414559	0.005544604	0.005615911	0.003608907	0.003578615	0.002461468	0.002561137	0.001780069	0.001702007	0.000985527	0.001009828
t#bar{t} csv_light down,	0.063621205	0.063283122	0.128987945	0.129651686	0.142862369	0.142566389	0.134133989	0.133863416	0.116462499	0.116463610	0.097652621	0.097847939	0.077078052	0.077031692	0.060991852	0.060616356	0.046244981	0.046746394	0.036148928	0.035968295	0.027511994	0.027366835	0.020205545	0.020500898	0.015057967	0.015070386	0.011203562	0.011140925	0.007426241	0.007414559	0.005514241	0.005615911	0.003586303	0.003578615	0.002516831	0.002561137	0.001757355	0.001702007	0.001035521	0.001009828
t#bar{t} tracking down,	0.063480533	0.063283122	0.129231733	0.129651686	0.142971461	0.142566389	0.133626763	0.133863416	0.116477687	0.116463610	0.097771635	0.097847939	0.077087998	0.077031692	0.060820672	0.060616356	0.046407019	0.046746394	0.036232673	0.035968295	0.027330023	0.027366835	0.020520058	0.020500898	0.015072255	0.015070386	0.011130012	0.011140925	0.007349922	0.007414559	0.005655252	0.005615911	0.003644599	0.003578615	0.002524936	0.002561137	0.001625423	0.001702007	0.001039347	0.001009828
t#bar{t} evtgen,	0.062122350	0.063283122	0.131951347	0.129651686	0.141127570	0.142566389	0.134950269	0.133863416	0.115026265	0.116463610	0.098649391	0.097847939	0.077121889	0.077031692	0.061261474	0.060616356	0.046065254	0.046746394	0.036491482	0.035968295	0.027084582	0.027366835	0.020128869	0.020500898	0.015241970	0.015070386	0.011125636	0.011140925	0.007538497	0.007414559	0.005696339	0.005615911	0.002958051	0.003578615	0.002564653	0.002561137	0.001762745	0.001702007	0.001131369	0.001009828
t#bar{t} m=171.5,	0.063876624	0.063283122	0.128921381	0.129651686	0.143787720	0.142566389	0.132331981	0.133863416	0.116911629	0.116463610	0.098911314	0.097847939	0.076745269	0.077031692	0.061157744	0.060616356	0.045415413	0.046746394	0.036560386	0.035968295	0.027894645	0.027366835	0.019094657	0.020500898	0.015227858	0.015070386	0.011329207	0.011140925	0.007788177	0.007414559	0.005599778	0.005615911	0.003282879	0.003578615	0.002375687	0.002561137	0.001746338	0.001702007	0.001041311	0.001009828
t#bar{t} m=173.5,	0.063517474	0.063283122	0.129508154	0.129651686	0.143020200	0.142566389	0.132729823	0.133863416	0.117287412	0.116463610	0.096829478	0.097847939	0.078906562	0.077031692	0.059445876	0.060616356	0.046442974	0.046746394	0.036725676	0.035968295	0.027520552	0.027366835	0.020085678	0.020500898	0.014688667	0.015070386	0.011153307	0.011140925	0.007704377	0.007414559	0.005442366	0.005615911	0.003483927	0.003578615	0.002558580	0.002561137	0.001919793	0.001702007	0.001029123	0.001009828
t#bar{t} Herwig++,	0.063885920	0.063283122	0.128192766	0.129651686	0.143761216	0.142566389	0.133594325	0.133863416	0.116706317	0.116463610	0.097290521	0.097847939	0.077060075	0.077031692	0.061245618	0.060616356	0.046132390	0.046746394	0.036612572	0.035968295	0.027133478	0.027366835	0.020258735	0.020500898	0.014903293	0.015070386	0.011337107	0.011140925	0.007475384	0.007414559	0.005496118	0.005615911	0.003537050	0.003578615	0.002572981	0.002561137	0.001736929	0.001702007	0.001067203	0.001009828
t#bar{t} isr up,	0.063161267	0.063283122	0.130012872	0.129651686	0.142850595	0.142566389	0.133127583	0.133863416	0.117014263	0.116463610	0.097037330	0.097847939	0.078002060	0.077031692	0.060210398	0.060616356	0.047669837	0.046746394	0.034864297	0.035968295	0.027698347	0.027366835	0.020141844	0.020500898	0.015496250	0.015070386	0.010591041	0.011140925	0.007801633	0.007414559	0.005545720	0.005615911	0.003535696	0.003578615	0.002561217	0.002561137	0.001704209	0.001702007	0.000973541	0.001009828
t#bar{t} isr dn,	0.063332555	0.063283122	0.129330739	0.129651686	0.143152497	0.142566389	0.134146143	0.133863416	0.116484116	0.116463610	0.096733464	0.097847939	0.077451800	0.077031692	0.061595359	0.060616356	0.046441700	0.046746394	0.035611692	0.035968295	0.027877579	0.027366835	0.019765677	0.020500898	0.015079474	0.015070386	0.010987763	0.011140925	0.007857026	0.007414559	0.005546805	0.005615911	0.003320479	0.003578615	0.002434447	0.002561137	0.001777476	0.001702007	0.001073209	0.001009828
t#bar{t} fsr up,	0.062715743	0.063283122	0.130958471	0.129651686	0.142420315	0.142566389	0.132843960	0.133863416	0.116656427	0.116463610	0.097375550	0.097847939	0.077514190	0.077031692	0.061098561	0.060616356	0.047433589	0.046746394	0.035366104	0.035968295	0.027514116	0.027366835	0.019893922	0.020500898	0.014901031	0.015070386	0.011326928	0.011140925	0.007751237	0.007414559	0.005383470	0.005615911	0.003544010	0.003578615	0.002533357	0.002561137	0.001767267	0.001702007	0.001001753	0.001009828
t#bar{t} fsr dn,	0.063890296	0.063283122	0.128278868	0.129651686	0.143578514	0.142566389	0.133912264	0.133863416	0.116953497	0.116463610	0.096916035	0.097847939	0.077762184	0.077031692	0.059458205	0.060616356	0.047165111	0.046746394	0.036485101	0.035968295	0.027326162	0.027366835	0.020543740	0.020500898	0.015322479	0.015070386	0.010508898	0.011140925	0.007710264	0.007414559	0.005813696	0.005615911	0.003526017	0.003578615	0.002068194	0.002561137	0.001629967	0.001702007	0.001150508	0.001009828
t#bar{t} hdamp up,	0.063735935	0.063283122	0.129377408	0.129651686	0.141516939	0.142566389	0.134517902	0.133863416	0.118165486	0.116463610	0.095074138	0.097847939	0.078383621	0.077031692	0.060866192	0.060616356	0.046998081	0.046746394	0.035910611	0.035968295	0.027307128	0.027366835	0.020144692	0.020500898	0.014646373	0.015070386	0.011452119	0.011140925	0.007696767	0.007414559	0.005663959	0.005615911	0.003416702	0.003578615	0.002373233	0.002561137	0.001812509	0.001702007	0.000940205	0.001009828
t#bar{t} hdamp dn,	0.063735514	0.063283122	0.128998991	0.129651686	0.142550069	0.142566389	0.133715616	0.133863416	0.117114894	0.116463610	0.097375452	0.097847939	0.076862715	0.077031692	0.061123135	0.060616356	0.046391638	0.046746394	0.036559786	0.035968295	0.026715463	0.027366835	0.020488979	0.020500898	0.015356134	0.015070386	0.011153601	0.011140925	0.007496801	0.007414559	0.005662405	0.005615911	0.003377614	0.003578615	0.002528561	0.002561137	0.001732895	0.001702007	0.001059735	0.001009828
t#bar{t} UEup,	0.064073654	0.063283122	0.128470755	0.129651686	0.143077147	0.142566389	0.133596728	0.133863416	0.117762897	0.116463610	0.097750424	0.097847939	0.076296954	0.077031692	0.060639982	0.060616356	0.047717891	0.046746394	0.036420090	0.035968295	0.027126829	0.027366835	0.018731455	0.020500898	0.014654715	0.015070386	0.011658808	0.011140925	0.007979224	0.007414559	0.005278439	0.005615911	0.003490977	0.003578615	0.002564840	0.002561137	0.001636315	0.001702007	0.001071876	0.001009828
t#bar{t} UEdn,	0.063341325	0.063283122	0.129456967	0.129651686	0.142271803	0.142566389	0.135252800	0.133863416	0.116216301	0.116463610	0.096831481	0.097847939	0.077482659	0.077031692	0.060467267	0.060616356	0.046922761	0.046746394	0.036338098	0.035968295	0.026961722	0.027366835	0.020453557	0.020500898	0.014790319	0.015070386	0.011036105	0.011140925	0.008196831	0.007414559	0.005372774	0.005615911	0.003375791	0.003578615	0.002438864	0.002561137	0.001730531	0.001702007	0.001062042	0.001009828
t#bar{t} cflip,	0.063650707	0.063283122	0.127931414	0.129651686	0.143623332	0.142566389	0.135028011	0.133863416	0.115868730	0.116463610	0.097275891	0.097847939	0.077120878	0.077031692	0.060269146	0.060616356	0.047351554	0.046746394	0.036143524	0.035968295	0.026748305	0.027366835	0.021299425	0.020500898	0.015153228	0.015070386	0.010789979	0.011140925	0.007512729	0.007414559	0.005773556	0.005615911	0.003470882	0.003578615	0.002580428	0.002561137	0.001490725	0.001702007	0.000917555	0.001009828
t#bar{t} ERDon,	0.063309553	0.063283122	0.129633567	0.129651686	0.143115798	0.142566389	0.133155746	0.133863416	0.116796463	0.116463610	0.097074078	0.097847939	0.077982986	0.077031692	0.060693617	0.060616356	0.046361665	0.046746394	0.036273919	0.035968295	0.027313820	0.027366835	0.020056502	0.020500898	0.015070563	0.015070386	0.011095811	0.011140925	0.007769761	0.007414559	0.005576255	0.005615911	0.003397182	0.003578615	0.002551559	0.002561137	0.001745091	0.001702007	0.001026064	0.001009828
t#bar{t} QCDbased,	0.062958531	0.063283122	0.129972818	0.129651686	0.144000637	0.142566389	0.132910336	0.133863416	0.115380407	0.116463610	0.098689752	0.097847939	0.077278917	0.077031692	0.059521588	0.060616356	0.047007067	0.046746394	0.036565479	0.035968295	0.027305522	0.027366835	0.020478550	0.020500898	0.014731744	0.015070386	0.011553969	0.011140925	0.007447687	0.007414559	0.005533408	0.005615911	0.003655677	0.003578615	0.002344659	0.002561137	0.001558428	0.001702007	0.001104822	0.001009828
t#bar{t} gluon move,	0.063354381	0.063283122	0.129535527	0.129651686	0.142729370	0.142566389	0.133449557	0.133863416	0.117099166	0.116463610	0.097022247	0.097847939	0.077439420	0.077031692	0.060324564	0.060616356	0.046484896	0.046746394	0.036557444	0.035968295	0.027346327	0.027366835	0.020860311	0.020500898	0.014819491	0.015070386	0.011050855	0.011140925	0.007408186	0.007414559	0.005577295	0.005615911	0.003557514	0.003578615	0.002494446	0.002561137	0.001835977	0.001702007	0.001053026	0.001009828
