t#bar{t} pileup up,	0.109114966	0.108981783	0.153503480	0.153264832	0.138348378	0.138089622	0.113605955	0.113363539	0.092162153	0.091958019	0.074345773	0.074432748	0.060136518	0.059996702	0.049383382	0.049294852	0.040307049	0.040344846	0.032771531	0.032846779	0.026706340	0.026907868	0.022416017	0.022516166	0.018774186	0.018881127	0.015255554	0.015352856	0.013067987	0.013261316	0.010813349	0.010911714	0.009221665	0.009324755	0.007724275	0.007839493	0.006688755	0.006729703	0.005652687	0.005701279
t#bar{t} pileup down,	0.108757951	0.108981783	0.152935484	0.153264832	0.137832685	0.138089622	0.113127285	0.113363539	0.091796944	0.091958019	0.074523787	0.074432748	0.059901224	0.059996702	0.049239294	0.049294852	0.040424467	0.040344846	0.032922826	0.032846779	0.027088838	0.026907868	0.022615552	0.022516166	0.018984432	0.018881127	0.015468956	0.015352856	0.013434056	0.013261316	0.011032749	0.010911714	0.009426892	0.009324755	0.007958033	0.007839493	0.006779349	0.006729703	0.005749195	0.005701279
t#bar{t} trig efficiency correction up,	0.108676751	0.108981783	0.152940236	0.153264832	0.137575110	0.138089622	0.112924228	0.113363539	0.091936310	0.091958019	0.074375323	0.074432748	0.060181303	0.059996702	0.049217975	0.049294852	0.040484077	0.040344846	0.032936384	0.032846779	0.027066147	0.026907868	0.022528072	0.022516166	0.018927655	0.018881127	0.015509811	0.015352856	0.013413411	0.013261316	0.011100434	0.010911714	0.009422433	0.009324755	0.008036667	0.007839493	0.006939702	0.006729703	0.005807970	0.005701279
t#bar{t} trig efficiency correction down,	0.108674119	0.108981783	0.152960972	0.153264832	0.137574999	0.138089622	0.112919689	0.113363539	0.091938393	0.091958019	0.074370244	0.074432748	0.060183264	0.059996702	0.049217233	0.049294852	0.040485342	0.040344846	0.032933938	0.032846779	0.027065967	0.026907868	0.022528812	0.022516166	0.018926968	0.018881127	0.015507934	0.015352856	0.013410693	0.013261316	0.011098827	0.010911714	0.009422587	0.009324755	0.008033429	0.007839493	0.006938125	0.006729703	0.005808465	0.005701279
t#bar{t} sel efficiency correction up,	0.108673401	0.108981783	0.152957441	0.153264832	0.137565970	0.138089622	0.112918146	0.113363539	0.091932994	0.091958019	0.074378128	0.074432748	0.060179582	0.059996702	0.049216051	0.049294852	0.040483158	0.040344846	0.032939058	0.032846779	0.027065127	0.026907868	0.022531517	0.022516166	0.018927869	0.018881127	0.015510120	0.015352856	0.013414694	0.013261316	0.011100834	0.010911714	0.009422425	0.009324755	0.008035555	0.007839493	0.006939584	0.006729703	0.005808343	0.005701279
t#bar{t} sel efficiency correction down,	0.108678060	0.108981783	0.152943980	0.153264832	0.137584310	0.138089622	0.112925681	0.113363539	0.091941588	0.091958019	0.074367328	0.074432748	0.060184888	0.059996702	0.049219062	0.049294852	0.040486183	0.040344846	0.032931181	0.032846779	0.027066957	0.026907868	0.022525283	0.022516166	0.018926718	0.018881127	0.015507588	0.015352856	0.013409365	0.013261316	0.011098401	0.010911714	0.009422581	0.009324755	0.008034536	0.007839493	0.006938231	0.006729703	0.005808078	0.005701279
t#bar{t} b fragmentation up,	0.102079045	0.108981783	0.148402155	0.153264832	0.135732421	0.138089622	0.112766553	0.113363539	0.092603778	0.091958019	0.075517892	0.074432748	0.061505750	0.059996702	0.050569431	0.049294852	0.041666997	0.040344846	0.034200537	0.032846779	0.028051501	0.026907868	0.023398549	0.022516166	0.019810501	0.018881127	0.016268018	0.015352856	0.014071197	0.013261316	0.011607627	0.010911714	0.009856641	0.009324755	0.008488316	0.007839493	0.007279551	0.006729703	0.006123541	0.005701279
t#bar{t} b fragmentation down,	0.112204600	0.108981783	0.155152703	0.153264832	0.138384789	0.138089622	0.112852749	0.113363539	0.091542790	0.091958019	0.073769969	0.074432748	0.059499538	0.059996702	0.048530039	0.049294852	0.039894150	0.040344846	0.032323008	0.032846779	0.026595858	0.026907868	0.022121850	0.022516166	0.018506500	0.018881127	0.015150761	0.015352856	0.013108362	0.013261316	0.010857412	0.010911714	0.009227039	0.009324755	0.007829998	0.007839493	0.006789349	0.006729703	0.005658534	0.005701279
t#bar{t} Peterson Frag,	0.105121519	0.108981783	0.149819080	0.153264832	0.136009244	0.138089622	0.112294513	0.113363539	0.092043346	0.091958019	0.074843547	0.074432748	0.060852500	0.059996702	0.050034391	0.049294852	0.041331384	0.040344846	0.033778740	0.032846779	0.027821885	0.026907868	0.023214408	0.022516166	0.019580751	0.018881127	0.016122871	0.015352856	0.013955351	0.013261316	0.011533564	0.010911714	0.009835548	0.009324755	0.008437254	0.007839493	0.007288675	0.006729703	0.006081431	0.005701279
t#bar{t} semilep BR up,	0.108699024	0.108981783	0.152979104	0.153264832	0.137598601	0.138089622	0.112914159	0.113363539	0.091932284	0.091958019	0.074367210	0.074432748	0.060173364	0.059996702	0.049207960	0.049294852	0.040471434	0.040344846	0.032931055	0.032846779	0.027058022	0.026907868	0.022525715	0.022516166	0.018925472	0.018881127	0.015505896	0.015352856	0.013410855	0.013261316	0.011098385	0.010911714	0.009423514	0.009324755	0.008029620	0.007839493	0.006938956	0.006729703	0.005809370	0.005701279
t#bar{t} semilep BR down,	0.108682284	0.108981783	0.152966732	0.153264832	0.137578367	0.138089622	0.112913898	0.113363539	0.091927257	0.091958019	0.074363588	0.074432748	0.060177574	0.059996702	0.049212544	0.049294852	0.040486691	0.040344846	0.032932074	0.032846779	0.027066616	0.026907868	0.022529050	0.022516166	0.018928501	0.018881127	0.015512058	0.015352856	0.013414179	0.013261316	0.011101388	0.010911714	0.009422690	0.009324755	0.008037022	0.007839493	0.006938203	0.006729703	0.005809283	0.005701279
t#bar{t} QCD scale 1,	0.108950755	0.108981783	0.153148425	0.153264832	0.137460289	0.138089622	0.112940242	0.113363539	0.091937806	0.091958019	0.074285084	0.074432748	0.060162417	0.059996702	0.049130817	0.049294852	0.040460610	0.040344846	0.032949557	0.032846779	0.027011771	0.026907868	0.022484968	0.022516166	0.018923520	0.018881127	0.015528237	0.015352856	0.013373437	0.013261316	0.011087059	0.010911714	0.009418907	0.009324755	0.008022668	0.007839493	0.006928627	0.006729703	0.005794803	0.005701279
t#bar{t} QCD scale 2,	0.109017247	0.108981783	0.153245908	0.153264832	0.137672719	0.138089622	0.112943246	0.113363539	0.091908746	0.091958019	0.074340045	0.074432748	0.060071841	0.059996702	0.049188362	0.049294852	0.040374392	0.040344846	0.032855875	0.032846779	0.026996530	0.026907868	0.022464609	0.022516166	0.018886508	0.018881127	0.015474763	0.015352856	0.013353519	0.013261316	0.011052448	0.010911714	0.009401145	0.009324755	0.008034314	0.007839493	0.006913126	0.006729703	0.005804657	0.005701279
t#bar{t} QCD scale 3,	0.108715941	0.108981783	0.153048328	0.153264832	0.137744630	0.138089622	0.112928527	0.113363539	0.091922078	0.091958019	0.074425185	0.074432748	0.060095549	0.059996702	0.049282701	0.049294852	0.040406025	0.040344846	0.032856148	0.032846779	0.027049758	0.026907868	0.022511013	0.022516166	0.018896065	0.018881127	0.015466514	0.015352856	0.013389756	0.013261316	0.011067668	0.010911714	0.009406912	0.009324755	0.008045592	0.007839493	0.006922244	0.006729703	0.005819367	0.005701279
t#bar{t} QCD scale 4,	0.109357482	0.108981783	0.153478221	0.153264832	0.137593745	0.138089622	0.112956595	0.113363539	0.091888727	0.091958019	0.074239781	0.074432748	0.060036863	0.059996702	0.049090300	0.049294852	0.040337392	0.040344846	0.032853151	0.032846779	0.026936712	0.026907868	0.022417551	0.022516166	0.018875437	0.018881127	0.015483309	0.015352856	0.013313134	0.013261316	0.011035855	0.010911714	0.009393870	0.009324755	0.008020935	0.007839493	0.006901888	0.006729703	0.005789053	0.005701279
t#bar{t} QCD scale 5,	0.108091906	0.108981783	0.152486492	0.153264832	0.137614951	0.138089622	0.112843386	0.113363539	0.091934399	0.091958019	0.074473583	0.074432748	0.060294635	0.059996702	0.049348916	0.049294852	0.040610014	0.040344846	0.032991347	0.032846779	0.027178804	0.026907868	0.022641568	0.022516166	0.018969450	0.018881127	0.015539788	0.015352856	0.013509976	0.013261316	0.011161503	0.010911714	0.009444952	0.009324755	0.008061755	0.007839493	0.006979084	0.006729703	0.005823491	0.005701279
t#bar{t} QCD scale 6,	0.109091388	0.108981783	0.153249734	0.153264832	0.137674633	0.138089622	0.112909068	0.113363539	0.091868203	0.091958019	0.074266018	0.074432748	0.060087602	0.059996702	0.049129668	0.049294852	0.040405392	0.040344846	0.032878866	0.032846779	0.027008048	0.026907868	0.022472454	0.022516166	0.018888522	0.018881127	0.015476525	0.015352856	0.013384111	0.013261316	0.011075379	0.010911714	0.009399484	0.009324755	0.008014285	0.007839493	0.006926074	0.006729703	0.005794544	0.005701279
t#bar{t} jec_CorrelationGroupMPFInSitu up,	0.108882749	0.108981783	0.153350071	0.153264832	0.138386594	0.138089622	0.113086216	0.113363539	0.092186719	0.091958019	0.074293382	0.074432748	0.060004573	0.059996702	0.049031720	0.049294852	0.040530375	0.040344846	0.032619099	0.032846779	0.027018230	0.026907868	0.022402637	0.022516166	0.018958798	0.018881127	0.015456470	0.015352856	0.013302814	0.013261316	0.010867452	0.010911714	0.009105550	0.009324755	0.007944416	0.007839493	0.006813821	0.006729703	0.005758313	0.005701279
t#bar{t} jec_RelativeFSR up,	0.109001775	0.108981783	0.153229875	0.153264832	0.137949385	0.138089622	0.113199746	0.113363539	0.092126692	0.091958019	0.074364980	0.074432748	0.060298702	0.059996702	0.049100789	0.049294852	0.040285746	0.040344846	0.032860921	0.032846779	0.026919416	0.026907868	0.022345170	0.022516166	0.018978532	0.018881127	0.015455711	0.015352856	0.013329012	0.013261316	0.010870798	0.010911714	0.009269077	0.009324755	0.007860524	0.007839493	0.006832400	0.006729703	0.005720748	0.005701279
t#bar{t} jec_CorrelationGroupUncorrelated up,	0.108416098	0.108981783	0.152905869	0.153264832	0.137928041	0.138089622	0.113150745	0.113363539	0.092318007	0.091958019	0.074473392	0.074432748	0.060185772	0.059996702	0.049117366	0.049294852	0.040494392	0.040344846	0.032909720	0.032846779	0.027034171	0.026907868	0.022439627	0.022516166	0.019109055	0.018881127	0.015467280	0.015352856	0.013306060	0.013261316	0.011024362	0.010911714	0.009182923	0.009324755	0.007913320	0.007839493	0.006813327	0.006729703	0.005810473	0.005701279
t#bar{t} jec_FlavorPureGluon up,	0.108840838	0.108981783	0.153191136	0.153264832	0.138455977	0.138089622	0.112997464	0.113363539	0.091900565	0.091958019	0.074414117	0.074432748	0.059953780	0.059996702	0.049252528	0.049294852	0.040714843	0.040344846	0.032624303	0.032846779	0.026906051	0.026907868	0.022345195	0.022516166	0.019073042	0.018881127	0.015507486	0.015352856	0.013266396	0.013261316	0.010906608	0.010911714	0.009266076	0.009324755	0.007843629	0.007839493	0.006786743	0.006729703	0.005753223	0.005701279
t#bar{t} jec_FlavorPureQuark up,	0.108996921	0.108981783	0.153072893	0.153264832	0.138059269	0.138089622	0.113181046	0.113363539	0.092224807	0.091958019	0.074462645	0.074432748	0.059848859	0.059996702	0.049169622	0.049294852	0.040273780	0.040344846	0.032908289	0.032846779	0.026897958	0.026907868	0.022387332	0.022516166	0.019162675	0.018881127	0.015372872	0.015352856	0.013366486	0.013261316	0.010819813	0.010911714	0.009317687	0.009324755	0.007959432	0.007839493	0.006757927	0.006729703	0.005759687	0.005701279
t#bar{t} jec_FlavorPureCharm up,	0.108867138	0.108981783	0.152961830	0.153264832	0.138280736	0.138089622	0.113251532	0.113363539	0.092182922	0.091958019	0.074174301	0.074432748	0.060261532	0.059996702	0.049423504	0.049294852	0.040268168	0.040344846	0.032794737	0.032846779	0.026781530	0.026907868	0.022542934	0.022516166	0.018912952	0.018881127	0.015456814	0.015352856	0.013277647	0.013261316	0.010921248	0.010911714	0.009226354	0.009324755	0.007863204	0.007839493	0.006838001	0.006729703	0.005712916	0.005701279
t#bar{t} jec_FlavorPureBottom up,	0.108789455	0.108981783	0.153385459	0.153264832	0.137890984	0.138089622	0.113078682	0.113363539	0.092298678	0.091958019	0.074269012	0.074432748	0.060146130	0.059996702	0.049289931	0.049294852	0.040278618	0.040344846	0.032730191	0.032846779	0.026963310	0.026907868	0.022535014	0.022516166	0.018895372	0.018881127	0.015499381	0.015352856	0.013301142	0.013261316	0.010941569	0.010911714	0.009242005	0.009324755	0.007929214	0.007839493	0.006846051	0.006729703	0.005689800	0.005701279
t#bar{t} jer up,	0.108866278	0.108981783	0.153180395	0.153264832	0.138210741	0.138089622	0.112996830	0.113363539	0.092188520	0.091958019	0.074441524	0.074432748	0.059922030	0.059996702	0.049186343	0.049294852	0.040352962	0.040344846	0.032831718	0.032846779	0.027058784	0.026907868	0.022565559	0.022516166	0.018866013	0.018881127	0.015438680	0.015352856	0.013334795	0.013261316	0.010901592	0.010911714	0.009257837	0.009324755	0.007891880	0.007839493	0.006811868	0.006729703	0.005695651	0.005701279
t#bar{t} btag_heavy up,	0.108733562	0.108981783	0.153106979	0.153264832	0.137996445	0.138089622	0.113124555	0.113363539	0.092108188	0.091958019	0.074386799	0.074432748	0.060325244	0.059996702	0.049358302	0.049294852	0.040438713	0.040344846	0.032636590	0.032846779	0.027094975	0.026907868	0.022469160	0.022516166	0.018898777	0.018881127	0.015418898	0.015352856	0.013323081	0.013261316	0.010961946	0.010911714	0.009256103	0.009324755	0.007790958	0.007839493	0.006885607	0.006729703	0.005685118	0.005701279
t#bar{t} btag_light up,	0.108813533	0.108981783	0.153156826	0.153264832	0.138259120	0.138089622	0.112866905	0.113363539	0.092370049	0.091958019	0.074590395	0.074432748	0.060237746	0.059996702	0.049067121	0.049294852	0.040421608	0.040344846	0.032733734	0.032846779	0.026843513	0.026907868	0.022515235	0.022516166	0.018984494	0.018881127	0.015415991	0.015352856	0.013211252	0.013261316	0.010921253	0.010911714	0.009261789	0.009324755	0.007841873	0.007839493	0.006844703	0.006729703	0.005642861	0.005701279
t#bar{t} csv_heavy up,	0.109459107	0.108981783	0.154268865	0.153264832	0.138132292	0.138089622	0.113538913	0.113363539	0.091949512	0.091958019	0.074239073	0.074432748	0.060066866	0.059996702	0.048781427	0.049294852	0.040278395	0.040344846	0.032433241	0.032846779	0.026746157	0.026907868	0.022435532	0.022516166	0.018753689	0.018881127	0.015296368	0.015352856	0.013366055	0.013261316	0.010940964	0.010911714	0.009194733	0.009324755	0.007719172	0.007839493	0.006746697	0.006729703	0.005652944	0.005701279
t#bar{t} csv_light up,	0.108845656	0.108981783	0.153293221	0.153264832	0.138541860	0.138089622	0.112857659	0.113363539	0.092445330	0.091958019	0.074274228	0.074432748	0.060215766	0.059996702	0.049091114	0.049294852	0.040260798	0.040344846	0.032732081	0.032846779	0.026973452	0.026907868	0.022279131	0.022516166	0.018837128	0.018881127	0.015489870	0.015352856	0.013263881	0.013261316	0.010941597	0.010911714	0.009289304	0.009324755	0.007856111	0.007839493	0.006760114	0.006729703	0.005751696	0.005701279
t#bar{t} tracking up,	0.109055194	0.108981783	0.153604543	0.153264832	0.138180896	0.138089622	0.112985632	0.113363539	0.092166582	0.091958019	0.074260475	0.074432748	0.060048643	0.059996702	0.049015473	0.049294852	0.040450721	0.040344846	0.032920883	0.032846779	0.026863721	0.026907868	0.022313507	0.022516166	0.018915884	0.018881127	0.015268765	0.015352856	0.013188994	0.013261316	0.010936246	0.010911714	0.009268625	0.009324755	0.007895990	0.007839493	0.006846156	0.006729703	0.005813068	0.005701279
t#bar{t} jec_CorrelationGroupMPFInSitu down,	0.109023358	0.108981783	0.153398258	0.153264832	0.138290815	0.138089622	0.113230196	0.113363539	0.091886765	0.091958019	0.074355476	0.074432748	0.060240929	0.059996702	0.049015803	0.049294852	0.040232497	0.040344846	0.032819698	0.032846779	0.026906610	0.026907868	0.022415076	0.022516166	0.018824103	0.018881127	0.015501751	0.015352856	0.013284529	0.013261316	0.010853280	0.010911714	0.009310307	0.009324755	0.007903633	0.007839493	0.006797208	0.006729703	0.005709708	0.005701279
t#bar{t} jec_RelativeFSR down,	0.108915673	0.108981783	0.153241367	0.153264832	0.137998070	0.138089622	0.112939557	0.113363539	0.092301496	0.091958019	0.074343367	0.074432748	0.060278560	0.059996702	0.049178979	0.049294852	0.040219361	0.040344846	0.032751985	0.032846779	0.026903360	0.026907868	0.022553521	0.022516166	0.018866893	0.018881127	0.015495996	0.015352856	0.013364416	0.013261316	0.010922941	0.010911714	0.009265783	0.009324755	0.007927179	0.007839493	0.006864912	0.006729703	0.005666584	0.005701279
t#bar{t} jec_CorrelationGroupUncorrelated down,	0.109449554	0.108981783	0.153625707	0.153264832	0.138472647	0.138089622	0.112991453	0.113363539	0.091841812	0.091958019	0.074491389	0.074432748	0.060149583	0.059996702	0.049138572	0.049294852	0.040286356	0.040344846	0.032706842	0.032846779	0.026692870	0.026907868	0.022345520	0.022516166	0.018793570	0.018881127	0.015394559	0.015352856	0.013206834	0.013261316	0.010866733	0.010911714	0.009221985	0.009324755	0.007839366	0.007839493	0.006849503	0.006729703	0.005635142	0.005701279
t#bar{t} jec_FlavorPureGluon down,	0.108986295	0.108981783	0.153475712	0.153264832	0.138170773	0.138089622	0.113044471	0.113363539	0.092300274	0.091958019	0.074151468	0.074432748	0.059960703	0.059996702	0.049126059	0.049294852	0.040274229	0.040344846	0.032827987	0.032846779	0.027026280	0.026907868	0.022456940	0.022516166	0.018992466	0.018881127	0.015387977	0.015352856	0.013320455	0.013261316	0.010808733	0.010911714	0.009262229	0.009324755	0.007902010	0.007839493	0.006856305	0.006729703	0.005668635	0.005701279
t#bar{t} jec_FlavorPureQuark down,	0.108875634	0.108981783	0.153616069	0.153264832	0.138127321	0.138089622	0.113031927	0.113363539	0.092290014	0.091958019	0.074430267	0.074432748	0.060088515	0.059996702	0.049206856	0.049294852	0.040223223	0.040344846	0.032664427	0.032846779	0.026805630	0.026907868	0.022544010	0.022516166	0.018931664	0.018881127	0.015360462	0.015352856	0.013235675	0.013261316	0.010971684	0.010911714	0.009266976	0.009324755	0.007912822	0.007839493	0.006694131	0.006729703	0.005722694	0.005701279
t#bar{t} jec_FlavorPureCharm down,	0.108801563	0.108981783	0.153610248	0.153264832	0.138085276	0.138089622	0.113328109	0.113363539	0.092066375	0.091958019	0.074243406	0.074432748	0.060064760	0.059996702	0.048959541	0.049294852	0.040507514	0.040344846	0.032946073	0.032846779	0.026849764	0.026907868	0.022352548	0.022516166	0.018913674	0.018881127	0.015416049	0.015352856	0.013334517	0.013261316	0.010883372	0.010911714	0.009297198	0.009324755	0.007843845	0.007839493	0.006833441	0.006729703	0.005662727	0.005701279
t#bar{t} jec_FlavorPureBottom down,	0.108581751	0.108981783	0.153591275	0.153264832	0.138085944	0.138089622	0.113210615	0.113363539	0.092113408	0.091958019	0.074327772	0.074432748	0.060199916	0.059996702	0.049124748	0.049294852	0.040373774	0.040344846	0.032707145	0.032846779	0.027067173	0.026907868	0.022285042	0.022516166	0.018898384	0.018881127	0.015492269	0.015352856	0.013357791	0.013261316	0.010878923	0.010911714	0.009247138	0.009324755	0.007951202	0.007839493	0.006817155	0.006729703	0.005688574	0.005701279
t#bar{t} jer down,	0.108748027	0.108981783	0.153386398	0.153264832	0.138205475	0.138089622	0.112962183	0.113363539	0.092222453	0.091958019	0.074478777	0.074432748	0.060142530	0.059996702	0.049158844	0.049294852	0.040400367	0.040344846	0.032566118	0.032846779	0.027026924	0.026907868	0.022417461	0.022516166	0.018944415	0.018881127	0.015469470	0.015352856	0.013256760	0.013261316	0.010907560	0.010911714	0.009253454	0.009324755	0.007890284	0.007839493	0.006824092	0.006729703	0.005738406	0.005701279
t#bar{t} btag_heavy down,	0.109154003	0.108981783	0.153419966	0.153264832	0.138431311	0.138089622	0.113049539	0.113363539	0.092279779	0.091958019	0.074176299	0.074432748	0.060068452	0.059996702	0.049196717	0.049294852	0.040143755	0.040344846	0.032707324	0.032846779	0.026957252	0.026907868	0.022406677	0.022516166	0.018961622	0.018881127	0.015392370	0.015352856	0.013236482	0.013261316	0.010849535	0.010911714	0.009211511	0.009324755	0.007836162	0.007839493	0.006836162	0.006729703	0.005685083	0.005701279
t#bar{t} btag_light down,	0.108843252	0.108981783	0.153575867	0.153264832	0.138056200	0.138089622	0.113161558	0.113363539	0.092247286	0.091958019	0.074239404	0.074432748	0.060248364	0.059996702	0.049280987	0.049294852	0.040422939	0.040344846	0.032761427	0.032846779	0.026810728	0.026907868	0.022348486	0.022516166	0.018750394	0.018881127	0.015470758	0.015352856	0.013293456	0.013261316	0.010885943	0.010911714	0.009209111	0.009324755	0.007835043	0.007839493	0.006766405	0.006729703	0.005792393	0.005701279
t#bar{t} csv_heavy down,	0.108390275	0.108981783	0.152337653	0.153264832	0.137430655	0.138089622	0.113079061	0.113363539	0.092290181	0.091958019	0.074481550	0.074432748	0.060541628	0.059996702	0.049434997	0.049294852	0.040368770	0.040344846	0.032874417	0.032846779	0.027081429	0.026907868	0.022634074	0.022516166	0.019046068	0.018881127	0.015616494	0.015352856	0.013416712	0.013261316	0.011088453	0.010911714	0.009391544	0.009324755	0.007830084	0.007839493	0.006849415	0.006729703	0.005816540	0.005701279
t#bar{t} csv_light down,	0.108781884	0.108981783	0.153217979	0.153264832	0.137902487	0.138089622	0.113009309	0.113363539	0.092249607	0.091958019	0.074305208	0.074432748	0.060226107	0.059996702	0.049269970	0.049294852	0.040377954	0.040344846	0.032697469	0.032846779	0.027015378	0.026907868	0.022525283	0.022516166	0.018868497	0.018881127	0.015487580	0.015352856	0.013297719	0.013261316	0.010939674	0.010911714	0.009271472	0.009324755	0.007931307	0.007839493	0.006845447	0.006729703	0.005779668	0.005701279
t#bar{t} tracking down,	0.109131708	0.108981783	0.153181288	0.153264832	0.138353935	0.138089622	0.113005903	0.113363539	0.091740517	0.091958019	0.074405912	0.074432748	0.060161625	0.059996702	0.049141518	0.049294852	0.040400419	0.040344846	0.032814502	0.032846779	0.027013831	0.026907868	0.022411084	0.022516166	0.018885284	0.018881127	0.015542658	0.015352856	0.013320598	0.013261316	0.010923162	0.010911714	0.009247197	0.009324755	0.007837952	0.007839493	0.006730023	0.006729703	0.005750885	0.005701279
t#bar{t} evtgen,	0.110368044	0.108981783	0.149979908	0.153264832	0.140436662	0.138089622	0.117259831	0.113363539	0.091543746	0.091958019	0.072892451	0.074432748	0.059274178	0.059996702	0.049677902	0.049294852	0.038467129	0.040344846	0.032803236	0.032846779	0.027101958	0.026907868	0.021855231	0.022516166	0.019482416	0.018881127	0.014631851	0.015352856	0.012731431	0.013261316	0.011503107	0.010911714	0.009249883	0.009324755	0.008122019	0.007839493	0.006942874	0.006729703	0.005676142	0.005701279
t#bar{t} m=171.5,	0.107154811	0.108981783	0.154100174	0.153264832	0.135959827	0.138089622	0.115363451	0.113363539	0.092910141	0.091958019	0.074800019	0.074432748	0.058904609	0.059996702	0.049283667	0.049294852	0.040514113	0.040344846	0.032911993	0.032846779	0.025792208	0.026907868	0.021946067	0.022516166	0.019297848	0.018881127	0.016299397	0.015352856	0.013074162	0.013261316	0.011423750	0.010911714	0.009748152	0.009324755	0.008043212	0.007839493	0.006778971	0.006729703	0.005693430	0.005701279
t#bar{t} m=173.5,	0.108066596	0.108981783	0.154200378	0.153264832	0.136606855	0.138089622	0.113193469	0.113363539	0.092938319	0.091958019	0.074215536	0.074432748	0.060919902	0.059996702	0.048395597	0.049294852	0.039565873	0.040344846	0.031146271	0.032846779	0.027763913	0.026907868	0.022217453	0.022516166	0.018994618	0.018881127	0.016173651	0.015352856	0.013418036	0.013261316	0.010514925	0.010911714	0.009804889	0.009324755	0.008276736	0.007839493	0.007520447	0.006729703	0.006066540	0.005701279
t#bar{t} Herwig++,	0.111812065	0.108981783	0.150542640	0.153264832	0.134400529	0.138089622	0.110989606	0.113363539	0.089872416	0.091958019	0.074657809	0.074432748	0.060008901	0.059996702	0.049204710	0.049294852	0.039794397	0.040344846	0.033055647	0.032846779	0.028174386	0.026907868	0.022357358	0.022516166	0.019959330	0.018881127	0.016467874	0.015352856	0.014038054	0.013261316	0.011849438	0.010911714	0.010313773	0.009324755	0.008192136	0.007839493	0.007812992	0.006729703	0.006495941	0.005701279
t#bar{t} isr up,	0.107569693	0.108981783	0.151298481	0.153264832	0.135650121	0.138089622	0.114513808	0.113363539	0.091861777	0.091958019	0.075073952	0.074432748	0.061649875	0.059996702	0.049397216	0.049294852	0.040227755	0.040344846	0.033430871	0.032846779	0.027218665	0.026907868	0.022488684	0.022516166	0.018703108	0.018881127	0.015373580	0.015352856	0.013457154	0.013261316	0.011143946	0.010911714	0.009714692	0.009324755	0.008082520	0.007839493	0.007202482	0.006729703	0.005941619	0.005701279
t#bar{t} isr dn,	0.110083159	0.108981783	0.154829356	0.153264832	0.136796861	0.138089622	0.114815224	0.113363539	0.091144644	0.091958019	0.074295738	0.074432748	0.059782004	0.059996702	0.048407230	0.049294852	0.039614389	0.040344846	0.032692226	0.032846779	0.027407934	0.026907868	0.022620325	0.022516166	0.018687354	0.018881127	0.014805511	0.015352856	0.012988613	0.013261316	0.010958292	0.010911714	0.009503477	0.009324755	0.008185877	0.007839493	0.006638813	0.006729703	0.005742971	0.005701279
t#bar{t} fsr up,	0.091526936	0.108981783	0.140455024	0.153264832	0.131890615	0.138089622	0.112606244	0.113363539	0.094363216	0.091958019	0.077390903	0.074432748	0.064358187	0.059996702	0.053996530	0.049294852	0.043116356	0.040344846	0.036694778	0.032846779	0.030402558	0.026907868	0.025142210	0.022516166	0.020729383	0.018881127	0.017477511	0.015352856	0.014853348	0.013261316	0.012052426	0.010911714	0.010392032	0.009324755	0.008851974	0.007839493	0.007399547	0.006729703	0.006300223	0.005701279
t#bar{t} fsr dn,	0.124088497	0.108981783	0.162743120	0.153264832	0.138246971	0.138089622	0.112421370	0.113363539	0.090433690	0.091958019	0.073272901	0.074432748	0.056487493	0.059996702	0.046214633	0.049294852	0.038032540	0.040344846	0.030770432	0.032846779	0.024989506	0.026907868	0.020626474	0.022516166	0.017543828	0.018881127	0.014491011	0.015352856	0.011856255	0.013261316	0.010043774	0.010911714	0.008969797	0.009324755	0.007435311	0.007839493	0.005971762	0.006729703	0.005360634	0.005701279
t#bar{t} hdamp up,	0.109160615	0.108981783	0.154539449	0.153264832	0.136957668	0.138089622	0.113721495	0.113363539	0.092849445	0.091958019	0.073833384	0.074432748	0.060537391	0.059996702	0.048378068	0.049294852	0.039610953	0.040344846	0.032895853	0.032846779	0.026929955	0.026907868	0.022721186	0.022516166	0.018650962	0.018881127	0.015544720	0.015352856	0.013093601	0.013261316	0.010766347	0.010911714	0.009579622	0.009324755	0.007337217	0.007839493	0.006613055	0.006729703	0.006279013	0.005701279
t#bar{t} hdamp dn,	0.109117227	0.108981783	0.152542694	0.153264832	0.137803218	0.138089622	0.113477459	0.113363539	0.091953622	0.091958019	0.075128959	0.074432748	0.059807804	0.059996702	0.049118643	0.049294852	0.040891538	0.040344846	0.032321997	0.032846779	0.026925171	0.026907868	0.022788280	0.022516166	0.018926853	0.018881127	0.015142958	0.015352856	0.013074188	0.013261316	0.011234444	0.010911714	0.009512742	0.009324755	0.007981519	0.007839493	0.006662999	0.006729703	0.005587685	0.005701279
t#bar{t} UEup,	0.107170609	0.108981783	0.150807974	0.153264832	0.137254577	0.138089622	0.114265736	0.113363539	0.092296013	0.091958019	0.075857419	0.074432748	0.060800329	0.059996702	0.049328099	0.049294852	0.040628235	0.040344846	0.033570099	0.032846779	0.026608737	0.026907868	0.021919421	0.022516166	0.018158242	0.018881127	0.015557617	0.015352856	0.013813210	0.013261316	0.011643672	0.010911714	0.009446067	0.009324755	0.007858907	0.007839493	0.007430465	0.006729703	0.005584572	0.005701279
t#bar{t} UEdn,	0.109324274	0.108981783	0.153557341	0.153264832	0.135932088	0.138089622	0.113846457	0.113363539	0.092973479	0.091958019	0.073767220	0.074432748	0.060893105	0.059996702	0.048492726	0.049294852	0.040676874	0.040344846	0.032704618	0.032846779	0.027361899	0.026907868	0.022825693	0.022516166	0.019265947	0.018881127	0.015075530	0.015352856	0.013896615	0.013261316	0.010319582	0.010911714	0.008982817	0.009324755	0.007623407	0.007839493	0.006830189	0.006729703	0.005650139	0.005701279
t#bar{t} cflip,	0.101479055	0.108981783	0.149508305	0.153264832	0.138423357	0.138089622	0.114922981	0.113363539	0.093864841	0.091958019	0.074688593	0.074432748	0.060789615	0.059996702	0.049652432	0.049294852	0.040981996	0.040344846	0.033021921	0.032846779	0.027708923	0.026907868	0.024695952	0.022516166	0.018178614	0.018881127	0.017166837	0.015352856	0.014060838	0.013261316	0.011247504	0.010911714	0.008590103	0.009324755	0.008291655	0.007839493	0.006661010	0.006729703	0.006065469	0.005701279
t#bar{t} ERDon,	0.108847577	0.108981783	0.151611061	0.153264832	0.135756843	0.138089622	0.112631645	0.113363539	0.092111510	0.091958019	0.073581890	0.074432748	0.060924529	0.059996702	0.049411469	0.049294852	0.040859347	0.040344846	0.033579043	0.032846779	0.027693282	0.026907868	0.023072569	0.022516166	0.018559667	0.018881127	0.016515913	0.015352856	0.013382998	0.013261316	0.011346471	0.010911714	0.009528924	0.009324755	0.007788456	0.007839493	0.006983571	0.006729703	0.005813236	0.005701279
t#bar{t} QCDbased,	0.111260390	0.108981783	0.152845816	0.153264832	0.136865114	0.138089622	0.112676670	0.113363539	0.091276509	0.091958019	0.074629120	0.074432748	0.059669517	0.059996702	0.048472173	0.049294852	0.041113333	0.040344846	0.032774959	0.032846779	0.026432481	0.026907868	0.022036427	0.022516166	0.018754420	0.018881127	0.016301127	0.015352856	0.013080955	0.013261316	0.011360585	0.010911714	0.009399176	0.009324755	0.008073182	0.007839493	0.007085263	0.006729703	0.005892783	0.005701279
t#bar{t} gluon move,	0.110404215	0.108981783	0.155717793	0.153264832	0.138551333	0.138089622	0.114292252	0.113363539	0.091208354	0.091958019	0.074068306	0.074432748	0.059405116	0.059996702	0.048214718	0.049294852	0.039331779	0.040344846	0.032509966	0.032846779	0.026877513	0.026907868	0.022170729	0.022516166	0.018382171	0.018881127	0.015202767	0.015352856	0.012954544	0.013261316	0.011101316	0.010911714	0.009331104	0.009324755	0.007852151	0.007839493	0.006759855	0.006729703	0.005664020	0.005701279
