t#bar{t},	0.285561495	0.314853579	0.272003347	0.263930067	0.189227899	0.178689843	0.123675476	0.118854742	0.079189839	0.076077386	0.050341945	0.047594383
t#bar{t} jec_CorrelationGroupMPFInSitu up,	0.315507052	0.314853579	0.264264241	0.263930067	0.178520711	0.178689843	0.118737548	0.118854742	0.076180712	0.076077386	0.046789734	0.047594383
t#bar{t} jec_RelativeFSR up,	0.315999002	0.314853579	0.265066149	0.263930067	0.178062997	0.178689843	0.118136689	0.118854742	0.075184020	0.076077386	0.047551143	0.047594383
t#bar{t} jec_CorrelationGroupUncorrelated up,	0.312669890	0.314853579	0.265641490	0.263930067	0.179108115	0.178689843	0.119344245	0.118854742	0.075748077	0.076077386	0.047488183	0.047594383
t#bar{t} jec_FlavorPureGluon up,	0.312380895	0.314853579	0.264057196	0.263930067	0.178985023	0.178689843	0.119395275	0.118854742	0.076536747	0.076077386	0.048644864	0.047594383
t#bar{t} jec_FlavorPureQuark up,	0.315317172	0.314853579	0.264885411	0.263930067	0.178642280	0.178689843	0.118575694	0.118854742	0.075430427	0.076077386	0.047149015	0.047594383
t#bar{t} jec_FlavorPureCharm up,	0.315732205	0.314853579	0.264210544	0.263930067	0.179097211	0.178689843	0.118411721	0.118854742	0.075809063	0.076077386	0.046739257	0.047594383
t#bar{t} jec_FlavorPureBottom up,	0.314659965	0.314853579	0.264840409	0.263930067	0.179104638	0.178689843	0.118218183	0.118854742	0.075702501	0.076077386	0.047474305	0.047594383
t#bar{t} jer up,	0.315260200	0.314853579	0.265137855	0.263930067	0.177801832	0.178689843	0.118442080	0.118854742	0.076020488	0.076077386	0.047337544	0.047594383
t#bar{t} btag_heavy up,	0.315522994	0.314853579	0.264535548	0.263930067	0.178551067	0.178689843	0.118177471	0.118854742	0.075797188	0.076077386	0.047415732	0.047594383
t#bar{t} btag_light up,	0.314781810	0.314853579	0.265355971	0.263930067	0.178311190	0.178689843	0.118577781	0.118854742	0.075456449	0.076077386	0.047516798	0.047594383
t#bar{t} csv_heavy up,	0.316762376	0.314853579	0.263560086	0.263930067	0.178111106	0.178689843	0.118549306	0.118854742	0.075626547	0.076077386	0.047390578	0.047594383
t#bar{t} csv_light up,	0.315411350	0.314853579	0.263916232	0.263930067	0.178952787	0.178689843	0.119136608	0.118854742	0.075703815	0.076077386	0.046879207	0.047594383
t#bar{t} tracking up,	0.316440455	0.314853579	0.264947413	0.263930067	0.178428190	0.178689843	0.117825231	0.118854742	0.075502231	0.076077386	0.046856480	0.047594383
t#bar{t} jec_CorrelationGroupMPFInSitu down,	0.315277699	0.314853579	0.264597538	0.263930067	0.179883012	0.178689843	0.118273449	0.118854742	0.074625019	0.076077386	0.047343282	0.047594383
t#bar{t} jec_RelativeFSR down,	0.315090862	0.314853579	0.264376937	0.263930067	0.178823634	0.178689843	0.118589761	0.118854742	0.076067698	0.076077386	0.047051108	0.047594383
t#bar{t} jec_CorrelationGroupUncorrelated down,	0.316785039	0.314853579	0.265795939	0.263930067	0.178447813	0.178689843	0.117904169	0.118854742	0.074516005	0.076077386	0.046551036	0.047594383
t#bar{t} jec_FlavorPureGluon down,	0.316475160	0.314853579	0.265275471	0.263930067	0.179296549	0.178689843	0.117530554	0.118854742	0.074618625	0.076077386	0.046803643	0.047594383
t#bar{t} jec_FlavorPureQuark down,	0.314628234	0.314853579	0.265776462	0.263930067	0.178005656	0.178689843	0.118865960	0.118854742	0.075445157	0.076077386	0.047278532	0.047594383
t#bar{t} jec_FlavorPureCharm down,	0.316160980	0.314853579	0.264494884	0.263930067	0.178341017	0.178689843	0.118054862	0.118854742	0.075704468	0.076077386	0.047243790	0.047594383
t#bar{t} jec_FlavorPureBottom down,	0.315294470	0.314853579	0.265048534	0.263930067	0.178176098	0.178689843	0.118916028	0.118854742	0.075428341	0.076077386	0.047136529	0.047594383
t#bar{t} jer down,	0.315626906	0.314853579	0.264278867	0.263930067	0.178104618	0.178689843	0.118442921	0.118854742	0.075964821	0.076077386	0.047581867	0.047594383
t#bar{t} btag_heavy down,	0.315222301	0.314853579	0.265049155	0.263930067	0.179223872	0.178689843	0.118170272	0.118854742	0.075590930	0.076077386	0.046743470	0.047594383
t#bar{t} btag_light down,	0.316248254	0.314853579	0.265096068	0.263930067	0.178653924	0.178689843	0.117815160	0.118854742	0.074735132	0.076077386	0.047451463	0.047594383
t#bar{t} csv_heavy down,	0.314808018	0.314853579	0.265151066	0.263930067	0.178731827	0.178689843	0.118178201	0.118854742	0.075437515	0.076077386	0.047693373	0.047594383
t#bar{t} csv_light down,	0.315325960	0.314853579	0.264852657	0.263930067	0.178342687	0.178689843	0.118704181	0.118854742	0.075503914	0.076077386	0.047270602	0.047594383
t#bar{t} tracking down,	0.314428240	0.314853579	0.264914270	0.263930067	0.178885973	0.178689843	0.118578581	0.118854742	0.075457750	0.076077386	0.047735187	0.047594383
t#bar{t} evtgen,	0.312882234	0.314853579	0.263803642	0.263930067	0.180803072	0.178689843	0.119284904	0.118854742	0.075751024	0.076077386	0.047475124	0.047594383
t#bar{t} m=171.5,	0.312566868	0.314853579	0.264895060	0.263930067	0.178665394	0.178689843	0.121060109	0.118854742	0.076264398	0.076077386	0.046548170	0.047594383
t#bar{t} m=173.5,	0.312555325	0.314853579	0.261963421	0.263930067	0.179751052	0.178689843	0.122330832	0.118854742	0.074547620	0.076077386	0.048851750	0.047594383
t#bar{t} pileup up,	0.315669438	0.314853579	0.264140255	0.263930067	0.178715065	0.178689843	0.118807705	0.118854742	0.075295749	0.076077386	0.047371788	0.047594383
t#bar{t} pileup down,	0.314115630	0.314853579	0.263763172	0.263930067	0.178772304	0.178689843	0.118843053	0.118854742	0.076683605	0.076077386	0.047822236	0.047594383
t#bar{t} trig efficiency correction up,	0.314456184	0.314853579	0.263941062	0.263930067	0.178387079	0.178689843	0.118940471	0.118854742	0.076169786	0.076077386	0.048105417	0.047594383
t#bar{t} trig efficiency correction down,	0.314475026	0.314853579	0.263944542	0.263930067	0.178387188	0.178689843	0.118926731	0.118854742	0.076159340	0.076077386	0.048107174	0.047594383
t#bar{t} sel efficiency correction up,	0.314450019	0.314853579	0.263939980	0.263930067	0.178390539	0.178689843	0.118935979	0.118854742	0.076177203	0.076077386	0.048106281	0.047594383
t#bar{t} sel efficiency correction down,	0.314481162	0.314853579	0.263945582	0.263930067	0.178383772	0.178689843	0.118931255	0.118854742	0.076151894	0.076077386	0.048106334	0.047594383
t#bar{t} b fragmentation up,	0.312981257	0.314853579	0.263980715	0.263930067	0.178750014	0.178689843	0.119354855	0.118854742	0.076597147	0.076077386	0.048336012	0.047594383
t#bar{t} b fragmentation down,	0.315198759	0.314853579	0.264019193	0.263930067	0.178120080	0.178689843	0.118658944	0.118854742	0.075980094	0.076077386	0.048022930	0.047594383
t#bar{t} Peterson Frag,	0.313131392	0.314853579	0.264188642	0.263930067	0.178832005	0.178689843	0.119183001	0.118854742	0.076399662	0.076077386	0.048265297	0.047594383
t#bar{t} semilep BR up,	0.314551456	0.314853579	0.263923705	0.263930067	0.178351235	0.178689843	0.118911786	0.118854742	0.076152877	0.076077386	0.048108941	0.047594383
t#bar{t} semilep BR down,	0.314505833	0.314853579	0.263951991	0.263930067	0.178365003	0.178689843	0.118918246	0.118854742	0.076155935	0.076077386	0.048102991	0.047594383
t#bar{t} isr up,	0.310410247	0.314853579	0.264858739	0.263930067	0.179501994	0.178689843	0.118580056	0.118854742	0.077087684	0.076077386	0.049561280	0.047594383
t#bar{t} isr dn,	0.313856871	0.314853579	0.264639867	0.263930067	0.180431243	0.178689843	0.117461990	0.118854742	0.075409509	0.076077386	0.048200521	0.047594383
t#bar{t} fsr up,	0.271451740	0.314853579	0.262113598	0.263930067	0.191190889	0.178689843	0.132745649	0.118854742	0.087372187	0.076077386	0.055125937	0.047594383
t#bar{t} fsr dn,	0.348286607	0.314853579	0.259555092	0.263930067	0.170311669	0.178689843	0.110486960	0.118854742	0.069101516	0.076077386	0.042258157	0.047594383
t#bar{t} hdamp up,	0.309512220	0.314853579	0.266379451	0.263930067	0.178874891	0.178689843	0.119146458	0.118854742	0.076404711	0.076077386	0.049682268	0.047594383
t#bar{t} hdamp dn,	0.314648189	0.314853579	0.263690090	0.263930067	0.182045132	0.178689843	0.116619330	0.118854742	0.075874815	0.076077386	0.047122444	0.047594383
t#bar{t} UEup,	0.314671426	0.314853579	0.262335393	0.263930067	0.179565052	0.178689843	0.119252506	0.118854742	0.075859499	0.076077386	0.048316124	0.047594383
t#bar{t} UEdn,	0.315284988	0.314853579	0.265270406	0.263930067	0.177720988	0.178689843	0.117617065	0.118854742	0.075066959	0.076077386	0.049039593	0.047594383
t#bar{t} ERDon,	0.310254849	0.314853579	0.261252277	0.263930067	0.180610593	0.178689843	0.121154023	0.118854742	0.077342092	0.076077386	0.049386166	0.047594383
t#bar{t} QCDbased,	0.319403078	0.314853579	0.261794961	0.263930067	0.177815519	0.178689843	0.116893615	0.118854742	0.076438620	0.076077386	0.047654207	0.047594383
t#bar{t} gluon move,	0.315538488	0.314853579	0.262103624	0.263930067	0.178753176	0.178689843	0.119764997	0.118854742	0.076008141	0.076077386	0.047831574	0.047594383
