t#bar{t} pileup up,	0.327008570	0.326321612	0.349804326	0.350567223	0.195004621	0.195072580	0.086608567	0.086327241	0.033339107	0.033410500	0.008234810	0.008300844
t#bar{t} pileup down,	0.325699596	0.326321612	0.351252022	0.350567223	0.195119719	0.195072580	0.086073902	0.086327241	0.033473237	0.033410500	0.008381523	0.008300844
t#bar{t} trig efficiency correction up,	0.326230376	0.326321612	0.351881228	0.350567223	0.194096264	0.195072580	0.086556730	0.086327241	0.033426158	0.033410500	0.007809243	0.008300844
t#bar{t} trig efficiency correction down,	0.326245263	0.326321612	0.351905950	0.350567223	0.194064043	0.195072580	0.086571565	0.086327241	0.033425538	0.033410500	0.007787641	0.008300844
t#bar{t} sel efficiency correction up,	0.326219893	0.326321612	0.351860524	0.350567223	0.194132436	0.195072580	0.086543023	0.086327241	0.033428247	0.033410500	0.007815877	0.008300844
t#bar{t} sel efficiency correction down,	0.326255939	0.326321612	0.351925916	0.350567223	0.194028099	0.195072580	0.086585285	0.086327241	0.033423400	0.033410500	0.007781361	0.008300844
t#bar{t} b fragmentation up,	0.325339804	0.326321612	0.352439843	0.350567223	0.193949363	0.195072580	0.086272434	0.086327241	0.033409693	0.033410500	0.008588862	0.008300844
t#bar{t} b fragmentation down,	0.326700206	0.326321612	0.351546919	0.350567223	0.194000150	0.195072580	0.086755427	0.086327241	0.033398907	0.033410500	0.007598391	0.008300844
t#bar{t} Peterson Frag,	0.325887593	0.326321612	0.352027979	0.350567223	0.194079418	0.195072580	0.086424866	0.086327241	0.033424642	0.033410500	0.008155503	0.008300844
t#bar{t} semilep BR up,	0.326181285	0.326321612	0.351860523	0.350567223	0.194165314	0.195072580	0.086518554	0.086327241	0.033431522	0.033410500	0.007842803	0.008300844
t#bar{t} semilep BR down,	0.326228331	0.326321612	0.351865674	0.350567223	0.194123004	0.195072580	0.086548988	0.086327241	0.033427943	0.033410500	0.007806060	0.008300844
t#bar{t} QCD scale 1,	0.326496625	0.326321612	0.351825672	0.350567223	0.193846539	0.195072580	0.086717789	0.086327241	0.033401670	0.033410500	0.007711705	0.008300844
t#bar{t} QCD scale 2,	0.326435518	0.326321612	0.351711669	0.350567223	0.194164013	0.195072580	0.086620378	0.086327241	0.033427550	0.033410500	0.007640872	0.008300844
t#bar{t} QCD scale 3,	0.326192520	0.326321612	0.351762377	0.350567223	0.194369582	0.195072580	0.086479418	0.086327241	0.033446130	0.033410500	0.007749973	0.008300844
t#bar{t} QCD scale 4,	0.326671237	0.326321612	0.351666141	0.350567223	0.193908379	0.195072580	0.086771550	0.086327241	0.033400634	0.033410500	0.007582060	0.008300844
t#bar{t} QCD scale 5,	0.325736931	0.326321612	0.352111237	0.350567223	0.194200824	0.195072580	0.086343746	0.086327241	0.033435940	0.033410500	0.008171322	0.008300844
t#bar{t} QCD scale 6,	0.326273459	0.326321612	0.351868908	0.350567223	0.194050832	0.195072580	0.086584087	0.086327241	0.033421448	0.033410500	0.007801266	0.008300844
t#bar{t} jec_CorrelationGroupMPFInSitu up,	0.327124746	0.326321612	0.351052684	0.350567223	0.193637069	0.195072580	0.086996806	0.086327241	0.033301736	0.033410500	0.007886959	0.008300844
t#bar{t} jec_RelativeFSR up,	0.327130769	0.326321612	0.350463815	0.350567223	0.193859259	0.195072580	0.086948323	0.086327241	0.033248370	0.033410500	0.008349464	0.008300844
t#bar{t} jec_CorrelationGroupUncorrelated up,	0.327016504	0.326321612	0.350270405	0.350567223	0.194661922	0.195072580	0.086718033	0.086327241	0.033329297	0.033410500	0.008003838	0.008300844
t#bar{t} jec_FlavorPureGluon up,	0.325707782	0.326321612	0.351427549	0.350567223	0.194381104	0.195072580	0.086272300	0.086327241	0.033356645	0.033410500	0.008854620	0.008300844
t#bar{t} jec_FlavorPureQuark up,	0.326194582	0.326321612	0.351391705	0.350567223	0.194094397	0.195072580	0.086553409	0.086327241	0.033345218	0.033410500	0.008420690	0.008300844
t#bar{t} jec_FlavorPureCharm up,	0.327372063	0.326321612	0.350891607	0.350567223	0.192994371	0.195072580	0.087277137	0.086327241	0.033182333	0.033410500	0.008282489	0.008300844
t#bar{t} jec_FlavorPureBottom up,	0.327019827	0.326321612	0.351534110	0.350567223	0.192770536	0.195072580	0.087201425	0.086327241	0.033221702	0.033410500	0.008252401	0.008300844
t#bar{t} jer up,	0.328215896	0.326321612	0.350221232	0.350567223	0.192999714	0.195072580	0.087558608	0.086327241	0.033177544	0.033410500	0.007827006	0.008300844
t#bar{t} btag_heavy up,	0.327181470	0.326321612	0.350379165	0.350567223	0.194503509	0.195072580	0.086811135	0.086327241	0.033338255	0.033410500	0.007786466	0.008300844
t#bar{t} btag_light up,	0.326815547	0.326321612	0.350684977	0.350567223	0.194121504	0.195072580	0.086740424	0.086327241	0.033320950	0.033410500	0.008316598	0.008300844
t#bar{t} csv_heavy up,	0.327581117	0.326321612	0.349994079	0.350567223	0.194561212	0.195072580	0.086898648	0.086327241	0.033345716	0.033410500	0.007619228	0.008300844
t#bar{t} csv_light up,	0.328307306	0.326321612	0.349297851	0.350567223	0.194534214	0.195072580	0.087206114	0.086327241	0.033287872	0.033410500	0.007366642	0.008300844
t#bar{t} tracking up,	0.327639528	0.326321612	0.351081154	0.350567223	0.192718676	0.195072580	0.087460666	0.086327241	0.033184087	0.033410500	0.007915889	0.008300844
t#bar{t} jec_CorrelationGroupMPFInSitu down,	0.328439642	0.326321612	0.349995172	0.350567223	0.192739894	0.195072580	0.087722281	0.086327241	0.033117596	0.033410500	0.007985416	0.008300844
t#bar{t} jec_RelativeFSR down,	0.327033482	0.326321612	0.351425511	0.350567223	0.193378447	0.195072580	0.087058188	0.086327241	0.033290060	0.033410500	0.007814312	0.008300844
t#bar{t} jec_CorrelationGroupUncorrelated down,	0.326492979	0.326321612	0.350061060	0.350567223	0.194513321	0.195072580	0.086521960	0.086327241	0.033258799	0.033410500	0.009151881	0.008300844
t#bar{t} jec_FlavorPureGluon down,	0.325968872	0.326321612	0.350933115	0.350567223	0.193648958	0.195072580	0.086556522	0.086327241	0.033210623	0.033410500	0.009681910	0.008300844
t#bar{t} jec_FlavorPureQuark down,	0.326464699	0.326321612	0.350908047	0.350567223	0.193782317	0.195072580	0.086697999	0.086327241	0.033264633	0.033410500	0.008882305	0.008300844
t#bar{t} jec_FlavorPureCharm down,	0.327969438	0.326321612	0.349311220	0.350567223	0.195164663	0.195072580	0.086901398	0.086327241	0.033381046	0.033410500	0.007272235	0.008300844
t#bar{t} jec_FlavorPureBottom down,	0.327373937	0.326321612	0.350906944	0.350567223	0.193020460	0.195072580	0.087249712	0.086327241	0.033206166	0.033410500	0.008242782	0.008300844
t#bar{t} jer down,	0.328033926	0.326321612	0.350011501	0.350567223	0.193944615	0.195072580	0.087273135	0.086327241	0.033269009	0.033410500	0.007467814	0.008300844
t#bar{t} btag_heavy down,	0.328132013	0.326321612	0.349807533	0.350567223	0.193784945	0.195072580	0.087310386	0.086327241	0.033251306	0.033410500	0.007713816	0.008300844
t#bar{t} btag_light down,	0.327561389	0.326321612	0.350667492	0.350567223	0.193558423	0.195072580	0.087214911	0.086327241	0.033247575	0.033410500	0.007750210	0.008300844
t#bar{t} csv_heavy down,	0.327085763	0.326321612	0.350130470	0.350567223	0.194780974	0.195072580	0.086708669	0.086327241	0.033345013	0.033410500	0.007949111	0.008300844
t#bar{t} csv_light down,	0.328247978	0.326321612	0.349705850	0.350567223	0.193868797	0.195072580	0.087365314	0.086327241	0.033232715	0.033410500	0.007579347	0.008300844
t#bar{t} tracking down,	0.326999508	0.326321612	0.350910760	0.350567223	0.193296142	0.195072580	0.087033231	0.086327241	0.033231530	0.033410500	0.008528829	0.008300844
t#bar{t} evtgen,	0.327134613	0.326321612	0.347624456	0.350567223	0.193674541	0.195072580	0.087017573	0.086327241	0.032815753	0.033410500	0.011733064	0.008300844
t#bar{t} m=171.5,	0.327653121	0.326321612	0.351191369	0.350567223	0.192822344	0.195072580	0.087378202	0.086327241	0.033240173	0.033410500	0.007714791	0.008300844
t#bar{t} m=173.5,	0.326402662	0.326321612	0.349348596	0.350567223	0.193913294	0.195072580	0.086616803	0.086327241	0.033126264	0.033410500	0.010592381	0.008300844
t#bar{t} Herwig++,	0.334577994	0.326321612	0.339617668	0.350567223	0.196457694	0.195072580	0.088943204	0.086327241	0.032836700	0.033410500	0.007566739	0.008300844
t#bar{t} isr up,	0.324367892	0.326321612	0.350853444	0.350567223	0.194014386	0.195072580	0.085919003	0.086327241	0.033015683	0.033410500	0.011829593	0.008300844
t#bar{t} isr dn,	0.326321857	0.326321612	0.352048120	0.350567223	0.191491834	0.195072580	0.087295008	0.086327241	0.033023191	0.033410500	0.009819990	0.008300844
t#bar{t} fsr up,	0.320522970	0.326321612	0.361486012	0.350567223	0.191478987	0.195072580	0.085664275	0.086327241	0.033905622	0.033410500	0.006942133	0.008300844
t#bar{t} fsr dn,	0.332172953	0.326321612	0.342032161	0.350567223	0.196576231	0.195072580	0.088233442	0.086327241	0.032834959	0.033410500	0.008150254	0.008300844
t#bar{t} hdamp up,	0.327444161	0.326321612	0.351600097	0.350567223	0.192216311	0.195072580	0.087351446	0.086327241	0.033248643	0.033410500	0.008139342	0.008300844
t#bar{t} hdamp dn,	0.324999451	0.326321612	0.352413639	0.350567223	0.194385697	0.195072580	0.086145755	0.086327241	0.033348934	0.033410500	0.008706523	0.008300844
t#bar{t} UEup,	0.325312002	0.326321612	0.351778879	0.350567223	0.195619016	0.195072580	0.085820992	0.086327241	0.033560845	0.033410500	0.007908266	0.008300844
t#bar{t} UEdn,	0.326712228	0.326321612	0.349286134	0.350567223	0.196929739	0.195072580	0.086018874	0.086327241	0.033516023	0.033410500	0.007537003	0.008300844
t#bar{t} cflip,	0.327333027	0.326321612	0.349806219	0.350567223	0.193716011	0.195072580	0.086936911	0.086327241	0.033165846	0.033410500	0.009041985	0.008300844
t#bar{t} ERDon,	0.327456387	0.326321612	0.350905280	0.350567223	0.192552614	0.195072580	0.087404740	0.086327241	0.033124599	0.033410500	0.008556380	0.008300844
t#bar{t} QCDbased,	0.324511024	0.326321612	0.351878735	0.350567223	0.196543023	0.195072580	0.085544179	0.086327241	0.033451896	0.033410500	0.008071141	0.008300844
t#bar{t} gluon move,	0.326537449	0.326321612	0.350983602	0.350567223	0.194925537	0.195072580	0.086468080	0.086327241	0.033429368	0.033410500	0.007655965	0.008300844
