t#bar{t},	0.295777771	0.333739546	0.282141046	0.253198217	0.183415947	0.166219732	0.108428926	0.104292916	0.062385302	0.064437113	0.034779728	0.038118223	0.018675664	0.021675179	0.009194989	0.011359785	0.003907153	0.005180512	0.001293473	0.001778778
t#bar{t} jec_CorrelationGroupMPFInSitu up,	0.333705934	0.333739546	0.253295751	0.253198217	0.166173374	0.166219732	0.104434029	0.104292916	0.064277768	0.064437113	0.038074251	0.038118223	0.021714708	0.021675179	0.011333345	0.011359785	0.005223109	0.005180512	0.001767731	0.001778778
t#bar{t} jec_RelativeFSR up,	0.333915267	0.333739546	0.253334556	0.253198217	0.166096172	0.166219732	0.104287171	0.104292916	0.064339326	0.064437113	0.038090520	0.038118223	0.021624304	0.021675179	0.011344765	0.011359785	0.005168250	0.005180512	0.001799669	0.001778778
t#bar{t} jec_CorrelationGroupUncorrelated up,	0.333838653	0.333739546	0.253295766	0.253198217	0.166151091	0.166219732	0.104304574	0.104292916	0.064327811	0.064437113	0.038127819	0.038118223	0.021651976	0.021675179	0.011348294	0.011359785	0.005170275	0.005180512	0.001783741	0.001778778
t#bar{t} jec_FlavorPureGluon up,	0.333843383	0.333739546	0.253124022	0.253198217	0.166206063	0.166219732	0.104445935	0.104292916	0.064279513	0.064437113	0.038150977	0.038118223	0.021673132	0.021675179	0.011304998	0.011359785	0.005191703	0.005180512	0.001780275	0.001778778
t#bar{t} jec_FlavorPureQuark up,	0.333836581	0.333739546	0.253289938	0.253198217	0.166191232	0.166219732	0.104303336	0.104292916	0.064362146	0.064437113	0.038012474	0.038118223	0.021661776	0.021675179	0.011338211	0.011359785	0.005200258	0.005180512	0.001804047	0.001778778
t#bar{t} jec_FlavorPureCharm up,	0.333769602	0.333739546	0.253271326	0.253198217	0.166116949	0.166219732	0.104461550	0.104292916	0.064316136	0.064437113	0.038115810	0.038118223	0.021673828	0.021675179	0.011298268	0.011359785	0.005185677	0.005180512	0.001790854	0.001778778
t#bar{t} jec_FlavorPureBottom up,	0.333751909	0.333739546	0.253334099	0.253198217	0.166296090	0.166219732	0.104331837	0.104292916	0.064247029	0.064437113	0.038084986	0.038118223	0.021674084	0.021675179	0.011330807	0.011359785	0.005184236	0.005180512	0.001764923	0.001778778
t#bar{t} jer up,	0.333734982	0.333739546	0.253280648	0.253198217	0.166241232	0.166219732	0.104413172	0.104292916	0.064285551	0.064437113	0.038074712	0.038118223	0.021684688	0.021675179	0.011325405	0.011359785	0.005179563	0.005180512	0.001780047	0.001778778
t#bar{t} btag_heavy up,	0.333591030	0.333739546	0.253564801	0.253198217	0.166123923	0.166219732	0.104434011	0.104292916	0.064246372	0.064437113	0.038078908	0.038118223	0.021663313	0.021675179	0.011318100	0.011359785	0.005208971	0.005180512	0.001770571	0.001778778
t#bar{t} btag_light up,	0.333683897	0.333739546	0.253407754	0.253198217	0.166171899	0.166219732	0.104353589	0.104292916	0.064266292	0.064437113	0.038136780	0.038118223	0.021687303	0.021675179	0.011322519	0.011359785	0.005203550	0.005180512	0.001766417	0.001778778
t#bar{t} csv_heavy up,	0.333636930	0.333739546	0.253356379	0.253198217	0.166231983	0.166219732	0.104415969	0.104292916	0.064250660	0.064437113	0.038120238	0.038118223	0.021667719	0.021675179	0.011307103	0.011359785	0.005241039	0.005180512	0.001771980	0.001778778
t#bar{t} csv_light up,	0.333858051	0.333739546	0.253428892	0.253198217	0.165990070	0.166219732	0.104375254	0.104292916	0.064258707	0.064437113	0.038086006	0.038118223	0.021700107	0.021675179	0.011293238	0.011359785	0.005222763	0.005180512	0.001786911	0.001778778
t#bar{t} tracking up,	0.333807776	0.333739546	0.253321668	0.253198217	0.166216546	0.166219732	0.104385538	0.104292916	0.064279437	0.064437113	0.038019488	0.038118223	0.021683211	0.021675179	0.011311750	0.011359785	0.005203416	0.005180512	0.001771171	0.001778778
t#bar{t} jec_CorrelationGroupMPFInSitu down,	0.333796215	0.333739546	0.253367964	0.253198217	0.166179541	0.166219732	0.104324311	0.104292916	0.064229097	0.064437113	0.038127977	0.038118223	0.021723962	0.021675179	0.011310971	0.011359785	0.005180529	0.005180512	0.001759433	0.001778778
t#bar{t} jec_RelativeFSR down,	0.333597452	0.333739546	0.253573826	0.253198217	0.166093506	0.166219732	0.104345452	0.104292916	0.064293506	0.064437113	0.038129154	0.038118223	0.021689575	0.021675179	0.011322688	0.011359785	0.005183301	0.005180512	0.001771540	0.001778778
t#bar{t} jec_CorrelationGroupUncorrelated down,	0.333594025	0.333739546	0.253489459	0.253198217	0.166269698	0.166219732	0.104255385	0.104292916	0.064246765	0.064437113	0.038073070	0.038118223	0.021680398	0.021675179	0.011363960	0.011359785	0.005230117	0.005180512	0.001797123	0.001778778
t#bar{t} jec_FlavorPureGluon down,	0.333826740	0.333739546	0.253340783	0.253198217	0.166240595	0.166219732	0.104263134	0.104292916	0.064245201	0.064437113	0.038099345	0.038118223	0.021677915	0.021675179	0.011329286	0.011359785	0.005198429	0.005180512	0.001778573	0.001778778
t#bar{t} jec_FlavorPureQuark down,	0.333879898	0.333739546	0.253288364	0.253198217	0.166044857	0.166219732	0.104383051	0.104292916	0.064315032	0.064437113	0.038036056	0.038118223	0.021690340	0.021675179	0.011387814	0.011359785	0.005201795	0.005180512	0.001772794	0.001778778
t#bar{t} jec_FlavorPureCharm down,	0.333686963	0.333739546	0.253297462	0.253198217	0.166336333	0.166219732	0.104297744	0.104292916	0.064291713	0.064437113	0.038059182	0.038118223	0.021720443	0.021675179	0.011331606	0.011359785	0.005211244	0.005180512	0.001767308	0.001778778
t#bar{t} jec_FlavorPureBottom down,	0.333791094	0.333739546	0.253363402	0.253198217	0.166207777	0.166219732	0.104260019	0.104292916	0.064310049	0.064437113	0.038012887	0.038118223	0.021741943	0.021675179	0.011332136	0.011359785	0.005199858	0.005180512	0.001780836	0.001778778
t#bar{t} jer down,	0.333639346	0.333739546	0.253480482	0.253198217	0.166272807	0.166219732	0.104315970	0.104292916	0.064273137	0.064437113	0.038054210	0.038118223	0.021670862	0.021675179	0.011330670	0.011359785	0.005197488	0.005180512	0.001765028	0.001778778
t#bar{t} btag_heavy down,	0.333627256	0.333739546	0.253330694	0.253198217	0.166227110	0.166219732	0.104452919	0.104292916	0.064277070	0.064437113	0.038152712	0.038118223	0.021683130	0.021675179	0.011279617	0.011359785	0.005191548	0.005180512	0.001777944	0.001778778
t#bar{t} btag_light down,	0.333597021	0.333739546	0.253264074	0.253198217	0.166365180	0.166219732	0.104301426	0.104292916	0.064284617	0.064437113	0.038172339	0.038118223	0.021713047	0.021675179	0.011328554	0.011359785	0.005189597	0.005180512	0.001784146	0.001778778
t#bar{t} csv_heavy down,	0.333464139	0.333739546	0.253449905	0.253198217	0.166253479	0.166219732	0.104284231	0.104292916	0.064365241	0.064437113	0.038141400	0.038118223	0.021743115	0.021675179	0.011318413	0.011359785	0.005217124	0.005180512	0.001762953	0.001778778
t#bar{t} csv_light down,	0.333567000	0.333739546	0.253374862	0.253198217	0.166330954	0.166219732	0.104414981	0.104292916	0.064276901	0.064437113	0.038121041	0.038118223	0.021633731	0.021675179	0.011323936	0.011359785	0.005190490	0.005180512	0.001766104	0.001778778
t#bar{t} tracking down,	0.333491795	0.333739546	0.253457002	0.253198217	0.166305962	0.166219732	0.104376229	0.104292916	0.064344017	0.064437113	0.038016329	0.038118223	0.021764750	0.021675179	0.011275142	0.011359785	0.005189267	0.005180512	0.001779508	0.001778778
t#bar{t} evtgen,	0.334863059	0.333739546	0.252483208	0.253198217	0.165215395	0.166219732	0.104360834	0.104292916	0.064235225	0.064437113	0.038300141	0.038118223	0.021769792	0.021675179	0.011915710	0.011359785	0.005096238	0.005180512	0.001760398	0.001778778
t#bar{t} m=171.5,	0.333758420	0.333739546	0.252491331	0.253198217	0.166447264	0.166219732	0.103869399	0.104292916	0.064785904	0.064437113	0.038184657	0.038118223	0.021778996	0.021675179	0.011582921	0.011359785	0.005263500	0.005180512	0.001837607	0.001778778
t#bar{t} m=173.5,	0.333754553	0.333739546	0.253431118	0.253198217	0.166425538	0.166219732	0.104514376	0.104292916	0.064686540	0.064437113	0.037741013	0.038118223	0.021584620	0.021675179	0.011006684	0.011359785	0.005047248	0.005180512	0.001808308	0.001778778
t#bar{t} isr up,	0.330197304	0.333739546	0.252898694	0.253198217	0.166825121	0.166219732	0.105651962	0.104292916	0.065110316	0.064437113	0.038830136	0.038118223	0.021907131	0.021675179	0.011499396	0.011359785	0.005313523	0.005180512	0.001766415	0.001778778
t#bar{t} isr dn,	0.336366016	0.333739546	0.253312614	0.253198217	0.165747522	0.166219732	0.103653138	0.104292916	0.063871887	0.064437113	0.037860722	0.038118223	0.021308066	0.021675179	0.011125769	0.011359785	0.005027643	0.005180512	0.001726624	0.001778778
t#bar{t} fsr up,	0.282463534	0.333739546	0.254110304	0.253198217	0.181513856	0.166219732	0.119550916	0.104292916	0.074870994	0.064437113	0.044086636	0.038118223	0.024361075	0.021675179	0.012079834	0.011359785	0.005135986	0.005180512	0.001826865	0.001778778
t#bar{t} fsr dn,	0.375086383	0.333739546	0.251275640	0.253198217	0.153084505	0.166219732	0.093112009	0.104292916	0.056499530	0.064437113	0.033860917	0.038118223	0.019656375	0.021675179	0.010627300	0.011359785	0.005012371	0.005180512	0.001784970	0.001778778
t#bar{t} hdamp up,	0.333968746	0.333739546	0.252366600	0.253198217	0.165972238	0.166219732	0.104341790	0.104292916	0.064239352	0.064437113	0.038437810	0.038118223	0.021857329	0.021675179	0.011502450	0.011359785	0.005302091	0.005180512	0.002011594	0.001778778
t#bar{t} hdamp dn,	0.334819519	0.333739546	0.252761675	0.253198217	0.165836144	0.166219732	0.105246516	0.104292916	0.063910084	0.064437113	0.038029024	0.038118223	0.021430118	0.021675179	0.011079628	0.011359785	0.005126950	0.005180512	0.001760342	0.001778778
t#bar{t} UEup,	0.332849965	0.333739546	0.252710583	0.253198217	0.166540108	0.166219732	0.104218352	0.104292916	0.064825122	0.064437113	0.038301912	0.038118223	0.021864337	0.021675179	0.011617472	0.011359785	0.005197806	0.005180512	0.001874342	0.001778778
t#bar{t} UEdn,	0.334767096	0.333739546	0.252690079	0.253198217	0.166409828	0.166219732	0.103677192	0.104292916	0.064432358	0.064437113	0.037720193	0.038118223	0.021874653	0.021675179	0.011413321	0.011359785	0.005105359	0.005180512	0.001909922	0.001778778
t#bar{t} ERDon,	0.324804494	0.333739546	0.252610861	0.253198217	0.168647289	0.166219732	0.107371285	0.104292916	0.066392301	0.064437113	0.039492288	0.038118223	0.022081947	0.021675179	0.011562728	0.011359785	0.005241367	0.005180512	0.001795441	0.001778778
t#bar{t} QCDbased,	0.334375067	0.333739546	0.250794572	0.253198217	0.165052799	0.166219732	0.104433566	0.104292916	0.064831218	0.064437113	0.039057242	0.038118223	0.022292202	0.021675179	0.011800433	0.011359785	0.005471843	0.005180512	0.001891058	0.001778778
t#bar{t} gluon move,	0.335405495	0.333739546	0.253671195	0.253198217	0.165069799	0.166219732	0.103737468	0.104292916	0.063925984	0.064437113	0.037977470	0.038118223	0.021852220	0.021675179	0.011376825	0.011359785	0.005185222	0.005180512	0.001798320	0.001778778
