t#bar{t},	0.324952448	0.314512739	0.243022426	0.302889788	0.181778933	0.140619601	0.059735308	0.108421437	0.148769412	0.067856967	-0.040535549	0.020776792	0.069315171	0.037522247	0.005188543	-0.001723009	-0.003706667	0.005890144	0.011479975	0.003233294
t#bar{t} jec_CorrelationGroupMPFInSitu up,	0.320185942	0.314512739	0.303550600	0.302889788	0.130612065	0.140619601	0.127699034	0.108421437	0.048898193	0.067856967	0.030347959	0.020776792	0.022899272	0.037522247	0.021736618	-0.001723009	-0.006603367	0.005890144	0.000673683	0.003233294
t#bar{t} jec_RelativeFSR up,	0.313109907	0.314512739	0.298757255	0.302889788	0.149730089	0.140619601	0.115991900	0.108421437	0.040152063	0.067856967	0.044327390	0.020776792	0.019559234	0.037522247	0.011996706	-0.001723009	0.001162630	0.005890144	0.005212825	0.003233294
t#bar{t} jec_CorrelationGroupUncorrelated up,	0.310104855	0.314512739	0.327625374	0.302889788	0.122759585	0.140619601	0.124980518	0.108421437	0.057030164	0.067856967	0.022950149	0.020776792	0.032911250	0.037522247	0.010031110	-0.001723009	-0.007156853	0.005890144	-0.001236152	0.003233294
t#bar{t} jec_FlavorPureGluon up,	0.303884467	0.314512739	0.335542668	0.302889788	0.126520267	0.140619601	0.082811735	0.108421437	0.111856535	0.067856967	-0.012509696	0.020776792	0.046671632	0.037522247	-0.005623540	-0.001723009	0.007486059	0.005890144	0.003359872	0.003233294
t#bar{t} jec_FlavorPureQuark up,	0.313967092	0.314512739	0.308882820	0.302889788	0.128128304	0.140619601	0.130078583	0.108421437	0.045220922	0.067856967	0.035583019	0.020776792	0.024099502	0.037522247	0.008560093	-0.001723009	0.005498158	0.005890144	-0.000018493	0.003233294
t#bar{t} jec_FlavorPureCharm up,	0.316130014	0.314512739	0.296656873	0.302889788	0.147231317	0.140619601	0.108468704	0.108421437	0.065901111	0.067856967	0.022826096	0.020776792	0.034517577	0.037522247	0.005643524	-0.001723009	-0.003113764	0.005890144	0.005738548	0.003233294
t#bar{t} jec_FlavorPureBottom up,	0.318784788	0.314512739	0.294433276	0.302889788	0.145427408	0.140619601	0.116258676	0.108421437	0.051031845	0.067856967	0.033372495	0.020776792	0.025191708	0.037522247	0.013432686	-0.001723009	-0.000762109	0.005890144	0.002829229	0.003233294
t#bar{t} jer up,	0.313437386	0.314512739	0.303000243	0.302889788	0.147086921	0.140619601	0.099096726	0.108421437	0.079545228	0.067856967	0.013430146	0.020776792	0.036822175	0.037522247	0.005773237	-0.001723009	0.002381788	0.005890144	-0.000573850	0.003233294
t#bar{t} btag_heavy up,	0.316954912	0.314512739	0.300767675	0.302889788	0.139125489	0.140619601	0.126927575	0.108421437	0.038787755	0.067856967	0.038668957	0.020776792	0.024379834	0.037522247	0.011354169	-0.001723009	0.000893872	0.005890144	0.002139762	0.003233294
t#bar{t} btag_light up,	0.312852067	0.314512739	0.307765533	0.302889788	0.135335941	0.140619601	0.119985448	0.108421437	0.059960994	0.067856967	0.025506539	0.020776792	0.027089964	0.037522247	0.013712765	-0.001723009	-0.003462365	0.005890144	0.001253114	0.003233294
t#bar{t} csv_heavy up,	0.320964908	0.314512739	0.299100780	0.302889788	0.139830084	0.140619601	0.110475410	0.108421437	0.059855660	0.067856967	0.033880819	0.020776792	0.017428644	0.037522247	0.018611875	-0.001723009	-0.003383007	0.005890144	0.003234827	0.003233294
t#bar{t} csv_light up,	0.314251873	0.314512739	0.302120427	0.302889788	0.134617653	0.140619601	0.133567380	0.108421437	0.042132800	0.067856967	0.034163600	0.020776792	0.026499667	0.037522247	0.010373012	-0.001723009	0.000521677	0.005890144	0.001751911	0.003233294
t#bar{t} tracking up,	0.314671667	0.314512739	0.309979340	0.302889788	0.128570065	0.140619601	0.126421816	0.108421437	0.051319498	0.067856967	0.033110754	0.020776792	0.025268545	0.037522247	0.014319329	-0.001723009	-0.004193771	0.005890144	0.000532757	0.003233294
t#bar{t} jec_CorrelationGroupMPFInSitu down,	0.317752530	0.314512739	0.298743100	0.302889788	0.144489839	0.140619601	0.109291968	0.108421437	0.058792549	0.067856967	0.030977375	0.020776792	0.030017214	0.037522247	0.010313416	-0.001723009	-0.002906940	0.005890144	0.002528948	0.003233294
t#bar{t} jec_RelativeFSR down,	0.311995364	0.314512739	0.312074166	0.302889788	0.131779409	0.140619601	0.125451890	0.108421437	0.050736549	0.067856967	0.032782076	0.020776792	0.027246903	0.037522247	0.009049972	-0.001723009	-0.001069846	0.005890144	-0.000046483	0.003233294
t#bar{t} jec_CorrelationGroupUncorrelated down,	0.313338725	0.314512739	0.309005518	0.302889788	0.121223759	0.140619601	0.152768659	0.108421437	0.018467277	0.067856967	0.054224422	0.020776792	0.016074626	0.037522247	0.023464567	-0.001723009	-0.011449861	0.005890144	0.002882307	0.003233294
t#bar{t} jec_FlavorPureGluon down,	0.306782674	0.314512739	0.309133476	0.302889788	0.137471548	0.140619601	0.110431410	0.108421437	0.076235980	0.067856967	0.015993628	0.020776792	0.025263824	0.037522247	0.014940711	-0.001723009	0.002027640	0.005890144	0.001719110	0.003233294
t#bar{t} jec_FlavorPureQuark down,	0.310487974	0.314512739	0.312436847	0.302889788	0.135544939	0.140619601	0.109860337	0.108421437	0.070901773	0.067856967	0.017061289	0.020776792	0.034020330	0.037522247	0.010410226	-0.001723009	-0.001729892	0.005890144	0.001006177	0.003233294
t#bar{t} jec_FlavorPureCharm down,	0.317797979	0.314512739	0.301587665	0.302889788	0.132519042	0.140619601	0.125523875	0.108421437	0.050032792	0.067856967	0.035654363	0.020776792	0.028101359	0.037522247	0.007222275	-0.001723009	-0.003058007	0.005890144	0.004618657	0.003233294
t#bar{t} jec_FlavorPureBottom down,	0.306562894	0.314512739	0.318637823	0.302889788	0.130164697	0.140619601	0.115416496	0.108421437	0.060403562	0.067856967	0.022806691	0.020776792	0.031868924	0.037522247	0.009147066	-0.001723009	0.000735822	0.005890144	0.004256026	0.003233294
t#bar{t} jer down,	0.313983534	0.314512739	0.301553560	0.302889788	0.146763073	0.140619601	0.107628768	0.108421437	0.062992050	0.067856967	0.027912651	0.020776792	0.025251149	0.037522247	0.010720919	-0.001723009	-0.000673374	0.005890144	0.003867671	0.003233294
t#bar{t} btag_heavy down,	0.315300841	0.314512739	0.299584121	0.302889788	0.147336454	0.140619601	0.106170860	0.108421437	0.061860790	0.067856967	0.030886634	0.020776792	0.026608427	0.037522247	0.012186594	-0.001723009	-0.004137912	0.005890144	0.004203192	0.003233294
t#bar{t} btag_light down,	0.312238370	0.314512739	0.301161947	0.302889788	0.148322561	0.140619601	0.120790868	0.108421437	0.042225494	0.067856967	0.036660526	0.020776792	0.025744981	0.037522247	0.015569031	-0.001723009	-0.007837863	0.005890144	0.005124085	0.003233294
t#bar{t} csv_heavy down,	0.316296320	0.314512739	0.300593536	0.302889788	0.144877076	0.140619601	0.111954536	0.108421437	0.057388657	0.067856967	0.035678391	0.020776792	0.020193675	0.037522247	0.014457602	-0.001723009	-0.003730785	0.005890144	0.002290993	0.003233294
t#bar{t} csv_light down,	0.309072302	0.314512739	0.318058483	0.302889788	0.123694108	0.140619601	0.127295939	0.108421437	0.046853083	0.067856967	0.034720059	0.020776792	0.025707969	0.037522247	0.010813492	-0.001723009	0.000055484	0.005890144	0.003729081	0.003233294
t#bar{t} tracking down,	0.312877148	0.314512739	0.298165491	0.302889788	0.149972025	0.140619601	0.112566063	0.108421437	0.056936415	0.067856967	0.029419855	0.020776792	0.030598443	0.037522247	0.010209913	-0.001723009	-0.005319739	0.005890144	0.004574387	0.003233294
t#bar{t} evtgen,	0.311502473	0.314512739	0.304225533	0.302889788	0.145466008	0.140619601	0.115141077	0.108421437	0.046150190	0.067856967	0.032180656	0.020776792	0.024936588	0.037522247	-0.000390532	-0.001723009	0.016346730	0.005890144	0.004441277	0.003233294
t#bar{t} m=171.5,	0.315394424	0.314512739	0.306429000	0.302889788	0.129333195	0.140619601	0.141637428	0.108421437	0.029334054	0.067856967	0.029982805	0.020776792	0.031542418	0.037522247	0.001972105	-0.001723009	0.014851170	0.005890144	-0.000476600	0.003233294
t#bar{t} m=173.5,	0.319090705	0.314512739	0.306923632	0.302889788	0.138528714	0.140619601	0.108312996	0.108421437	0.017945767	0.067856967	0.088557381	0.020776792	-0.014738252	0.037522247	0.013185014	-0.001723009	0.001586596	0.005890144	0.020607447	0.003233294
t#bar{t} isr up,	0.314840222	0.314512739	0.295901943	0.302889788	0.141000297	0.140619601	0.131610350	0.108421437	0.038065215	0.067856967	0.039425124	0.020776792	0.022853075	0.037522247	0.000329524	-0.001723009	0.022800457	0.005890144	-0.006826208	0.003233294
t#bar{t} isr dn,	0.307722959	0.314512739	0.303754406	0.302889788	0.156363948	0.140619601	0.097867056	0.108421437	0.058851413	0.067856967	0.032592125	0.020776792	0.030353087	0.037522247	0.000242516	-0.001723009	0.011050857	0.005890144	0.001201634	0.003233294
t#bar{t} fsr up,	0.358541449	0.314512739	0.273958162	0.302889788	0.155931430	0.140619601	0.070081415	0.108421437	0.079814012	0.067856967	0.009314262	0.020776792	0.039159612	0.037522247	0.004767102	-0.001723009	-0.000838407	0.005890144	0.009270964	0.003233294
t#bar{t} fsr dn,	0.256163138	0.314512739	0.351414998	0.302889788	0.140299953	0.140619601	0.127119013	0.108421437	0.052013551	0.067856967	0.038561128	0.020776792	0.016922189	0.037522247	0.005007191	-0.001723009	0.012020450	0.005890144	0.000478390	0.003233294
t#bar{t} hdamp up,	0.306992805	0.314512739	0.329506395	0.302889788	0.126943780	0.140619601	0.109602661	0.108421437	0.065838661	0.067856967	0.007889011	0.020776792	0.044330649	0.037522247	0.000406497	-0.001723009	0.015349769	0.005890144	-0.006860230	0.003233294
t#bar{t} hdamp dn,	0.322173894	0.314512739	0.277762818	0.302889788	0.186757713	0.140619601	0.087698884	0.108421437	0.065204023	0.067856967	0.011604173	0.020776792	0.038613709	0.037522247	0.014689569	-0.001723009	0.006230800	0.005890144	-0.010735583	0.003233294
t#bar{t} UEup,	0.314377491	0.314512739	0.294342767	0.302889788	0.132931216	0.140619601	0.161499473	0.108421437	0.007495979	0.067856967	0.054316586	0.020776792	0.016594766	0.037522247	0.006129258	-0.001723009	0.014780185	0.005890144	-0.002467721	0.003233294
t#bar{t} UEdn,	0.305186717	0.314512739	0.328694721	0.302889788	0.095662470	0.140619601	0.183888861	0.108421437	-0.011632339	0.067856967	0.060444751	0.020776792	0.024743779	0.037522247	0.015247986	-0.001723009	-0.012199105	0.005890144	0.009962159	0.003233294
t#bar{t} ERDon,	0.317694428	0.314512739	0.303318420	0.302889788	0.149927346	0.140619601	0.112040580	0.108421437	0.041360361	0.067856967	0.037474814	0.020776792	0.024151156	0.037522247	0.005829643	-0.001723009	0.013248598	0.005890144	-0.005045347	0.003233294
t#bar{t} QCDbased,	0.308444728	0.314512739	0.303580955	0.302889788	0.155364792	0.140619601	0.119059966	0.108421437	0.028760774	0.067856967	0.048153649	0.020776792	0.028719134	0.037522247	-0.007573196	-0.001723009	0.012217834	0.005890144	0.003271365	0.003233294
t#bar{t} gluon move,	0.323023468	0.314512739	0.265586497	0.302889788	0.179688039	0.140619601	0.037907274	0.108421437	0.129238823	0.067856967	-0.002818816	0.020776792	0.045744998	0.037522247	-0.006187653	-0.001723009	0.012732461	0.005890144	0.015084910	0.003233294
