t#bar{t},	0.501191647	0.481073523	0.326697067	0.328618644	0.118196856	0.126486089	0.039669553	0.045791815	0.011728459	0.014512725	0.002516418	0.003517204
t#bar{t} jec_CorrelationGroupMPFInSitu up,	0.481962196	0.481073523	0.328212646	0.328618644	0.125830272	0.126486089	0.045833388	0.045791815	0.014588794	0.014512725	0.003572703	0.003517204
t#bar{t} jec_RelativeFSR up,	0.481854725	0.481073523	0.328199519	0.328618644	0.126066978	0.126486089	0.045613656	0.045791815	0.014615952	0.014512725	0.003649170	0.003517204
t#bar{t} jec_CorrelationGroupUncorrelated up,	0.481046254	0.481073523	0.328271691	0.328618644	0.126592467	0.126486089	0.046083305	0.045791815	0.014615370	0.014512725	0.003390914	0.003517204
t#bar{t} jec_FlavorPureGluon up,	0.481066876	0.481073523	0.328388464	0.328618644	0.126798058	0.126486089	0.045514481	0.045791815	0.014614639	0.014512725	0.003617483	0.003517204
t#bar{t} jec_FlavorPureQuark up,	0.481794724	0.481073523	0.328406100	0.328618644	0.125827324	0.126486089	0.045600471	0.045791815	0.014773377	0.014512725	0.003598005	0.003517204
t#bar{t} jec_FlavorPureCharm up,	0.482162669	0.481073523	0.328248982	0.328618644	0.126068279	0.126486089	0.045303836	0.045791815	0.014549821	0.014512725	0.003666413	0.003517204
t#bar{t} jec_FlavorPureBottom up,	0.482302286	0.481073523	0.327740653	0.328618644	0.126366045	0.126486089	0.045323228	0.045791815	0.014698078	0.014512725	0.003569710	0.003517204
t#bar{t} jer up,	0.481704775	0.481073523	0.328612639	0.328618644	0.126234928	0.126486089	0.045365462	0.045791815	0.014581715	0.014512725	0.003500481	0.003517204
t#bar{t} btag_heavy up,	0.481114950	0.481073523	0.328469767	0.328618644	0.126419833	0.126486089	0.045560991	0.045791815	0.014799852	0.014512725	0.003634607	0.003517204
t#bar{t} btag_light up,	0.481803066	0.481073523	0.328188914	0.328618644	0.126210875	0.126486089	0.045654296	0.045791815	0.014553772	0.014512725	0.003589077	0.003517204
t#bar{t} csv_heavy up,	0.482867471	0.481073523	0.328018318	0.328618644	0.125531020	0.126486089	0.045255497	0.045791815	0.014682565	0.014512725	0.003645128	0.003517204
t#bar{t} csv_light up,	0.481749097	0.481073523	0.328463826	0.328618644	0.126083982	0.126486089	0.045691045	0.045791815	0.014550304	0.014512725	0.003461747	0.003517204
t#bar{t} tracking up,	0.481574952	0.481073523	0.328242902	0.328618644	0.126492121	0.126486089	0.045699179	0.045791815	0.014417031	0.014512725	0.003573815	0.003517204
t#bar{t} jec_CorrelationGroupMPFInSitu down,	0.481542575	0.481073523	0.328545243	0.328618644	0.125931287	0.126486089	0.045633276	0.045791815	0.014696699	0.014512725	0.003650921	0.003517204
t#bar{t} jec_RelativeFSR down,	0.481929552	0.481073523	0.328444879	0.328618644	0.125629072	0.126486089	0.045777709	0.045791815	0.014648004	0.014512725	0.003570784	0.003517204
t#bar{t} jec_CorrelationGroupUncorrelated down,	0.482177650	0.481073523	0.328661471	0.328618644	0.126049047	0.126486089	0.045325156	0.045791815	0.014381454	0.014512725	0.003405223	0.003517204
t#bar{t} jec_FlavorPureGluon down,	0.483188352	0.481073523	0.327170976	0.328618644	0.125683549	0.126486089	0.045852760	0.045791815	0.014472667	0.014512725	0.003631696	0.003517204
t#bar{t} jec_FlavorPureQuark down,	0.481323800	0.481073523	0.329774757	0.328618644	0.125531222	0.126486089	0.045483697	0.045791815	0.014434434	0.014512725	0.003452090	0.003517204
t#bar{t} jec_FlavorPureCharm down,	0.482127613	0.481073523	0.328287028	0.328618644	0.125984423	0.126486089	0.045638952	0.045791815	0.014458063	0.014512725	0.003503921	0.003517204
t#bar{t} jec_FlavorPureBottom down,	0.481657677	0.481073523	0.328480900	0.328618644	0.126054462	0.126486089	0.045795365	0.045791815	0.014477706	0.014512725	0.003533890	0.003517204
t#bar{t} jer down,	0.481031878	0.481073523	0.329124219	0.328618644	0.126099532	0.126486089	0.045558075	0.045791815	0.014645686	0.014512725	0.003540610	0.003517204
t#bar{t} btag_heavy down,	0.481929156	0.481073523	0.329032574	0.328618644	0.125523115	0.126486089	0.045384674	0.045791815	0.014590332	0.014512725	0.003540149	0.003517204
t#bar{t} btag_light down,	0.482308986	0.481073523	0.327885848	0.328618644	0.125714119	0.126486089	0.045907495	0.045791815	0.014687488	0.014512725	0.003496064	0.003517204
t#bar{t} csv_heavy down,	0.480306426	0.481073523	0.328595733	0.328618644	0.127031942	0.126486089	0.045888131	0.045791815	0.014606956	0.014512725	0.003570813	0.003517204
t#bar{t} csv_light down,	0.481744877	0.481073523	0.328461021	0.328618644	0.125929099	0.126486089	0.045670986	0.045791815	0.014617351	0.014512725	0.003576666	0.003517204
t#bar{t} tracking down,	0.481705108	0.481073523	0.328581560	0.328618644	0.125953074	0.126486089	0.045561493	0.045791815	0.014675606	0.014512725	0.003523160	0.003517204
t#bar{t} evtgen,	0.480018917	0.481073523	0.329435262	0.328618644	0.125765405	0.126486089	0.047097434	0.045791815	0.013830987	0.014512725	0.003851996	0.003517204
t#bar{t} m=171.5,	0.483999288	0.481073523	0.328721917	0.328618644	0.124712824	0.126486089	0.044818639	0.045791815	0.014462775	0.014512725	0.003284556	0.003517204
t#bar{t} m=173.5,	0.482106843	0.481073523	0.326596886	0.328618644	0.128262398	0.126486089	0.045784891	0.045791815	0.014079706	0.014512725	0.003169276	0.003517204
t#bar{t} isr up,	0.478419689	0.481073523	0.329603766	0.328618644	0.126995244	0.126486089	0.046690678	0.045791815	0.014558995	0.014512725	0.003731628	0.003517204
t#bar{t} isr dn,	0.481353816	0.481073523	0.328733735	0.328618644	0.125846624	0.126486089	0.046170236	0.045791815	0.014230466	0.014512725	0.003665122	0.003517204
t#bar{t} fsr up,	0.459705721	0.481073523	0.341007803	0.328618644	0.133998393	0.126486089	0.047680291	0.045791815	0.014352929	0.014512725	0.003254864	0.003517204
t#bar{t} fsr dn,	0.497950614	0.481073523	0.320296550	0.328618644	0.120233190	0.126486089	0.043951878	0.045791815	0.014157839	0.014512725	0.003409930	0.003517204
t#bar{t} hdamp up,	0.480118532	0.481073523	0.329555815	0.328618644	0.126927929	0.126486089	0.045004058	0.045791815	0.014709320	0.014512725	0.003684346	0.003517204
t#bar{t} hdamp dn,	0.482784667	0.481073523	0.329792214	0.328618644	0.124223145	0.126486089	0.045187185	0.045791815	0.014502192	0.014512725	0.003510597	0.003517204
t#bar{t} UEup,	0.480346743	0.481073523	0.329183933	0.328618644	0.125245645	0.126486089	0.047974285	0.045791815	0.013543358	0.014512725	0.003706036	0.003517204
t#bar{t} UEdn,	0.479327446	0.481073523	0.330887139	0.328618644	0.125923155	0.126486089	0.046219546	0.045791815	0.014052308	0.014512725	0.003590406	0.003517204
t#bar{t} ERDon,	0.479280452	0.481073523	0.329860258	0.328618644	0.125265301	0.126486089	0.047093852	0.045791815	0.015007884	0.014512725	0.003492252	0.003517204
t#bar{t} QCDbased,	0.481164836	0.481073523	0.326373816	0.328618644	0.126728356	0.126486089	0.046892225	0.045791815	0.015162565	0.014512725	0.003678202	0.003517204
t#bar{t} gluon move,	0.484998458	0.481073523	0.326926749	0.328618644	0.125619888	0.126486089	0.044232333	0.045791815	0.014409681	0.014512725	0.003812891	0.003517204
