t#bar{t},	0.294179867	0.291604427	0.273505174	0.275928417	0.183614880	0.184510990	0.119869534	0.118462252	0.078592717	0.079187549	0.050237827	0.050306364
t#bar{t} jec_CorrelationGroupMPFInSitu up,	0.292524949	0.291604427	0.274807746	0.275928417	0.184561527	0.184510990	0.118754008	0.118462252	0.078917758	0.079187549	0.050434013	0.050306364
t#bar{t} jec_RelativeFSR up,	0.292561963	0.291604427	0.274150298	0.275928417	0.185211671	0.184510990	0.118305493	0.118462252	0.079467186	0.079187549	0.050303388	0.050306364
t#bar{t} jec_CorrelationGroupUncorrelated up,	0.291798535	0.291604427	0.275747111	0.275928417	0.184339542	0.184510990	0.118749934	0.118462252	0.078916395	0.079187549	0.050448482	0.050306364
t#bar{t} jec_FlavorPureGluon up,	0.291922358	0.291604427	0.274769072	0.275928417	0.185672752	0.184510990	0.118080422	0.118462252	0.079126804	0.079187549	0.050428592	0.050306364
t#bar{t} jec_FlavorPureQuark up,	0.291952562	0.291604427	0.275462947	0.275928417	0.184518686	0.184510990	0.118749996	0.118462252	0.078686422	0.079187549	0.050629387	0.050306364
t#bar{t} jec_FlavorPureCharm up,	0.292250841	0.291604427	0.275099458	0.275928417	0.184624072	0.184510990	0.118956141	0.118462252	0.078414735	0.079187549	0.050654752	0.050306364
t#bar{t} jec_FlavorPureBottom up,	0.291423141	0.291604427	0.276172412	0.275928417	0.184460448	0.184510990	0.118636859	0.118462252	0.078852057	0.079187549	0.050455083	0.050306364
t#bar{t} jer up,	0.290044590	0.291604427	0.277026644	0.275928417	0.185521456	0.184510990	0.117749503	0.118462252	0.079287001	0.079187549	0.050370806	0.050306364
t#bar{t} btag_heavy up,	0.291114104	0.291604427	0.276212499	0.275928417	0.184852490	0.184510990	0.118369705	0.118462252	0.078943126	0.079187549	0.050508077	0.050306364
t#bar{t} btag_light up,	0.292526319	0.291604427	0.274007696	0.275928417	0.185591563	0.184510990	0.118484938	0.118462252	0.078866974	0.079187549	0.050522511	0.050306364
t#bar{t} csv_heavy up,	0.291468056	0.291604427	0.276092056	0.275928417	0.184409621	0.184510990	0.118805951	0.118462252	0.078715284	0.079187549	0.050509031	0.050306364
t#bar{t} csv_light up,	0.291840956	0.291604427	0.274836209	0.275928417	0.185548496	0.184510990	0.118311897	0.118462252	0.078869048	0.079187549	0.050593394	0.050306364
t#bar{t} tracking up,	0.291920235	0.291604427	0.275717489	0.275928417	0.184252734	0.184510990	0.119037906	0.118462252	0.078377680	0.079187549	0.050693955	0.050306364
t#bar{t} jec_CorrelationGroupMPFInSitu down,	0.290916981	0.291604427	0.276583171	0.275928417	0.184615040	0.184510990	0.118579645	0.118462252	0.078801079	0.079187549	0.050504086	0.050306364
t#bar{t} jec_RelativeFSR down,	0.291559724	0.291604427	0.275698517	0.275928417	0.184883388	0.184510990	0.118449304	0.118462252	0.078899392	0.079187549	0.050509675	0.050306364
t#bar{t} jec_CorrelationGroupUncorrelated down,	0.291877714	0.291604427	0.274630931	0.275928417	0.185928393	0.184510990	0.117946692	0.118462252	0.079019357	0.079187549	0.050596912	0.050306364
t#bar{t} jec_FlavorPureGluon down,	0.292347582	0.291604427	0.274394670	0.275928417	0.185145331	0.184510990	0.118553228	0.118462252	0.079274530	0.079187549	0.050284660	0.050306364
t#bar{t} jec_FlavorPureQuark down,	0.292027808	0.291604427	0.274747474	0.275928417	0.185396709	0.184510990	0.118151809	0.118462252	0.079149449	0.079187549	0.050526750	0.050306364
t#bar{t} jec_FlavorPureCharm down,	0.291730733	0.291604427	0.275746118	0.275928417	0.184497921	0.184510990	0.118854061	0.118462252	0.078502943	0.079187549	0.050668223	0.050306364
t#bar{t} jec_FlavorPureBottom down,	0.291005419	0.291604427	0.277167464	0.275928417	0.183603493	0.184510990	0.119018882	0.118462252	0.078665168	0.079187549	0.050539575	0.050306364
t#bar{t} jer down,	0.292281381	0.291604427	0.274482886	0.275928417	0.185165779	0.184510990	0.118526757	0.118462252	0.079182471	0.079187549	0.050360726	0.050306364
t#bar{t} btag_heavy down,	0.292483816	0.291604427	0.274645195	0.275928417	0.184790258	0.184510990	0.118956991	0.118462252	0.078561439	0.079187549	0.050562302	0.050306364
t#bar{t} btag_light down,	0.292050436	0.291604427	0.275611436	0.275928417	0.184213586	0.184510990	0.118826268	0.118462252	0.078668052	0.079187549	0.050630222	0.050306364
t#bar{t} csv_heavy down,	0.293358310	0.291604427	0.274624649	0.275928417	0.183517939	0.184510990	0.119399570	0.118462252	0.078451614	0.079187549	0.050647918	0.050306364
t#bar{t} csv_light down,	0.292086987	0.291604427	0.274648460	0.275928417	0.185523804	0.184510990	0.118180079	0.118462252	0.079064707	0.079187549	0.050495963	0.050306364
t#bar{t} tracking down,	0.292046914	0.291604427	0.275463778	0.275928417	0.184444159	0.184510990	0.119059891	0.118462252	0.078518172	0.079187549	0.050467086	0.050306364
t#bar{t} evtgen,	0.291490349	0.291604427	0.275898162	0.275928417	0.184481573	0.184510990	0.118417215	0.118462252	0.079451861	0.079187549	0.050260840	0.050306364
t#bar{t} m=171.5,	0.291743863	0.291604427	0.276714347	0.275928417	0.183236619	0.184510990	0.119112438	0.118462252	0.078649758	0.079187549	0.050542975	0.050306364
t#bar{t} m=173.5,	0.293801594	0.291604427	0.275125445	0.275928417	0.181995176	0.184510990	0.120651804	0.118462252	0.077854782	0.079187549	0.050571198	0.050306364
t#bar{t} Herwig++,	0.301172322	0.291604427	0.263620034	0.275928417	0.185489108	0.184510990	0.121349683	0.118462252	0.077767580	0.079187549	0.050601273	0.050306364
t#bar{t} isr up,	0.289629881	0.291604427	0.278282353	0.275928417	0.184614117	0.184510990	0.117678781	0.118462252	0.079461270	0.079187549	0.050333598	0.050306364
t#bar{t} isr dn,	0.290808275	0.291604427	0.276437628	0.275928417	0.185162790	0.184510990	0.117614201	0.118462252	0.079556134	0.079187549	0.050420972	0.050306364
t#bar{t} fsr up,	0.283472027	0.291604427	0.286684882	0.275928417	0.182784571	0.184510990	0.116846781	0.118462252	0.079768021	0.079187549	0.050443718	0.050306364
t#bar{t} fsr dn,	0.299686502	0.291604427	0.265023154	0.275928417	0.186014911	0.184510990	0.120106651	0.118462252	0.079056526	0.079187549	0.050112256	0.050306364
t#bar{t} hdamp up,	0.288956286	0.291604427	0.279751652	0.275928417	0.183658617	0.184510990	0.118124555	0.118462252	0.079014726	0.079187549	0.050494164	0.050306364
t#bar{t} hdamp dn,	0.292016856	0.291604427	0.274816479	0.275928417	0.185734249	0.184510990	0.116837539	0.118462252	0.080369902	0.079187549	0.050224975	0.050306364
t#bar{t} UEup,	0.292385839	0.291604427	0.274725065	0.275928417	0.184815866	0.184510990	0.118659233	0.118462252	0.078956463	0.079187549	0.050457535	0.050306364
t#bar{t} UEdn,	0.291459189	0.291604427	0.277732210	0.275928417	0.182140232	0.184510990	0.119236545	0.118462252	0.079250186	0.079187549	0.050181638	0.050306364
t#bar{t} pileup up,	0.292023089	0.291604427	0.275398100	0.275928417	0.184568499	0.184510990	0.118705241	0.118462252	0.078909234	0.079187549	0.050395838	0.050306364
t#bar{t} pileup down,	0.291132866	0.291604427	0.276523789	0.275928417	0.184453813	0.184510990	0.118159331	0.118462252	0.079530182	0.079187549	0.050200019	0.050306364
t#bar{t} trig efficiency correction up,	0.291171212	0.291604427	0.276593888	0.275928417	0.184373754	0.184510990	0.118477602	0.118462252	0.078866833	0.079187549	0.050516711	0.050306364
t#bar{t} trig efficiency correction down,	0.291179210	0.291604427	0.276582655	0.275928417	0.184374934	0.184510990	0.118483404	0.118462252	0.078862315	0.079187549	0.050517483	0.050306364
t#bar{t} sel efficiency correction up,	0.291169321	0.291604427	0.276594554	0.275928417	0.184374989	0.184510990	0.118471176	0.118462252	0.078878039	0.079187549	0.050511922	0.050306364
t#bar{t} sel efficiency correction down,	0.291181417	0.291604427	0.276581637	0.275928417	0.184373673	0.184510990	0.118489966	0.118462252	0.078850995	0.079187549	0.050522312	0.050306364
t#bar{t} b fragmentation up,	0.290828180	0.291604427	0.277547977	0.275928417	0.183593764	0.184510990	0.118804760	0.118462252	0.078708319	0.079187549	0.050516999	0.050306364
t#bar{t} b fragmentation down,	0.291565650	0.291604427	0.275844273	0.275928417	0.184775665	0.184510990	0.118374524	0.118462252	0.078931865	0.079187549	0.050508023	0.050306364
t#bar{t} Peterson Frag,	0.291210206	0.291604427	0.276636646	0.275928417	0.184225523	0.184510990	0.118616291	0.118462252	0.078801627	0.079187549	0.050509707	0.050306364
t#bar{t} semilep BR up,	0.291205677	0.291604427	0.276554698	0.275928417	0.184368971	0.184510990	0.118484735	0.118462252	0.078876264	0.079187549	0.050509654	0.050306364
t#bar{t} semilep BR down,	0.291152151	0.291604427	0.276603801	0.275928417	0.184392641	0.184510990	0.118467008	0.118462252	0.078863827	0.079187549	0.050520573	0.050306364
t#bar{t} ERDon,	0.292254482	0.291604427	0.275231706	0.275928417	0.184303458	0.184510990	0.118794569	0.118462252	0.079092293	0.079187549	0.050323492	0.050306364
t#bar{t} QCDbased,	0.293073048	0.291604427	0.273374564	0.275928417	0.185452383	0.184510990	0.118060104	0.118462252	0.080043863	0.079187549	0.049996038	0.050306364
t#bar{t} gluon move,	0.293031710	0.291604427	0.274318340	0.275928417	0.184369634	0.184510990	0.119002743	0.118462252	0.078667876	0.079187549	0.050609698	0.050306364
