t#bar{t} jec_CorrelationGroupMPFInSitu up,	0.056618584	0.056526892	0.056406017	0.056582720	0.056917218	0.056977877	0.056177512	0.056011167	0.054623889	0.054362659	0.051955372	0.052289773	0.051826448	0.051609655	0.050531245	0.050499902	0.048629588	0.048452128	0.048467865	0.048686297	0.048039257	0.047793169	0.046804421	0.047007904	0.046652735	0.046438015	0.046501615	0.046579067	0.046835698	0.046960484	0.047384955	0.047251985	0.046529419	0.046458186	0.045179767	0.045612247	0.045906121	0.045896246	0.048012273	0.048003627
t#bar{t} jec_RelativeFSR up,	0.056506608	0.056526892	0.056713738	0.056582720	0.056960970	0.056977877	0.056041836	0.056011167	0.054463734	0.054362659	0.052203371	0.052289773	0.051737437	0.051609655	0.050490182	0.050499902	0.048730909	0.048452128	0.048431620	0.048686297	0.047932550	0.047793169	0.047036640	0.047007904	0.046541539	0.046438015	0.046401433	0.046579067	0.047066937	0.046960484	0.047301823	0.047251985	0.046319537	0.046458186	0.045065381	0.045612247	0.046232663	0.045896246	0.047821092	0.048003627
t#bar{t} jec_CorrelationGroupUncorrelated up,	0.056504097	0.056526892	0.056430028	0.056582720	0.056960160	0.056977877	0.056428956	0.056011167	0.053987223	0.054362659	0.052608880	0.052289773	0.052023010	0.051609655	0.050226759	0.050499902	0.048607895	0.048452128	0.048629658	0.048686297	0.047673334	0.047793169	0.047082936	0.047007904	0.046589685	0.046438015	0.046250391	0.046579067	0.047182080	0.046960484	0.047156004	0.047251985	0.046022425	0.046458186	0.045621449	0.045612247	0.046353308	0.045896246	0.047661720	0.048003627
t#bar{t} jec_FlavorPureGluon up,	0.056514873	0.056526892	0.056694111	0.056582720	0.056900997	0.056977877	0.056107301	0.056011167	0.054395568	0.054362659	0.052269162	0.052289773	0.051866784	0.051609655	0.050449246	0.050499902	0.048513239	0.048452128	0.048684715	0.048686297	0.047793346	0.047793169	0.046988044	0.047007904	0.046518656	0.046438015	0.046535425	0.046579067	0.046870007	0.046960484	0.047421510	0.047251985	0.046222107	0.046458186	0.045250491	0.045612247	0.046164507	0.045896246	0.047839911	0.048003627
t#bar{t} jec_FlavorPureQuark up,	0.056532732	0.056526892	0.056545989	0.056582720	0.056955346	0.056977877	0.056200382	0.056011167	0.054403185	0.054362659	0.052190137	0.052289773	0.051897312	0.051609655	0.050467548	0.050499902	0.048540540	0.048452128	0.048602502	0.048686297	0.047866369	0.047793169	0.046964305	0.047007904	0.046507453	0.046438015	0.046527576	0.046579067	0.046997854	0.046960484	0.047222605	0.047251985	0.046407257	0.046458186	0.045185366	0.045612247	0.046107326	0.045896246	0.047878217	0.048003627
t#bar{t} jec_FlavorPureCharm up,	0.056496822	0.056526892	0.056724859	0.056582720	0.056948194	0.056977877	0.056065142	0.056011167	0.054362588	0.054362659	0.052315710	0.052289773	0.051828377	0.051609655	0.050460992	0.050499902	0.048530934	0.048452128	0.048685391	0.048686297	0.047731504	0.047793169	0.046998327	0.047007904	0.046633825	0.046438015	0.046455896	0.046579067	0.046925119	0.046960484	0.047379196	0.047251985	0.046317425	0.046458186	0.045154475	0.045612247	0.046067359	0.045896246	0.047917865	0.048003627
t#bar{t} jec_FlavorPureBottom up,	0.056571190	0.056526892	0.056554924	0.056582720	0.056898587	0.056977877	0.056275890	0.056011167	0.054408970	0.054362659	0.052259184	0.052289773	0.051617646	0.051609655	0.050534476	0.050499902	0.048448515	0.048452128	0.048613441	0.048686297	0.047922434	0.047793169	0.046944966	0.047007904	0.046417166	0.046438015	0.046630952	0.046579067	0.046961641	0.046960484	0.047208501	0.047251985	0.046617066	0.046458186	0.045200163	0.045612247	0.045868365	0.045896246	0.048045921	0.048003627
t#bar{t} jer up,	0.056494558	0.056526892	0.056682691	0.056582720	0.056940092	0.056977877	0.056328418	0.056011167	0.054259740	0.054362659	0.052353618	0.052289773	0.051794250	0.051609655	0.050475076	0.050499902	0.048542853	0.048452128	0.048562504	0.048686297	0.047923763	0.047793169	0.046917923	0.047007904	0.046487667	0.046438015	0.046551170	0.046579067	0.047020164	0.046960484	0.047198167	0.047251985	0.046520421	0.046458186	0.044991466	0.045612247	0.045976963	0.045896246	0.047978496	0.048003627
t#bar{t} btag_heavy up,	0.056557097	0.056526892	0.056567270	0.056582720	0.056985253	0.056977877	0.056041953	0.056011167	0.054403113	0.054362659	0.052306443	0.052289773	0.051694863	0.051609655	0.050498761	0.050499902	0.048490603	0.048452128	0.048611324	0.048686297	0.047957865	0.047793169	0.046815790	0.047007904	0.046662333	0.046438015	0.046465535	0.046579067	0.046942842	0.046960484	0.047349060	0.047251985	0.046420004	0.046458186	0.045266397	0.045612247	0.045966893	0.045896246	0.047996601	0.048003627
t#bar{t} btag_light up,	0.056532999	0.056526892	0.056553267	0.056582720	0.057007207	0.056977877	0.056117742	0.056011167	0.054258717	0.054362659	0.052399899	0.052289773	0.051893202	0.051609655	0.050443042	0.050499902	0.048461072	0.048452128	0.048717813	0.048686297	0.047759611	0.047793169	0.047061513	0.047007904	0.046400488	0.046438015	0.046628136	0.046579067	0.046894328	0.046960484	0.047305871	0.047251985	0.046447272	0.046458186	0.045165978	0.045612247	0.046017461	0.045896246	0.047934381	0.048003627
t#bar{t} csv_heavy up,	0.056533680	0.056526892	0.056686279	0.056582720	0.056970625	0.056977877	0.055737339	0.056011167	0.054548936	0.054362659	0.052184249	0.052289773	0.051943517	0.051609655	0.050483226	0.050499902	0.048561356	0.048452128	0.048602709	0.048686297	0.047891466	0.047793169	0.046987336	0.047007904	0.046460594	0.046438015	0.046565012	0.046579067	0.046880793	0.046960484	0.047358466	0.047251985	0.046738888	0.046458186	0.045016568	0.045612247	0.045704983	0.045896246	0.048143976	0.048003627
t#bar{t} csv_light up,	0.056509381	0.056526892	0.056599404	0.056582720	0.057006473	0.056977877	0.055986863	0.056011167	0.054340961	0.054362659	0.052282647	0.052289773	0.051790715	0.051609655	0.050505870	0.050499902	0.048438896	0.048452128	0.048662068	0.048686297	0.047765804	0.047793169	0.047113928	0.047007904	0.046367157	0.046438015	0.046545244	0.046579067	0.047160008	0.046960484	0.047032132	0.047251985	0.046534005	0.046458186	0.045406033	0.045612247	0.046054253	0.045896246	0.047898159	0.048003627
t#bar{t} tracking up,	0.056629132	0.056526892	0.056363093	0.056582720	0.057077980	0.056977877	0.055763869	0.056011167	0.054523133	0.054362659	0.052208743	0.052289773	0.051883074	0.051609655	0.050497173	0.050499902	0.048642528	0.048452128	0.048508844	0.048686297	0.048012935	0.047793169	0.046902408	0.047007904	0.046497065	0.046438015	0.046583519	0.046579067	0.046939567	0.046960484	0.047343920	0.047251985	0.046425071	0.046458186	0.045202020	0.045612247	0.046033225	0.045896246	0.047962701	0.048003627
t#bar{t} jec_CorrelationGroupMPFInSitu down,	0.056605012	0.056526892	0.056383199	0.056582720	0.056962732	0.056977877	0.056359017	0.056011167	0.054307884	0.054362659	0.052324038	0.052289773	0.051752281	0.051609655	0.050442198	0.050499902	0.048618391	0.048452128	0.048546403	0.048686297	0.047917352	0.047793169	0.046871214	0.047007904	0.046660876	0.046438015	0.046440903	0.046579067	0.046946685	0.046960484	0.047342919	0.047251985	0.046349485	0.046458186	0.045198936	0.045612247	0.046029849	0.045896246	0.047940627	0.048003627
t#bar{t} jec_RelativeFSR down,	0.056540745	0.056526892	0.056628840	0.056582720	0.056965087	0.056977877	0.056090349	0.056011167	0.054442574	0.054362659	0.052256147	0.052289773	0.051667765	0.051609655	0.050505030	0.050499902	0.048580627	0.048452128	0.048584194	0.048686297	0.047865664	0.047793169	0.047016747	0.047007904	0.046562931	0.046438015	0.046465205	0.046579067	0.046965411	0.046960484	0.047347104	0.047251985	0.046384408	0.046458186	0.045118857	0.045612247	0.046117493	0.045896246	0.047894822	0.048003627
t#bar{t} jec_CorrelationGroupUncorrelated down,	0.056587025	0.056526892	0.056434889	0.056582720	0.057114701	0.056977877	0.055832797	0.056011167	0.054362247	0.054362659	0.052417548	0.052289773	0.051544464	0.051609655	0.050532839	0.050499902	0.048428442	0.048452128	0.048756638	0.048686297	0.047789330	0.047793169	0.046976260	0.047007904	0.046562126	0.046438015	0.046476743	0.046579067	0.047099457	0.046960484	0.047148727	0.047251985	0.046589534	0.046458186	0.045361393	0.045612247	0.046056607	0.045896246	0.047928236	0.048003627
t#bar{t} jec_FlavorPureGluon down,	0.056470608	0.056526892	0.056814658	0.056582720	0.056742094	0.056977877	0.056494591	0.056011167	0.054337883	0.054362659	0.052227849	0.052289773	0.051808302	0.051609655	0.050471086	0.050499902	0.048409035	0.048452128	0.048641962	0.048686297	0.047891137	0.047793169	0.046896947	0.047007904	0.046500498	0.046438015	0.046402023	0.046579067	0.047183835	0.046960484	0.047126180	0.047251985	0.046227545	0.046458186	0.045347603	0.045612247	0.046222370	0.045896246	0.047783793	0.048003627
t#bar{t} jec_FlavorPureQuark down,	0.056513220	0.056526892	0.056559570	0.056582720	0.057144141	0.056977877	0.055859672	0.056011167	0.054204274	0.054362659	0.052568370	0.052289773	0.051816301	0.051609655	0.050409757	0.050499902	0.048516055	0.048452128	0.048704096	0.048686297	0.047748797	0.047793169	0.047029479	0.047007904	0.046648411	0.046438015	0.046435163	0.046579067	0.046910421	0.046960484	0.047430195	0.047251985	0.046353039	0.046458186	0.045161437	0.045612247	0.046030994	0.045896246	0.047956606	0.048003627
t#bar{t} jec_FlavorPureCharm down,	0.056612404	0.056526892	0.056371751	0.056582720	0.057161573	0.056977877	0.055729273	0.056011167	0.054425284	0.054362659	0.052335859	0.052289773	0.051917645	0.051609655	0.050494237	0.050499902	0.048486050	0.048452128	0.048673964	0.048686297	0.047897976	0.047793169	0.046891849	0.047007904	0.046650393	0.046438015	0.046454110	0.046579067	0.046974618	0.046960484	0.047368549	0.047251985	0.046541803	0.046458186	0.045051890	0.045612247	0.045930179	0.045896246	0.048030596	0.048003627
t#bar{t} jec_FlavorPureBottom down,	0.056497851	0.056526892	0.056768299	0.056582720	0.056838114	0.056977877	0.056563631	0.056011167	0.054306483	0.054362659	0.052342093	0.052289773	0.051479219	0.051609655	0.050545148	0.050499902	0.048414382	0.048452128	0.048602618	0.048686297	0.047979343	0.047793169	0.046925631	0.047007904	0.046289732	0.046438015	0.046796732	0.046579067	0.046796289	0.046960484	0.047371088	0.047251985	0.046386638	0.046458186	0.045110664	0.045612247	0.046102638	0.045896246	0.047883406	0.048003627
t#bar{t} jer down,	0.056572778	0.056526892	0.056423610	0.056582720	0.056979478	0.056977877	0.056134798	0.056011167	0.054361900	0.054362659	0.052255154	0.052289773	0.051838450	0.051609655	0.050451653	0.050499902	0.048588475	0.048452128	0.048581349	0.048686297	0.047808039	0.047793169	0.047022629	0.047007904	0.046603392	0.046438015	0.046338478	0.046579067	0.047088073	0.046960484	0.047284636	0.047251985	0.046199608	0.046458186	0.045474796	0.045612247	0.046162166	0.045896246	0.047830538	0.048003627
t#bar{t} btag_heavy down,	0.056454694	0.056526892	0.056753650	0.056582720	0.057089566	0.056977877	0.055942467	0.056011167	0.054234150	0.054362659	0.052555081	0.052289773	0.051682921	0.051609655	0.050385445	0.050499902	0.048783744	0.048452128	0.048445869	0.048686297	0.047935463	0.047793169	0.047027306	0.047007904	0.046473247	0.046438015	0.046542355	0.046579067	0.047027694	0.046960484	0.047282019	0.047251985	0.046327429	0.046458186	0.044986293	0.045612247	0.046212778	0.045896246	0.047857833	0.048003627
t#bar{t} btag_light down,	0.056479432	0.056526892	0.056705661	0.056582720	0.057082347	0.056977877	0.055770164	0.056011167	0.054344272	0.054362659	0.052431858	0.052289773	0.051932725	0.051609655	0.050474745	0.050499902	0.048392817	0.048452128	0.048606691	0.048686297	0.048124548	0.047793169	0.046663733	0.047007904	0.046667851	0.046438015	0.046440616	0.046579067	0.047135294	0.046960484	0.047160806	0.047251985	0.046517299	0.046458186	0.045073036	0.045612247	0.046053665	0.045896246	0.047942440	0.048003627
t#bar{t} csv_heavy down,	0.056447485	0.056526892	0.056818700	0.056582720	0.057032598	0.056977877	0.055699254	0.056011167	0.054429093	0.054362659	0.052331600	0.052289773	0.051751672	0.051609655	0.050477549	0.050499902	0.048598318	0.048452128	0.048544435	0.048686297	0.047864410	0.047793169	0.047035026	0.047007904	0.046440968	0.046438015	0.046615315	0.046579067	0.046983014	0.046960484	0.047182783	0.047251985	0.046534579	0.046458186	0.045216522	0.045612247	0.046111916	0.045896246	0.047884763	0.048003627
t#bar{t} csv_light down,	0.056586881	0.056526892	0.056508186	0.056582720	0.056950309	0.056977877	0.056124232	0.056011167	0.054444625	0.054362659	0.052230347	0.052289773	0.051609947	0.051609655	0.050500270	0.050499902	0.048594174	0.048452128	0.048556974	0.048686297	0.047919901	0.047793169	0.046965389	0.047007904	0.046445156	0.046438015	0.046600869	0.046579067	0.046912859	0.046960484	0.047355744	0.047251985	0.046269651	0.046458186	0.045416275	0.045612247	0.046110145	0.045896246	0.047898066	0.048003627
t#bar{t} tracking down,	0.056509161	0.056526892	0.056714750	0.056582720	0.056860627	0.056977877	0.056436565	0.056011167	0.054277540	0.054362659	0.052366982	0.052289773	0.051659385	0.051609655	0.050436313	0.050499902	0.048612178	0.048452128	0.048599515	0.048686297	0.047735688	0.047793169	0.047192711	0.047007904	0.046322315	0.046438015	0.046605686	0.046579067	0.046951449	0.046960484	0.047276852	0.047251985	0.046399908	0.046458186	0.045057754	0.045612247	0.046089570	0.045896246	0.047895052	0.048003627
t#bar{t} evtgen,	0.056735571	0.056526892	0.055726112	0.056582720	0.057320758	0.056977877	0.057151420	0.056011167	0.052731149	0.054362659	0.053884571	0.052289773	0.053914168	0.051609655	0.049861266	0.050499902	0.048126740	0.048452128	0.048801732	0.048686297	0.047283369	0.047793169	0.047721703	0.047007904	0.045564690	0.046438015	0.047462380	0.046579067	0.046192863	0.046960484	0.047621792	0.047251985	0.046349436	0.046458186	0.043451020	0.045612247	0.047260419	0.045896246	0.046838840	0.048003627
t#bar{t} m=171.5,	0.057266082	0.056526892	0.054999901	0.056582720	0.056648248	0.056977877	0.057554489	0.056011167	0.053928610	0.054362659	0.052687859	0.052289773	0.051247355	0.051609655	0.050255395	0.050499902	0.047959452	0.048452128	0.049085017	0.048686297	0.047745698	0.047793169	0.047357746	0.047007904	0.045296770	0.046438015	0.047096836	0.046579067	0.046870041	0.046960484	0.047008280	0.047251985	0.046452700	0.046458186	0.046728948	0.045612247	0.046196146	0.045896246	0.047614427	0.048003627
t#bar{t} m=173.5,	0.056654148	0.056526892	0.055417346	0.056582720	0.057765491	0.056977877	0.055472576	0.056011167	0.053530978	0.054362659	0.052923558	0.052289773	0.054181625	0.051609655	0.049868808	0.050499902	0.049061205	0.048452128	0.048235888	0.048686297	0.047895640	0.047793169	0.046967822	0.047007904	0.046394332	0.046438015	0.046847121	0.046579067	0.046322502	0.046960484	0.047779192	0.047251985	0.045429873	0.046458186	0.045096860	0.045612247	0.046899830	0.045896246	0.047255207	0.048003627
t#bar{t} Herwig++,	0.056082123	0.056526892	0.057530400	0.056582720	0.056786865	0.056977877	0.055604419	0.056011167	0.053478850	0.054362659	0.053302085	0.052289773	0.051407812	0.051609655	0.049704573	0.050499902	0.049718130	0.048452128	0.047952999	0.048686297	0.048058708	0.047793169	0.046974349	0.047007904	0.045794610	0.046438015	0.046705933	0.046579067	0.047190841	0.046960484	0.046976753	0.047251985	0.045699575	0.046458186	0.047225136	0.045612247	0.046230967	0.045896246	0.047574872	0.048003627
t#bar{t} isr up,	0.056389566	0.056526892	0.056930702	0.056582720	0.056944875	0.056977877	0.055715517	0.056011167	0.054014043	0.054362659	0.052732251	0.052289773	0.051635990	0.051609655	0.050158661	0.050499902	0.048697587	0.048452128	0.048667454	0.048686297	0.048342193	0.047793169	0.045491955	0.047007904	0.047639007	0.046438015	0.046238935	0.046579067	0.046640342	0.046960484	0.047562263	0.047251985	0.045969850	0.046458186	0.046261554	0.045612247	0.046221473	0.045896246	0.047745781	0.048003627
t#bar{t} isr dn,	0.056529068	0.056526892	0.056236824	0.056582720	0.057291893	0.056977877	0.056189059	0.056011167	0.054220302	0.054362659	0.052478345	0.052289773	0.050370874	0.051609655	0.050593667	0.050499902	0.048199624	0.048452128	0.049062523	0.048686297	0.047716663	0.047793169	0.046818116	0.047007904	0.046061322	0.046438015	0.046743590	0.046579067	0.048259575	0.046960484	0.045931934	0.047251985	0.047019517	0.046458186	0.046398614	0.045612247	0.046026400	0.045896246	0.047852091	0.048003627
t#bar{t} fsr up,	0.056290495	0.056526892	0.057111733	0.056582720	0.057209027	0.056977877	0.055264949	0.056011167	0.054115384	0.054362659	0.052876918	0.052289773	0.051293288	0.051609655	0.050423564	0.050499902	0.048414938	0.048452128	0.048694910	0.048686297	0.048608116	0.047793169	0.046527021	0.047007904	0.045160908	0.046438015	0.047978976	0.046579067	0.046253755	0.046960484	0.047551597	0.047251985	0.046079796	0.046458186	0.046189732	0.045612247	0.045996250	0.045896246	0.047958644	0.048003627
t#bar{t} fsr dn,	0.056893287	0.056526892	0.056003039	0.056582720	0.056693142	0.056977877	0.056092410	0.056011167	0.054879510	0.054362659	0.051621802	0.052289773	0.051458938	0.051609655	0.050445777	0.050499902	0.049202422	0.048452128	0.047977410	0.048686297	0.048347469	0.047793169	0.046892297	0.047007904	0.045393461	0.046438015	0.047246113	0.046579067	0.047426469	0.046960484	0.046321429	0.047251985	0.046781780	0.046458186	0.046362794	0.045612247	0.046439837	0.045896246	0.047520614	0.048003627
t#bar{t} hdamp up,	0.056383874	0.056526892	0.056974282	0.056582720	0.056432193	0.056977877	0.058108246	0.056011167	0.053656622	0.054362659	0.053092758	0.052289773	0.050838640	0.051609655	0.049853394	0.050499902	0.049387993	0.048452128	0.048521585	0.048686297	0.047366982	0.047793169	0.047506000	0.047007904	0.046216205	0.046438015	0.046264022	0.046579067	0.047150676	0.046960484	0.047417864	0.047251985	0.045793641	0.046458186	0.044959581	0.045612247	0.046688763	0.045896246	0.047386676	0.048003627
t#bar{t} hdamp dn,	0.055891681	0.056526892	0.058090615	0.056582720	0.056179677	0.056977877	0.057253107	0.056011167	0.054014035	0.054362659	0.052262273	0.052289773	0.051123052	0.051609655	0.050218593	0.050499902	0.049143485	0.048452128	0.048566149	0.048686297	0.046940542	0.047793169	0.047486872	0.047007904	0.046749894	0.046438015	0.045888941	0.046579067	0.047055018	0.046960484	0.047682003	0.047251985	0.045614429	0.046458186	0.046311370	0.045612247	0.045225499	0.045896246	0.048302764	0.048003627
t#bar{t} UEup,	0.056666045	0.056526892	0.056696374	0.056582720	0.056651654	0.056977877	0.057303012	0.056011167	0.053929718	0.054362659	0.053256932	0.052289773	0.049694707	0.051609655	0.050089377	0.050499902	0.050026313	0.048452128	0.047347891	0.048686297	0.048541025	0.047793169	0.046727568	0.047007904	0.047018663	0.046438015	0.046261885	0.046579067	0.046823995	0.046960484	0.047749024	0.047251985	0.045384567	0.046458186	0.045551501	0.045612247	0.046925882	0.045896246	0.047353865	0.048003627
t#bar{t} UEdn,	0.055731998	0.056526892	0.057957154	0.056582720	0.057147976	0.056977877	0.055188860	0.056011167	0.053345096	0.054362659	0.054049209	0.052289773	0.051789284	0.051609655	0.049261902	0.050499902	0.049548743	0.048452128	0.048370638	0.048686297	0.048116793	0.047793169	0.046671958	0.047007904	0.046622315	0.046438015	0.046055543	0.046579067	0.047731933	0.046960484	0.046934617	0.047251985	0.045699173	0.046458186	0.045704451	0.045612247	0.047074849	0.045896246	0.046997507	0.048003627
t#bar{t} cflip,	0.055869422	0.056526892	0.058108686	0.056582720	0.057666699	0.056977877	0.053504684	0.056011167	0.054540373	0.054362659	0.052543156	0.052289773	0.050401516	0.051609655	0.050091219	0.050499902	0.049996229	0.048452128	0.047362105	0.048686297	0.049277311	0.047793169	0.045443892	0.047007904	0.048114853	0.046438015	0.046488116	0.046579067	0.045084894	0.046960484	0.048894019	0.047251985	0.046407780	0.046458186	0.046572522	0.045612247	0.045450938	0.045896246	0.048181587	0.048003627
t#bar{t} ERDon,	0.056748387	0.056526892	0.055862645	0.056582720	0.057226640	0.056977877	0.055285044	0.056011167	0.054553282	0.054362659	0.052503321	0.052289773	0.049953331	0.051609655	0.050260698	0.050499902	0.049327967	0.048452128	0.048615769	0.048686297	0.047087084	0.047793169	0.047800445	0.047007904	0.046371506	0.046438015	0.046517172	0.046579067	0.046874071	0.046960484	0.047294773	0.047251985	0.045930688	0.046458186	0.047783548	0.045612247	0.046706334	0.045896246	0.047297294	0.048003627
t#bar{t} QCDbased,	0.056306639	0.056526892	0.057555388	0.056582720	0.057396466	0.056977877	0.054697326	0.056011167	0.054088095	0.054362659	0.053254620	0.052289773	0.051494001	0.051609655	0.050337371	0.050499902	0.048998808	0.048452128	0.048369334	0.048686297	0.047608707	0.047793169	0.047783028	0.047007904	0.046607490	0.046438015	0.045593186	0.046579067	0.048507039	0.046960484	0.046709835	0.047251985	0.046241673	0.046458186	0.043994148	0.045612247	0.046882147	0.045896246	0.047574698	0.048003627
t#bar{t} gluon move,	0.056128327	0.056526892	0.057564659	0.056582720	0.057049803	0.056977877	0.054710682	0.056011167	0.054413794	0.054362659	0.052846417	0.052289773	0.051471793	0.051609655	0.050023993	0.050499902	0.049090309	0.048452128	0.048952703	0.048686297	0.047155399	0.047793169	0.047428424	0.047007904	0.046210213	0.046438015	0.046424530	0.046579067	0.047582132	0.046960484	0.046931944	0.047251985	0.045678584	0.046458186	0.046069913	0.045612247	0.047106676	0.045896246	0.047159705	0.048003627
