t#bar{t} jec_CorrelationGroupMPFInSitu up,	0.060173385	0.059895204	0.059186993	0.059228475	0.058100727	0.058260525	0.056940088	0.057035314	0.055643310	0.055588156	0.052861330	0.053408794	0.052128574	0.052011155	0.050505552	0.050449540	0.049055190	0.048830133	0.048271172	0.048356130	0.046937115	0.046750255	0.045301222	0.045557520	0.045361485	0.045297718	0.045042305	0.045166368	0.045165231	0.045294326	0.046036003	0.045934224	0.046488807	0.046323566	0.045511003	0.045840706	0.045041507	0.044827673	0.046249000	0.045944217
t#bar{t} jec_RelativeFSR up,	0.059950964	0.059895204	0.059398743	0.059228475	0.058098744	0.058260525	0.056898346	0.057035314	0.055478586	0.055588156	0.053220903	0.053408794	0.051923130	0.052011155	0.050392922	0.050449540	0.049280702	0.048830133	0.048304450	0.048356130	0.046851551	0.046750255	0.045532824	0.045557520	0.045454219	0.045297718	0.045064585	0.045166368	0.045496205	0.045294326	0.046047798	0.045934224	0.046435245	0.046323566	0.045426380	0.045840706	0.045116040	0.044827673	0.045627664	0.045944217
t#bar{t} jec_CorrelationGroupUncorrelated up,	0.060155689	0.059895204	0.059216863	0.059228475	0.057861723	0.058260525	0.057001093	0.057035314	0.055031023	0.055588156	0.053687347	0.053408794	0.052244741	0.052011155	0.050201171	0.050449540	0.049233552	0.048830133	0.048644555	0.048356130	0.046803856	0.046750255	0.045600006	0.045557520	0.045218407	0.045297718	0.044786397	0.045166368	0.045567413	0.045294326	0.045950756	0.045934224	0.046021949	0.046323566	0.045763734	0.045840706	0.045241930	0.044827673	0.045767795	0.045944217
t#bar{t} jec_FlavorPureGluon up,	0.060051588	0.059895204	0.059260787	0.059228475	0.057687636	0.058260525	0.056740726	0.057035314	0.055611719	0.055588156	0.053591431	0.053408794	0.052116623	0.052011155	0.050391455	0.050449540	0.048899019	0.048830133	0.048575384	0.048356130	0.046972883	0.046750255	0.045639924	0.045557520	0.045265796	0.045297718	0.045027896	0.045166368	0.045018337	0.045294326	0.046004434	0.045934224	0.046328477	0.046323566	0.045640081	0.045840706	0.045184426	0.044827673	0.045991377	0.045944217
t#bar{t} jec_FlavorPureQuark up,	0.059970176	0.059895204	0.059215013	0.059228475	0.058250357	0.058260525	0.057165292	0.057035314	0.055459537	0.055588156	0.053242287	0.053408794	0.052231510	0.052011155	0.050510950	0.050449540	0.048982000	0.048830133	0.048248759	0.048356130	0.046748475	0.046750255	0.045419105	0.045557520	0.045297898	0.045297718	0.045092625	0.045166368	0.045322303	0.045294326	0.045909775	0.045934224	0.046410544	0.046323566	0.045531556	0.045840706	0.045153048	0.044827673	0.045838791	0.045944217
t#bar{t} jec_FlavorPureCharm up,	0.059831057	0.059895204	0.059417187	0.059228475	0.058263063	0.058260525	0.057018648	0.057035314	0.055430495	0.055588156	0.053386173	0.053408794	0.052219468	0.052011155	0.050597739	0.050449540	0.049035879	0.048830133	0.048420436	0.048356130	0.046647582	0.046750255	0.045419477	0.045557520	0.045446652	0.045297718	0.045144671	0.045166368	0.045293695	0.045294326	0.045993801	0.045934224	0.046269153	0.046323566	0.045316949	0.045840706	0.045011907	0.044827673	0.045835968	0.045944217
t#bar{t} jec_FlavorPureBottom up,	0.060005644	0.059895204	0.059211873	0.059228475	0.057911169	0.058260525	0.056987409	0.057035314	0.055472365	0.055588156	0.053357774	0.053408794	0.052121627	0.052011155	0.050575508	0.050449540	0.048855625	0.048830133	0.048271092	0.048356130	0.046965440	0.046750255	0.045566379	0.045557520	0.045280693	0.045297718	0.045193040	0.045166368	0.045247138	0.045294326	0.045834034	0.045934224	0.046518619	0.046323566	0.045544585	0.045840706	0.044932155	0.044827673	0.046147832	0.045944217
t#bar{t} jer up,	0.059815891	0.059895204	0.059219317	0.059228475	0.057975750	0.058260525	0.057173334	0.057035314	0.055410832	0.055588156	0.053467631	0.053408794	0.052255182	0.052011155	0.050564081	0.050449540	0.048985143	0.048830133	0.048261929	0.048356130	0.046823315	0.046750255	0.045292530	0.045557520	0.045228242	0.045297718	0.045081769	0.045166368	0.045346170	0.045294326	0.045910797	0.045934224	0.046656786	0.046323566	0.045445676	0.045840706	0.045131456	0.044827673	0.045954171	0.045944217
t#bar{t} btag_heavy up,	0.060221625	0.059895204	0.059313815	0.059228475	0.058139519	0.058260525	0.056851984	0.057035314	0.055490416	0.055588156	0.053432070	0.053408794	0.052034404	0.052011155	0.050402322	0.050449540	0.048861026	0.048830133	0.048283323	0.048356130	0.046889888	0.046750255	0.045315773	0.045557520	0.045445619	0.045297718	0.045043490	0.045166368	0.045292304	0.045294326	0.046046328	0.045934224	0.046423202	0.046323566	0.045602115	0.045840706	0.044974312	0.044827673	0.045936464	0.045944217
t#bar{t} btag_light up,	0.059817057	0.059895204	0.059093015	0.059228475	0.058183764	0.058260525	0.057012463	0.057035314	0.055280870	0.055588156	0.053418922	0.053408794	0.052273447	0.052011155	0.050514142	0.050449540	0.048993292	0.048830133	0.048466752	0.048356130	0.046684687	0.046750255	0.045528871	0.045557520	0.045295571	0.045297718	0.045310831	0.045166368	0.045163996	0.045294326	0.045910914	0.045934224	0.046474087	0.046323566	0.045545881	0.045840706	0.045122869	0.044827673	0.045908570	0.045944217
t#bar{t} csv_heavy up,	0.060225490	0.059895204	0.059495721	0.059228475	0.058105084	0.058260525	0.056512627	0.057035314	0.055565878	0.055588156	0.053176465	0.053408794	0.052091411	0.052011155	0.050356036	0.050449540	0.048905174	0.048830133	0.048185780	0.048356130	0.046785982	0.046750255	0.045408897	0.045557520	0.045321095	0.045297718	0.045225312	0.045166368	0.045379384	0.045294326	0.046157730	0.045934224	0.046797879	0.046323566	0.045300575	0.045840706	0.044781808	0.044827673	0.046221672	0.045944217
t#bar{t} csv_light up,	0.060018097	0.059895204	0.059400131	0.059228475	0.058053889	0.058260525	0.056866406	0.057035314	0.055491039	0.055588156	0.053325269	0.053408794	0.051933628	0.052011155	0.050337068	0.050449540	0.049084158	0.048830133	0.048480244	0.048356130	0.046555972	0.046750255	0.045336769	0.045557520	0.045179892	0.045297718	0.045318083	0.045166368	0.045658831	0.045294326	0.045784755	0.045934224	0.046421199	0.046323566	0.045649753	0.045840706	0.045061392	0.044827673	0.046043425	0.045944217
t#bar{t} tracking up,	0.060093079	0.059895204	0.059029037	0.059228475	0.058137170	0.058260525	0.056756483	0.057035314	0.055877367	0.055588156	0.053484585	0.053408794	0.052172805	0.052011155	0.050466628	0.050449540	0.049227885	0.048830133	0.048444454	0.048356130	0.046968317	0.046750255	0.045266347	0.045557520	0.045181274	0.045297718	0.045098670	0.045166368	0.045296782	0.045294326	0.045993706	0.045934224	0.046202962	0.046323566	0.045360851	0.045840706	0.044945005	0.044827673	0.045996593	0.045944217
t#bar{t} jec_CorrelationGroupMPFInSitu down,	0.060293602	0.059895204	0.059202781	0.059228475	0.058141854	0.058260525	0.057123950	0.057035314	0.055226851	0.055588156	0.053133497	0.053408794	0.051950701	0.052011155	0.050404256	0.050449540	0.049226659	0.048830133	0.048432830	0.048356130	0.046863107	0.046750255	0.045344497	0.045557520	0.045513563	0.045297718	0.045127924	0.045166368	0.045261504	0.045294326	0.045981678	0.045934224	0.046302055	0.046323566	0.045465543	0.045840706	0.045085305	0.044827673	0.045917845	0.045944217
t#bar{t} jec_RelativeFSR down,	0.060000405	0.059895204	0.059354429	0.059228475	0.058165516	0.058260525	0.056966170	0.057035314	0.055342707	0.055588156	0.053154194	0.053408794	0.051982810	0.052011155	0.050582153	0.050449540	0.048956334	0.048830133	0.048272351	0.048356130	0.046689620	0.046750255	0.045378749	0.045557520	0.045301871	0.045297718	0.045062298	0.045166368	0.045343112	0.045294326	0.046075814	0.045934224	0.046405114	0.046323566	0.045479318	0.045840706	0.045268931	0.044827673	0.046218104	0.045944217
t#bar{t} jec_CorrelationGroupUncorrelated down,	0.060137472	0.059895204	0.059259710	0.059228475	0.058679283	0.058260525	0.056986402	0.057035314	0.055501610	0.055588156	0.053455641	0.053408794	0.051979908	0.052011155	0.050622267	0.050449540	0.048763949	0.048830133	0.048358592	0.048356130	0.046675756	0.046750255	0.045452108	0.045557520	0.045145873	0.045297718	0.044813660	0.045166368	0.045296443	0.045294326	0.045884028	0.045934224	0.046449666	0.046323566	0.045442062	0.045840706	0.045070278	0.044827673	0.046025289	0.045944217
t#bar{t} jec_FlavorPureGluon down,	0.060054358	0.059895204	0.059486025	0.059228475	0.057907600	0.058260525	0.057327535	0.057035314	0.055441326	0.055588156	0.053249887	0.053408794	0.051997433	0.052011155	0.050277753	0.050449540	0.048726278	0.048830133	0.048356663	0.048356130	0.046834329	0.046750255	0.045408805	0.045557520	0.045314871	0.045297718	0.045092668	0.045166368	0.045692480	0.045294326	0.046046631	0.045934224	0.046372783	0.046323566	0.045651746	0.045840706	0.045114320	0.044827673	0.045646509	0.045944217
t#bar{t} jec_FlavorPureQuark down,	0.060177791	0.059895204	0.059369234	0.059228475	0.058155822	0.058260525	0.056670951	0.057035314	0.055211279	0.055588156	0.053610921	0.053408794	0.052100733	0.052011155	0.050339472	0.050449540	0.048924361	0.048830133	0.048397984	0.048356130	0.046594115	0.046750255	0.045385357	0.045557520	0.045429821	0.045297718	0.044995985	0.045166368	0.045148791	0.045294326	0.046058526	0.045934224	0.046388711	0.046323566	0.045583539	0.045840706	0.045170524	0.044827673	0.046286084	0.045944217
t#bar{t} jec_FlavorPureCharm down,	0.059984075	0.059895204	0.058962071	0.059228475	0.058299404	0.058260525	0.056657349	0.057035314	0.055508709	0.055588156	0.053350498	0.053408794	0.052222219	0.052011155	0.050496271	0.050449540	0.049022774	0.048830133	0.048479266	0.048356130	0.046791353	0.046750255	0.045261019	0.045557520	0.045369750	0.045297718	0.045046554	0.045166368	0.045324531	0.045294326	0.045984535	0.045934224	0.046441515	0.046323566	0.045436648	0.045840706	0.045131873	0.044827673	0.046229586	0.045944217
t#bar{t} jec_FlavorPureBottom down,	0.060066124	0.059895204	0.059495176	0.059228475	0.057806011	0.058260525	0.057230608	0.057035314	0.055412299	0.055588156	0.053461350	0.053408794	0.051877572	0.052011155	0.050552617	0.050449540	0.048907598	0.048830133	0.048298819	0.048356130	0.046793377	0.046750255	0.045364703	0.045557520	0.045191518	0.045297718	0.045469922	0.045166368	0.045249226	0.045294326	0.046060757	0.045934224	0.046346840	0.046323566	0.045421315	0.045840706	0.045101701	0.044827673	0.045892466	0.045944217
t#bar{t} jer down,	0.060261156	0.059895204	0.059295689	0.059228475	0.058179548	0.058260525	0.056968347	0.057035314	0.055303174	0.055588156	0.053175830	0.053408794	0.052174177	0.052011155	0.050513445	0.050449540	0.049046520	0.048830133	0.048310028	0.048356130	0.046706886	0.046750255	0.045410156	0.045557520	0.045354874	0.045297718	0.044908249	0.045166368	0.045492306	0.045294326	0.046094795	0.045934224	0.046210062	0.046323566	0.045653386	0.045840706	0.045158707	0.044827673	0.045782666	0.045944217
t#bar{t} btag_heavy down,	0.059755545	0.059895204	0.059331672	0.059228475	0.058133793	0.058260525	0.056921070	0.057035314	0.055524189	0.055588156	0.053744757	0.053408794	0.051883979	0.052011155	0.050244345	0.050449540	0.049141086	0.048830133	0.048138298	0.048356130	0.046786205	0.046750255	0.045358429	0.045557520	0.045306097	0.045297718	0.045157326	0.045166368	0.045361712	0.045294326	0.045954177	0.045934224	0.046442405	0.046323566	0.045464526	0.045840706	0.045356315	0.044827673	0.045994074	0.045944217
t#bar{t} btag_light down,	0.060137448	0.059895204	0.059500300	0.059228475	0.058359043	0.058260525	0.056744882	0.057035314	0.055428158	0.055588156	0.053432602	0.053408794	0.052177987	0.052011155	0.050420155	0.050449540	0.048859609	0.048830133	0.048362471	0.048356130	0.047011499	0.046750255	0.045041473	0.045557520	0.045403809	0.045297718	0.044948012	0.045166368	0.045406180	0.045294326	0.045856465	0.045934224	0.046534002	0.046323566	0.045376868	0.045840706	0.045031846	0.044827673	0.045967192	0.045944217
t#bar{t} csv_heavy down,	0.059820606	0.059895204	0.059430840	0.059228475	0.058097062	0.058260525	0.056535871	0.057035314	0.055676682	0.055588156	0.053475211	0.053408794	0.052035779	0.052011155	0.050398104	0.050449540	0.048820258	0.048830133	0.048131300	0.048356130	0.046826090	0.046750255	0.045707534	0.045557520	0.045530790	0.045297718	0.045465818	0.045166368	0.045270088	0.045294326	0.045846588	0.045934224	0.046439396	0.046323566	0.045502868	0.045840706	0.045087458	0.044827673	0.045901656	0.045944217
t#bar{t} csv_light down,	0.060220615	0.059895204	0.059360587	0.059228475	0.058124318	0.058260525	0.056969714	0.057035314	0.055475600	0.055588156	0.053268611	0.053408794	0.051993173	0.052011155	0.050484282	0.050449540	0.049013724	0.048830133	0.048280792	0.048356130	0.046824268	0.046750255	0.045430382	0.045557520	0.045125607	0.045297718	0.045158237	0.045166368	0.045217980	0.045294326	0.046072409	0.045934224	0.046320156	0.046323566	0.045696200	0.045840706	0.045091098	0.044827673	0.045872245	0.045944217
t#bar{t} tracking down,	0.060039881	0.059895204	0.059483494	0.059228475	0.057906889	0.058260525	0.057163612	0.057035314	0.055348803	0.055588156	0.053516139	0.053408794	0.052106682	0.052011155	0.050462012	0.050449540	0.048945045	0.048830133	0.048201407	0.048356130	0.046517479	0.046750255	0.045589291	0.045557520	0.045072046	0.045297718	0.045205448	0.045166368	0.045314804	0.045294326	0.045993097	0.045934224	0.046435178	0.046323566	0.045375708	0.045840706	0.045223852	0.044827673	0.046099132	0.045944217
t#bar{t} evtgen,	0.060085215	0.059895204	0.058210183	0.059228475	0.059025628	0.058260525	0.057676077	0.057035314	0.053658385	0.055588156	0.054288172	0.053408794	0.053797327	0.052011155	0.050192386	0.050449540	0.048490723	0.048830133	0.048726982	0.048356130	0.045267689	0.046750255	0.046672923	0.045557520	0.044296606	0.045297718	0.046389409	0.045166368	0.044994035	0.045294326	0.045805796	0.045934224	0.047232579	0.046323566	0.044680868	0.045840706	0.045614198	0.044827673	0.044894818	0.045944217
t#bar{t} m=171.5,	0.059459291	0.059895204	0.057128812	0.059228475	0.057931081	0.058260525	0.058965999	0.057035314	0.055075136	0.055588156	0.054136307	0.053408794	0.051897706	0.052011155	0.051102184	0.050449540	0.048804745	0.048830133	0.049146239	0.048356130	0.046176154	0.046750255	0.045040259	0.045557520	0.043400286	0.045297718	0.045109848	0.045166368	0.045603074	0.045294326	0.046500652	0.045934224	0.046261816	0.046323566	0.046647333	0.045840706	0.045060606	0.044827673	0.046552471	0.045944217
t#bar{t} m=173.5,	0.060415533	0.059895204	0.057719706	0.059228475	0.060019792	0.058260525	0.057950072	0.057035314	0.055879414	0.055588156	0.053736102	0.053408794	0.052149170	0.052011155	0.047561881	0.050449540	0.047707025	0.048830133	0.046784746	0.048356130	0.046726776	0.046750255	0.045934252	0.045557520	0.045941724	0.045297718	0.047100883	0.045166368	0.046040744	0.045294326	0.047289248	0.045934224	0.045264801	0.046323566	0.044967566	0.045840706	0.045489170	0.044827673	0.045321391	0.045944217
t#bar{t} Herwig++,	0.056045538	0.059895204	0.056942321	0.059228475	0.055409449	0.058260525	0.053949182	0.057035314	0.052499944	0.055588156	0.052231664	0.053408794	0.050060274	0.052011155	0.048477263	0.050449540	0.049461151	0.048830133	0.048546964	0.048356130	0.049032560	0.046750255	0.047957536	0.045557520	0.046612184	0.045297718	0.047004877	0.045166368	0.046763234	0.045294326	0.046715430	0.045934224	0.047214365	0.046323566	0.048893881	0.045840706	0.047764429	0.044827673	0.048417751	0.045944217
t#bar{t} isr up,	0.059030092	0.059895204	0.058791493	0.059228475	0.058269447	0.058260525	0.057372779	0.057035314	0.056102355	0.055588156	0.054150380	0.053408794	0.052054433	0.052011155	0.049978971	0.050449540	0.049003478	0.048830133	0.048299077	0.048356130	0.047306771	0.046750255	0.044597386	0.045557520	0.046815807	0.045297718	0.045821777	0.045166368	0.044813962	0.045294326	0.045885572	0.045934224	0.044971807	0.046323566	0.045937291	0.045840706	0.044988335	0.044827673	0.045808789	0.045944217
t#bar{t} isr dn,	0.060450616	0.059895204	0.059453402	0.059228475	0.059393863	0.058260525	0.057045780	0.057035314	0.054993850	0.055588156	0.053046302	0.053408794	0.051533258	0.052011155	0.051396711	0.050449540	0.048271364	0.048830133	0.048293740	0.048356130	0.046342718	0.046750255	0.045420975	0.045557520	0.046146266	0.045297718	0.046006085	0.045166368	0.046545489	0.045294326	0.043747136	0.045934224	0.045625451	0.046323566	0.045556041	0.045840706	0.044633425	0.044827673	0.046097526	0.045944217
t#bar{t} fsr up,	0.059470064	0.059895204	0.059385984	0.059228475	0.058069492	0.058260525	0.056645077	0.057035314	0.055920029	0.055588156	0.054411354	0.053408794	0.051782826	0.052011155	0.050378984	0.050449540	0.047933539	0.048830133	0.047807586	0.048356130	0.047657134	0.046750255	0.045923776	0.045557520	0.044662302	0.045297718	0.047272309	0.045166368	0.044744850	0.045294326	0.045842133	0.045934224	0.046105470	0.046323566	0.046008836	0.045840706	0.044843957	0.044827673	0.045134298	0.045944217
t#bar{t} fsr dn,	0.060852711	0.059895204	0.059093664	0.059228475	0.057970238	0.058260525	0.056407086	0.057035314	0.055543238	0.055588156	0.052351950	0.053408794	0.051884699	0.052011155	0.050566586	0.050449540	0.048467128	0.048830133	0.046891831	0.048356130	0.047454793	0.046750255	0.046028459	0.045557520	0.044751644	0.045297718	0.046584380	0.045166368	0.046999855	0.045294326	0.045626041	0.045934224	0.045775697	0.046323566	0.045028376	0.045840706	0.045216579	0.044827673	0.046505047	0.045944217
t#bar{t} hdamp up,	0.059701511	0.059895204	0.059548757	0.059228475	0.056836965	0.058260525	0.057590109	0.057035314	0.054003270	0.055588156	0.053738148	0.053408794	0.051689683	0.052011155	0.050729313	0.050449540	0.049493280	0.048830133	0.047136981	0.048356130	0.046136196	0.046750255	0.046784843	0.045557520	0.046553853	0.045297718	0.045492841	0.045166368	0.045006358	0.045294326	0.045089832	0.045934224	0.046375828	0.046323566	0.045966581	0.045840706	0.046706636	0.044827673	0.045419013	0.045944217
t#bar{t} hdamp dn,	0.059697647	0.059895204	0.060971675	0.059228475	0.057197454	0.058260525	0.057811091	0.057035314	0.054945889	0.055588156	0.053489510	0.053408794	0.052050175	0.052011155	0.050643882	0.050449540	0.049081204	0.048830133	0.048192047	0.048356130	0.046025839	0.046750255	0.046536341	0.045557520	0.045589532	0.045297718	0.044399495	0.045166368	0.045319991	0.045294326	0.046016193	0.045934224	0.044548415	0.046323566	0.045750429	0.045840706	0.044391909	0.044827673	0.047341283	0.045944217
t#bar{t} UEup,	0.060819328	0.059895204	0.059609812	0.059228475	0.057692873	0.058260525	0.057558290	0.057035314	0.054467385	0.055588156	0.053700485	0.053408794	0.050124034	0.052011155	0.050178447	0.050449540	0.049805876	0.048830133	0.046671077	0.048356130	0.047149399	0.046750255	0.045390916	0.045557520	0.046083435	0.045297718	0.045414318	0.045166368	0.045902595	0.045294326	0.046487980	0.045934224	0.044882738	0.046323566	0.045027995	0.045840706	0.046432812	0.044827673	0.046600205	0.045944217
t#bar{t} UEdn,	0.059685674	0.059895204	0.061603094	0.059228475	0.059290677	0.058260525	0.057152899	0.057035314	0.055184997	0.055588156	0.055314673	0.053408794	0.051716429	0.052011155	0.048400880	0.050449540	0.048927645	0.048830133	0.047329967	0.048356130	0.046551336	0.046750255	0.045169424	0.045557520	0.045493861	0.045297718	0.044452329	0.045166368	0.045288152	0.045294326	0.045546325	0.045934224	0.045405166	0.046323566	0.045882848	0.045840706	0.046194490	0.044827673	0.045409135	0.045944217
t#bar{t} cflip,	0.049560703	0.059895204	0.051475274	0.059228475	0.050812324	0.058260525	0.048898471	0.057035314	0.051003076	0.055588156	0.051142017	0.053408794	0.049064822	0.052011155	0.049071806	0.050449540	0.048985346	0.048830133	0.046961178	0.048356130	0.050231485	0.046750255	0.047234960	0.045557520	0.050992221	0.045297718	0.049887873	0.045166368	0.047429099	0.045294326	0.051923893	0.045934224	0.050627117	0.046323566	0.051604147	0.045840706	0.050379312	0.044827673	0.052714875	0.045944217
t#bar{t} ERDon,	0.058438441	0.059895204	0.056884548	0.059228475	0.057244872	0.058260525	0.055476788	0.057035314	0.055692828	0.055588156	0.053935303	0.053408794	0.050965729	0.052011155	0.050325056	0.050449540	0.048735844	0.048830133	0.047542024	0.048356130	0.046296744	0.046750255	0.047325286	0.045557520	0.046333492	0.045297718	0.046708098	0.045166368	0.047046117	0.045294326	0.047210082	0.045934224	0.045008868	0.046323566	0.046619620	0.045840706	0.045808693	0.044827673	0.046401568	0.045944217
t#bar{t} QCDbased,	0.056610338	0.059895204	0.057406295	0.059228475	0.056486282	0.058260525	0.053166237	0.057035314	0.052482344	0.055588156	0.051812710	0.053408794	0.051798313	0.052011155	0.050412152	0.050449540	0.048293960	0.048830133	0.047311383	0.048356130	0.047790781	0.046750255	0.048264940	0.045557520	0.046277121	0.045297718	0.044834200	0.045166368	0.047673159	0.045294326	0.047144308	0.045934224	0.049143744	0.046323566	0.047167275	0.045840706	0.048403055	0.044827673	0.047521404	0.045944217
t#bar{t} gluon move,	0.058443563	0.059895204	0.059671273	0.059228475	0.058527904	0.058260525	0.055862828	0.057035314	0.055226389	0.055588156	0.053531547	0.053408794	0.052005600	0.052011155	0.049712856	0.050449540	0.048118159	0.048830133	0.048013649	0.048356130	0.046433480	0.046750255	0.047395235	0.045557520	0.046233247	0.045297718	0.045886271	0.045166368	0.046074859	0.045294326	0.045617124	0.045934224	0.045158787	0.046323566	0.045722845	0.045840706	0.046379916	0.044827673	0.045984466	0.045944217
