t#bar{t},	0.173889748	0.174486394	0.166336017	0.165378340	0.156133754	0.157382732	0.156472334	0.155093291	0.169250686	0.169718441	0.177917461	0.177940800
t#bar{t} jec_CorrelationGroupMPFInSitu up,	0.174249711	0.174486394	0.165728277	0.165378340	0.157132941	0.157382732	0.155345916	0.155093291	0.169543438	0.169718441	0.177999717	0.177940800
t#bar{t} jec_RelativeFSR up,	0.173475833	0.174486394	0.166888554	0.165378340	0.157018970	0.157382732	0.154897711	0.155093291	0.169586995	0.169718441	0.178131937	0.177940800
t#bar{t} jec_CorrelationGroupUncorrelated up,	0.174297763	0.174486394	0.165685547	0.165378340	0.156916180	0.157382732	0.155768818	0.155093291	0.169382734	0.169718441	0.177948958	0.177940800
t#bar{t} jec_FlavorPureGluon up,	0.174228984	0.174486394	0.165700472	0.165378340	0.156934408	0.157382732	0.155349856	0.155093291	0.170054291	0.169718441	0.177731988	0.177940800
t#bar{t} jec_FlavorPureQuark up,	0.174139451	0.174486394	0.165860663	0.165378340	0.157051775	0.157382732	0.155360992	0.155093291	0.169654386	0.169718441	0.177932732	0.177940800
t#bar{t} jec_FlavorPureCharm up,	0.174660907	0.174486394	0.165258767	0.165378340	0.157617983	0.157382732	0.155320229	0.155093291	0.168739320	0.169718441	0.178402795	0.177940800
t#bar{t} jec_FlavorPureBottom up,	0.174625709	0.174486394	0.165208992	0.165378340	0.157309647	0.157382732	0.155726772	0.155093291	0.168983100	0.169718441	0.178145779	0.177940800
t#bar{t} jer up,	0.174319648	0.174486394	0.165637316	0.165378340	0.157598759	0.157382732	0.154721945	0.155093291	0.169605154	0.169718441	0.178117177	0.177940800
t#bar{t} btag_heavy up,	0.174695065	0.174486394	0.165022018	0.165378340	0.157066004	0.157382732	0.155457970	0.155093291	0.170138299	0.169718441	0.177620644	0.177940800
t#bar{t} btag_light up,	0.174612614	0.174486394	0.165194553	0.165378340	0.157301843	0.157382732	0.155366119	0.155093291	0.169554115	0.169718441	0.177970756	0.177940800
t#bar{t} csv_heavy up,	0.174343856	0.174486394	0.165673759	0.165378340	0.157350319	0.157382732	0.155526530	0.155093291	0.168742744	0.169718441	0.178362791	0.177940800
t#bar{t} csv_light up,	0.174269415	0.174486394	0.165780668	0.165378340	0.157133526	0.157382732	0.155625243	0.155093291	0.168982892	0.169718441	0.178208255	0.177940800
t#bar{t} tracking up,	0.174366084	0.174486394	0.165549173	0.165378340	0.157061325	0.157382732	0.155246104	0.155093291	0.170018469	0.169718441	0.177758846	0.177940800
t#bar{t} jec_CorrelationGroupMPFInSitu down,	0.174141567	0.174486394	0.165991327	0.165378340	0.157429015	0.157382732	0.155261674	0.155093291	0.168762266	0.169718441	0.178414151	0.177940800
t#bar{t} jec_RelativeFSR down,	0.174334643	0.174486394	0.165621646	0.165378340	0.157089664	0.157382732	0.155644952	0.155093291	0.169244116	0.169718441	0.178064979	0.177940800
t#bar{t} jec_CorrelationGroupUncorrelated down,	0.174314250	0.174486394	0.165699954	0.165378340	0.157414292	0.157382732	0.155333734	0.155093291	0.168937514	0.169718441	0.178300258	0.177940800
t#bar{t} jec_FlavorPureGluon down,	0.174570805	0.174486394	0.165315022	0.165378340	0.157393037	0.157382732	0.155524395	0.155093291	0.168974344	0.169718441	0.178222397	0.177940800
t#bar{t} jec_FlavorPureQuark down,	0.174381467	0.174486394	0.165581574	0.165378340	0.157400704	0.157382732	0.155278109	0.155093291	0.169153955	0.169718441	0.178204191	0.177940800
t#bar{t} jec_FlavorPureCharm down,	0.174754271	0.174486394	0.165062576	0.165378340	0.157450136	0.157382732	0.155623286	0.155093291	0.168870094	0.169718441	0.178239636	0.177940800
t#bar{t} jec_FlavorPureBottom down,	0.174044891	0.174486394	0.166156500	0.165378340	0.157107217	0.157382732	0.155769813	0.155093291	0.168487246	0.169718441	0.178434332	0.177940800
t#bar{t} jer down,	0.174287032	0.174486394	0.165680287	0.165378340	0.157002967	0.157382732	0.155557702	0.155093291	0.169552843	0.169718441	0.177919169	0.177940800
t#bar{t} btag_heavy down,	0.173900271	0.174486394	0.166317654	0.165378340	0.157547797	0.157382732	0.154636701	0.155093291	0.169228605	0.169718441	0.178368971	0.177940800
t#bar{t} btag_light down,	0.174551953	0.174486394	0.165346613	0.165378340	0.157705215	0.157382732	0.154948830	0.155093291	0.169158117	0.169718441	0.178289273	0.177940800
t#bar{t} csv_heavy down,	0.173631758	0.174486394	0.166656791	0.165378340	0.156808096	0.157382732	0.155433121	0.155093291	0.169391042	0.169718441	0.178079192	0.177940800
t#bar{t} csv_light down,	0.174293805	0.174486394	0.165753641	0.165378340	0.157564297	0.157382732	0.155173593	0.155093291	0.168771393	0.169718441	0.178443272	0.177940800
t#bar{t} tracking down,	0.174326244	0.174486394	0.165651074	0.165378340	0.157228309	0.157382732	0.155369908	0.155093291	0.169339788	0.169718441	0.178084677	0.177940800
t#bar{t} evtgen,	0.174048299	0.174486394	0.165915401	0.165378340	0.157938899	0.157382732	0.153326280	0.155093291	0.170830156	0.169718441	0.177940966	0.177940800
t#bar{t} m=171.5,	0.174989100	0.174486394	0.164718233	0.165378340	0.158981072	0.157382732	0.153419530	0.155093291	0.169214236	0.169718441	0.178677829	0.177940800
t#bar{t} m=173.5,	0.175964738	0.174486394	0.163047644	0.165378340	0.157136471	0.157382732	0.156325596	0.155093291	0.170146554	0.169718441	0.177378997	0.177940800
t#bar{t} pileup up,	0.174566153	0.174486394	0.165257370	0.165378340	0.157324078	0.157382732	0.155333316	0.155093291	0.169577623	0.169718441	0.177941459	0.177940800
t#bar{t} pileup down,	0.174372913	0.174486394	0.165535820	0.165378340	0.157336430	0.157382732	0.154905607	0.155093291	0.169993380	0.169718441	0.177855850	0.177940800
t#bar{t} trig efficiency correction up,	0.174038214	0.174486394	0.166012180	0.165378340	0.156856489	0.157382732	0.155304719	0.155093291	0.170033185	0.169718441	0.177755213	0.177940800
t#bar{t} trig efficiency correction down,	0.174046591	0.174486394	0.166000883	0.165378340	0.156871520	0.157382732	0.155294396	0.155093291	0.170025117	0.169718441	0.177761493	0.177940800
t#bar{t} sel efficiency correction up,	0.174039375	0.174486394	0.166010175	0.165378340	0.156848914	0.157382732	0.155317898	0.155093291	0.170031251	0.169718441	0.177752387	0.177940800
t#bar{t} sel efficiency correction down,	0.174045330	0.174486394	0.166003038	0.165378340	0.156879200	0.157382732	0.155280943	0.155093291	0.170027137	0.169718441	0.177764352	0.177940800
t#bar{t} b fragmentation up,	0.173961329	0.174486394	0.166087202	0.165378340	0.156841513	0.157382732	0.155018808	0.155093291	0.170497038	0.169718441	0.177594110	0.177940800
t#bar{t} b fragmentation down,	0.174104511	0.174486394	0.165921840	0.165378340	0.156990063	0.157382732	0.155242083	0.155093291	0.169915220	0.169718441	0.177826283	0.177940800
t#bar{t} Peterson Frag,	0.173844818	0.174486394	0.166262683	0.165378340	0.156899747	0.157382732	0.154944025	0.155093291	0.170357543	0.169718441	0.177691183	0.177940800
t#bar{t} semilep BR up,	0.174047047	0.174486394	0.165999107	0.165378340	0.156865804	0.157382732	0.155299306	0.155093291	0.170031874	0.169718441	0.177756862	0.177940800
t#bar{t} semilep BR down,	0.174043369	0.174486394	0.166005116	0.165378340	0.156864758	0.157382732	0.155300671	0.155093291	0.170026811	0.169718441	0.177759274	0.177940800
t#bar{t} isr up,	0.174806243	0.174486394	0.164829321	0.165378340	0.158005258	0.157382732	0.154316181	0.155093291	0.170158420	0.169718441	0.177884576	0.177940800
t#bar{t} isr dn,	0.173705048	0.174486394	0.166315782	0.165378340	0.158103919	0.157382732	0.152926477	0.155093291	0.171179167	0.169718441	0.177769607	0.177940800
t#bar{t} fsr up,	0.174609154	0.174486394	0.165247465	0.165378340	0.158243283	0.157382732	0.154010396	0.155093291	0.169597366	0.169718441	0.178292336	0.177940800
t#bar{t} fsr dn,	0.174695540	0.174486394	0.164865343	0.165378340	0.157644148	0.157382732	0.154791770	0.155093291	0.170311510	0.169718441	0.177691689	0.177940800
t#bar{t} hdamp up,	0.175183246	0.174486394	0.164250540	0.165378340	0.157768909	0.157382732	0.154831927	0.155093291	0.170374771	0.169718441	0.177590607	0.177940800
t#bar{t} hdamp dn,	0.174391698	0.174486394	0.165512500	0.165378340	0.157139055	0.157382732	0.154874228	0.155093291	0.170507206	0.169718441	0.177575313	0.177940800
t#bar{t} UEup,	0.176132164	0.174486394	0.162885362	0.165378340	0.157741935	0.157382732	0.156563627	0.155093291	0.168691448	0.169718441	0.177985465	0.177940800
t#bar{t} UEdn,	0.174694942	0.174486394	0.164842149	0.165378340	0.157419103	0.157382732	0.154258666	0.155093291	0.171722938	0.169718441	0.177062202	0.177940800
t#bar{t} ERDon,	0.174744604	0.174486394	0.164939710	0.165378340	0.158315727	0.157382732	0.153378983	0.155093291	0.170811885	0.169718441	0.177809090	0.177940800
t#bar{t} QCDbased,	0.175136064	0.174486394	0.164305751	0.165378340	0.157798521	0.157382732	0.154022553	0.155093291	0.171427165	0.169718441	0.177309947	0.177940800
t#bar{t} gluon move,	0.175370797	0.174486394	0.163929263	0.165378340	0.158702608	0.157382732	0.153719841	0.155093291	0.170359520	0.169718441	0.177917970	0.177940800
