t#bar{t},	0.119793652	0.111499831	0.116035719	0.108530120	0.109705379	0.105061019	0.103213855	0.101798439	0.097535470	0.098756430	0.093383602	0.096803199	0.091499635	0.095549049	0.090107129	0.094523632	0.089484706	0.094160739	0.089240852	0.093317541
t#bar{t} jec_CorrelationGroupMPFInSitu up,	0.111528142	0.111499831	0.108479715	0.108530120	0.104941654	0.105061019	0.101998650	0.101798439	0.098580334	0.098756430	0.096804772	0.096803199	0.095587909	0.095549049	0.094576971	0.094523632	0.094239732	0.094160739	0.093262121	0.093317541
t#bar{t} jec_RelativeFSR up,	0.111517963	0.111499831	0.108526052	0.108530120	0.105063591	0.105061019	0.102020368	0.101798439	0.098706309	0.098756430	0.096685878	0.096803199	0.095570192	0.095549049	0.094637588	0.094523632	0.094037749	0.094160739	0.093234311	0.093317541
t#bar{t} jec_CorrelationGroupUncorrelated up,	0.111458633	0.111499831	0.108542984	0.108530120	0.105079554	0.105061019	0.101963630	0.101798439	0.098553479	0.098756430	0.096807235	0.096803199	0.095595518	0.095549049	0.094725037	0.094523632	0.094003908	0.094160739	0.093270021	0.093317541
t#bar{t} jec_FlavorPureGluon up,	0.111480062	0.111499831	0.108382462	0.108530120	0.105112768	0.105061019	0.101958841	0.101798439	0.098724030	0.098756430	0.096710123	0.096803199	0.095653076	0.095549049	0.094757504	0.094523632	0.094093164	0.094160739	0.093127971	0.093317541
t#bar{t} jec_FlavorPureQuark up,	0.111606094	0.111499831	0.108366284	0.108530120	0.105195619	0.105061019	0.102046656	0.101798439	0.098543123	0.098756430	0.096693279	0.096803199	0.095631761	0.095549049	0.094601152	0.094523632	0.094100482	0.094160739	0.093215550	0.093317541
t#bar{t} jec_FlavorPureCharm up,	0.111533006	0.111499831	0.108420386	0.108530120	0.105104923	0.105061019	0.101914906	0.101798439	0.098565672	0.098756430	0.096883763	0.096803199	0.095620643	0.095549049	0.094682042	0.094523632	0.094077353	0.094160739	0.093197304	0.093317541
t#bar{t} jec_FlavorPureBottom up,	0.111414996	0.111499831	0.108397919	0.108530120	0.105085143	0.105061019	0.101873336	0.101798439	0.098670001	0.098756430	0.096885464	0.096803199	0.095653258	0.095549049	0.094617870	0.094523632	0.094130426	0.094160739	0.093271587	0.093317541
t#bar{t} jer up,	0.111389024	0.111499831	0.108533784	0.108530120	0.105037023	0.105061019	0.102011933	0.101798439	0.098567512	0.098756430	0.096790485	0.096803199	0.095745897	0.095549049	0.094609370	0.094523632	0.094057777	0.094160739	0.093257194	0.093317541
t#bar{t} btag_heavy up,	0.111519188	0.111499831	0.108513903	0.108530120	0.105160408	0.105061019	0.101941286	0.101798439	0.098679790	0.098756430	0.096664375	0.096803199	0.095735792	0.095549049	0.094602498	0.094523632	0.094091461	0.094160739	0.093091300	0.093317541
t#bar{t} btag_light up,	0.111537940	0.111499831	0.108377553	0.108530120	0.105106191	0.105061019	0.101981980	0.101798439	0.098532344	0.098756430	0.096845653	0.096803199	0.095655433	0.095549049	0.094667508	0.094523632	0.094030577	0.094160739	0.093264820	0.093317541
t#bar{t} csv_heavy up,	0.111577748	0.111499831	0.108600397	0.108530120	0.105071218	0.105061019	0.101925891	0.101798439	0.098546738	0.098756430	0.096729059	0.096803199	0.095666781	0.095549049	0.094532667	0.094523632	0.094170489	0.094160739	0.093179012	0.093317541
t#bar{t} csv_light up,	0.111473542	0.111499831	0.108411411	0.108530120	0.105083573	0.105061019	0.102032591	0.101798439	0.098675369	0.098756430	0.096706658	0.096803199	0.095642953	0.095549049	0.094571690	0.094523632	0.094152237	0.094160739	0.093249975	0.093317541
t#bar{t} tracking up,	0.111340653	0.111499831	0.108503593	0.108530120	0.105146947	0.105061019	0.102147808	0.101798439	0.098645941	0.098756430	0.096853007	0.096803199	0.095665307	0.095549049	0.094542286	0.094523632	0.093931209	0.094160739	0.093223249	0.093317541
t#bar{t} jec_CorrelationGroupMPFInSitu down,	0.111530328	0.111499831	0.108532527	0.108530120	0.105006304	0.105061019	0.102077656	0.101798439	0.098626958	0.098756430	0.096806474	0.096803199	0.095744186	0.095549049	0.094627067	0.094523632	0.094037262	0.094160739	0.093011237	0.093317541
t#bar{t} jec_RelativeFSR down,	0.111518406	0.111499831	0.108529724	0.108530120	0.105186548	0.105061019	0.101912338	0.101798439	0.098561765	0.098756430	0.096684674	0.096803199	0.095590385	0.095549049	0.094635285	0.094523632	0.094166338	0.094160739	0.093214537	0.093317541
t#bar{t} jec_CorrelationGroupUncorrelated down,	0.111403681	0.111499831	0.108444791	0.108530120	0.105171580	0.105061019	0.101962271	0.101798439	0.098597011	0.098756430	0.096791641	0.096803199	0.095688362	0.095549049	0.094620061	0.094523632	0.093992976	0.094160739	0.093327625	0.093317541
t#bar{t} jec_FlavorPureGluon down,	0.111549972	0.111499831	0.108453132	0.108530120	0.105034866	0.105061019	0.101976720	0.101798439	0.098714722	0.098756430	0.096893632	0.096803199	0.095662286	0.095549049	0.094557297	0.094523632	0.093989118	0.094160739	0.093168255	0.093317541
t#bar{t} jec_FlavorPureQuark down,	0.111465132	0.111499831	0.108531101	0.108530120	0.105036747	0.105061019	0.102027402	0.101798439	0.098618243	0.098756430	0.096664624	0.096803199	0.095805459	0.095549049	0.094665339	0.094523632	0.094035434	0.094160739	0.093150519	0.093317541
t#bar{t} jec_FlavorPureCharm down,	0.111490003	0.111499831	0.108464320	0.108530120	0.105054337	0.105061019	0.101935825	0.101798439	0.098675022	0.098756430	0.096724566	0.096803199	0.095663984	0.095549049	0.094596135	0.094523632	0.094193090	0.094160739	0.093202719	0.093317541
t#bar{t} jec_FlavorPureBottom down,	0.111466217	0.111499831	0.108399637	0.108530120	0.105102654	0.105061019	0.102077047	0.101798439	0.098726654	0.098756430	0.096820934	0.096803199	0.095671664	0.095549049	0.094526155	0.094523632	0.094005908	0.094160739	0.093203131	0.093317541
t#bar{t} jer down,	0.111374576	0.111499831	0.108423939	0.108530120	0.105057022	0.105061019	0.102101981	0.101798439	0.098632071	0.098756430	0.096771685	0.096803199	0.095739484	0.095549049	0.094612784	0.094523632	0.094097028	0.094160739	0.093189429	0.093317541
t#bar{t} btag_heavy down,	0.111527445	0.111499831	0.108590090	0.108530120	0.105058132	0.105061019	0.102016551	0.101798439	0.098595066	0.098756430	0.096724841	0.096803199	0.095572992	0.095549049	0.094629342	0.094523632	0.094166109	0.094160739	0.093119431	0.093317541
t#bar{t} btag_light down,	0.111354182	0.111499831	0.108574289	0.108530120	0.105130718	0.105061019	0.102093474	0.101798439	0.098689296	0.098756430	0.096716876	0.096803199	0.095536297	0.095549049	0.094632794	0.094523632	0.094118183	0.094160739	0.093153892	0.093317541
t#bar{t} csv_heavy down,	0.111377621	0.111499831	0.108402321	0.108530120	0.105282768	0.105061019	0.102136233	0.101798439	0.098556548	0.098756430	0.096853565	0.096803199	0.095644383	0.095549049	0.094579998	0.094523632	0.094087038	0.094160739	0.093079524	0.093317541
t#bar{t} csv_light down,	0.111473017	0.111499831	0.108462832	0.108530120	0.105136691	0.105061019	0.102008228	0.101798439	0.098527139	0.098756430	0.096872266	0.096803199	0.095716512	0.095549049	0.094578545	0.094523632	0.094016908	0.094160739	0.093207863	0.093317541
t#bar{t} tracking down,	0.111548243	0.111499831	0.108498540	0.108530120	0.105157553	0.105061019	0.101972572	0.101798439	0.098732294	0.098756430	0.096621277	0.096803199	0.095726923	0.095549049	0.094519011	0.094523632	0.094057530	0.094160739	0.093166057	0.093317541
t#bar{t} evtgen,	0.112010406	0.111499831	0.108624304	0.108530120	0.104877272	0.105061019	0.100907362	0.101798439	0.099420003	0.098756430	0.096876418	0.096803199	0.095272215	0.095549049	0.095883463	0.094523632	0.093123093	0.094160739	0.093005464	0.093317541
t#bar{t} m=171.5,	0.111818998	0.111499831	0.107795767	0.108530120	0.105726786	0.105061019	0.101642918	0.101798439	0.098594114	0.098756430	0.096921593	0.096803199	0.095673591	0.095549049	0.094594608	0.094523632	0.094054107	0.094160739	0.093177517	0.093317541
t#bar{t} m=173.5,	0.111548789	0.111499831	0.107700669	0.108530120	0.105013775	0.105061019	0.102079702	0.101798439	0.098834493	0.098756430	0.096998427	0.096803199	0.095151654	0.095549049	0.094511298	0.094523632	0.095007321	0.094160739	0.093153872	0.093317541
t#bar{t} isr up,	0.110869830	0.111499831	0.108418744	0.108530120	0.105156748	0.105061019	0.101636277	0.101798439	0.099271673	0.098756430	0.096619867	0.096803199	0.095751200	0.095549049	0.094973888	0.094523632	0.094237122	0.094160739	0.093064650	0.093317541
t#bar{t} isr dn,	0.111544102	0.111499831	0.108932768	0.108530120	0.105121577	0.105061019	0.101845805	0.101798439	0.098991784	0.098756430	0.096863402	0.096803199	0.095308486	0.095549049	0.094257675	0.094523632	0.094061255	0.094160739	0.093073146	0.093317541
t#bar{t} fsr up,	0.110600085	0.111499831	0.108257053	0.108530120	0.105203157	0.105061019	0.102162532	0.101798439	0.098167181	0.098756430	0.097090779	0.096803199	0.096263607	0.095549049	0.094998205	0.094523632	0.094439217	0.094160739	0.092818184	0.093317541
t#bar{t} fsr dn,	0.112500979	0.111499831	0.108884552	0.108530120	0.105349092	0.105061019	0.100961198	0.101798439	0.098569413	0.098756430	0.097110781	0.096803199	0.095480169	0.095549049	0.094599725	0.094523632	0.094099058	0.094160739	0.092445035	0.093317541
t#bar{t} hdamp up,	0.112064822	0.111499831	0.107811818	0.108530120	0.105055490	0.105061019	0.102080450	0.101798439	0.098745800	0.098756430	0.097118386	0.096803199	0.095507144	0.095549049	0.094389514	0.094523632	0.094072041	0.094160739	0.093154533	0.093317541
t#bar{t} hdamp dn,	0.112526346	0.111499831	0.108228886	0.108530120	0.105364263	0.105061019	0.101286314	0.101798439	0.098573737	0.098756430	0.097012516	0.096803199	0.094867721	0.095549049	0.094000050	0.094523632	0.094928206	0.094160739	0.093211961	0.093317541
t#bar{t} UEup,	0.111305896	0.111499831	0.108618844	0.108530120	0.105133621	0.105061019	0.101669400	0.101798439	0.098809074	0.098756430	0.097353513	0.096803199	0.095719989	0.095549049	0.094140083	0.094523632	0.094089553	0.094160739	0.093160027	0.093317541
t#bar{t} UEdn,	0.111807728	0.111499831	0.108091021	0.108530120	0.105018451	0.105061019	0.101367104	0.101798439	0.098894122	0.098756430	0.097379697	0.096803199	0.095411975	0.095549049	0.094896239	0.094523632	0.094172090	0.094160739	0.092961573	0.093317541
t#bar{t} ERDon,	0.108651748	0.111499831	0.106015266	0.108530120	0.104454438	0.105061019	0.100955106	0.101798439	0.099355046	0.098756430	0.098028498	0.096803199	0.096735946	0.095549049	0.095906831	0.094523632	0.094962073	0.094160739	0.094935049	0.093317541
t#bar{t} QCDbased,	0.106048406	0.111499831	0.104063459	0.108530120	0.101845330	0.105061019	0.100718230	0.101798439	0.099065248	0.098756430	0.099708683	0.096803199	0.097925278	0.095549049	0.097824879	0.094523632	0.096593123	0.094160739	0.096207365	0.093317541
t#bar{t} gluon move,	0.111875469	0.111499831	0.108411604	0.108530120	0.105560438	0.105061019	0.101884368	0.101798439	0.099210653	0.098756430	0.096597030	0.096803199	0.095593106	0.095549049	0.094116554	0.094523632	0.093841813	0.094160739	0.092908965	0.093317541
