t#bar{t} jec_CorrelationGroupMPFInSitu up,	0.059189902	0.058969161	0.058245274	0.058365771	0.058813246	0.058718265	0.057317366	0.057374635	0.053646761	0.053730690	0.053208890	0.053211283	0.052191004	0.051942024	0.050743357	0.051094031	0.048946534	0.048818778	0.047158725	0.047271000	0.045920830	0.045708291	0.045265576	0.045355196	0.045899479	0.045897079	0.046506029	0.046689572	0.046020655	0.046049791	0.046047722	0.045842826	0.046054302	0.046023630	0.045444475	0.045707927	0.046879257	0.046741991	0.046500618	0.046488058
t#bar{t} jec_RelativeFSR up,	0.059194662	0.058969161	0.058225314	0.058365771	0.058819744	0.058718265	0.057242890	0.057374635	0.053907510	0.053730690	0.053233061	0.053211283	0.051928627	0.051942024	0.050881486	0.051094031	0.048834943	0.048818778	0.047426464	0.047271000	0.045816619	0.045708291	0.045325076	0.045355196	0.045909035	0.045897079	0.046550551	0.046689572	0.045926528	0.046049791	0.045976451	0.045842826	0.046134789	0.046023630	0.045549886	0.045707927	0.046593694	0.046741991	0.046522670	0.046488058
t#bar{t} jec_CorrelationGroupUncorrelated up,	0.059028238	0.058969161	0.058210852	0.058365771	0.059002022	0.058718265	0.057159268	0.057374635	0.053661290	0.053730690	0.053210551	0.053211283	0.052185136	0.051942024	0.050823192	0.051094031	0.048884772	0.048818778	0.047299507	0.047271000	0.045816387	0.045708291	0.045396801	0.045355196	0.045850784	0.045897079	0.046552966	0.046689572	0.046058655	0.046049791	0.046060046	0.045842826	0.045841872	0.046023630	0.045642133	0.045707927	0.046860841	0.046741991	0.046454687	0.046488058
t#bar{t} jec_FlavorPureGluon up,	0.059259485	0.058969161	0.058313627	0.058365771	0.058836187	0.058718265	0.057102773	0.057374635	0.053993724	0.053730690	0.053344615	0.053211283	0.052011201	0.051942024	0.050805647	0.051094031	0.049007599	0.048818778	0.047136400	0.047271000	0.045694226	0.045708291	0.045275576	0.045355196	0.046139901	0.045897079	0.046497967	0.046689572	0.045710568	0.046049791	0.046216798	0.045842826	0.045965217	0.046023630	0.045600044	0.045707927	0.046474352	0.046741991	0.046614092	0.046488058
t#bar{t} jec_FlavorPureQuark up,	0.059045657	0.058969161	0.058165287	0.058365771	0.058929827	0.058718265	0.057140269	0.057374635	0.053929011	0.053730690	0.053131263	0.053211283	0.052111784	0.051942024	0.050757774	0.051094031	0.048967741	0.048818778	0.047519926	0.047271000	0.045740224	0.045708291	0.045149786	0.045355196	0.045975551	0.045897079	0.046767726	0.046689572	0.045827494	0.046049791	0.045799372	0.045842826	0.046226960	0.046023630	0.045661084	0.045707927	0.046805615	0.046741991	0.046347648	0.046488058
t#bar{t} jec_FlavorPureCharm up,	0.059342575	0.058969161	0.058173909	0.058365771	0.058793824	0.058718265	0.057183502	0.057374635	0.054173824	0.053730690	0.053253204	0.053211283	0.051921795	0.051942024	0.050778855	0.051094031	0.049085008	0.048818778	0.047099773	0.047271000	0.045577659	0.045708291	0.045293187	0.045355196	0.046065046	0.045897079	0.046619851	0.046689572	0.045729277	0.046049791	0.045953374	0.045842826	0.046130735	0.046023630	0.045643168	0.045707927	0.046826106	0.046741991	0.046355329	0.046488058
t#bar{t} jec_FlavorPureBottom up,	0.059321221	0.058969161	0.058160408	0.058365771	0.058824589	0.058718265	0.057219099	0.057374635	0.053897285	0.053730690	0.053152306	0.053211283	0.052105576	0.051942024	0.050821438	0.051094031	0.048898439	0.048818778	0.047389878	0.047271000	0.045774906	0.045708291	0.045123860	0.045355196	0.046082934	0.045897079	0.046406924	0.046689572	0.045928292	0.046049791	0.046036207	0.045842826	0.046126008	0.046023630	0.045478921	0.045707927	0.046865484	0.046741991	0.046386226	0.046488058
t#bar{t} jer up,	0.059084684	0.058969161	0.058244990	0.058365771	0.058722064	0.058718265	0.057295103	0.057374635	0.053969743	0.053730690	0.053259803	0.053211283	0.051985184	0.051942024	0.050900207	0.051094031	0.048837226	0.048818778	0.047448677	0.047271000	0.045649632	0.045708291	0.045298848	0.045355196	0.046039565	0.045897079	0.046517170	0.046689572	0.045895408	0.046049791	0.045995606	0.045842826	0.045992706	0.046023630	0.045770905	0.045707927	0.046688648	0.046741991	0.046403831	0.046488058
t#bar{t} btag_heavy up,	0.059436986	0.058969161	0.058174040	0.058365771	0.058704567	0.058718265	0.057276105	0.057374635	0.053916591	0.053730690	0.053239249	0.053211283	0.051883049	0.051942024	0.050881805	0.051094031	0.048869433	0.048818778	0.047428661	0.047271000	0.045776359	0.045708291	0.045244152	0.045355196	0.045918192	0.045897079	0.046626701	0.046689572	0.045857309	0.046049791	0.045933877	0.045842826	0.046072641	0.046023630	0.045582916	0.045707927	0.046729593	0.046741991	0.046447774	0.046488058
t#bar{t} btag_light up,	0.058955234	0.058969161	0.058344056	0.058365771	0.058694051	0.058718265	0.057384025	0.057374635	0.053910647	0.053730690	0.053150458	0.053211283	0.052139441	0.051942024	0.050920464	0.051094031	0.048854191	0.048818778	0.047039404	0.047271000	0.045966901	0.045708291	0.045218356	0.045355196	0.045940916	0.045897079	0.046619511	0.046689572	0.045840648	0.046049791	0.046118582	0.045842826	0.045994693	0.046023630	0.045561318	0.045707927	0.046856797	0.046741991	0.046490306	0.046488058
t#bar{t} csv_heavy up,	0.059149015	0.058969161	0.058103073	0.058365771	0.059062220	0.058718265	0.057103879	0.057374635	0.054121442	0.053730690	0.053174832	0.053211283	0.052208618	0.051942024	0.050780869	0.051094031	0.048893930	0.048818778	0.046993988	0.047271000	0.045678341	0.045708291	0.045398115	0.045355196	0.046026334	0.045897079	0.046392909	0.046689572	0.046038820	0.046049791	0.045947053	0.045842826	0.046138022	0.046023630	0.045497492	0.045707927	0.046838880	0.046741991	0.046452168	0.046488058
t#bar{t} csv_light up,	0.059104393	0.058969161	0.058196151	0.058365771	0.058848332	0.058718265	0.057196840	0.057374635	0.053830315	0.053730690	0.053224726	0.053211283	0.051956234	0.051942024	0.050821435	0.051094031	0.048904800	0.048818778	0.047670466	0.047271000	0.045848633	0.045708291	0.045087206	0.045355196	0.045939209	0.045897079	0.046556328	0.046689572	0.046073619	0.046049791	0.045857070	0.045842826	0.046119862	0.046023630	0.045495243	0.045707927	0.046808074	0.046741991	0.046461064	0.046488058
t#bar{t} tracking up,	0.059432156	0.058969161	0.058168317	0.058365771	0.058774780	0.058718265	0.057253321	0.057374635	0.053840937	0.053730690	0.053112098	0.053211283	0.052148671	0.051942024	0.050721337	0.051094031	0.048937426	0.048818778	0.047419493	0.047271000	0.045791736	0.045708291	0.045139202	0.045355196	0.046127250	0.045897079	0.046490936	0.046689572	0.045780847	0.046049791	0.046026175	0.045842826	0.046053847	0.046023630	0.045723117	0.045707927	0.046628379	0.046741991	0.046429975	0.046488058
t#bar{t} jec_CorrelationGroupMPFInSitu down,	0.059201107	0.058969161	0.058277001	0.058365771	0.058716466	0.058718265	0.057215063	0.057374635	0.054040584	0.053730690	0.053239681	0.053211283	0.051827934	0.051942024	0.050908883	0.051094031	0.048889522	0.048818778	0.047405372	0.047271000	0.045859252	0.045708291	0.045248559	0.045355196	0.045843060	0.045897079	0.046572157	0.046689572	0.045754503	0.046049791	0.046100225	0.045842826	0.046102971	0.046023630	0.045595947	0.045707927	0.046833405	0.046741991	0.046368306	0.046488058
t#bar{t} jec_RelativeFSR down,	0.059392736	0.058969161	0.058268071	0.058365771	0.058741610	0.058718265	0.057282599	0.057374635	0.054018547	0.053730690	0.053216621	0.053211283	0.051976598	0.051942024	0.050873718	0.051094031	0.048941532	0.048818778	0.047147032	0.047271000	0.045655774	0.045708291	0.045427405	0.045355196	0.045992765	0.045897079	0.046374592	0.046689572	0.045888841	0.046049791	0.046289274	0.045842826	0.045860503	0.046023630	0.045600922	0.045707927	0.046406745	0.046741991	0.046644114	0.046488058
t#bar{t} jec_CorrelationGroupUncorrelated down,	0.058731402	0.058969161	0.058379932	0.058365771	0.058703845	0.058718265	0.057310118	0.057374635	0.054136298	0.053730690	0.053251702	0.053211283	0.051863061	0.051942024	0.050913119	0.051094031	0.049002394	0.048818778	0.047175564	0.047271000	0.045762906	0.045708291	0.045401980	0.045355196	0.045660054	0.045897079	0.046769290	0.046689572	0.046016706	0.046049791	0.045903281	0.045842826	0.046012112	0.046023630	0.045683826	0.045707927	0.046939444	0.046741991	0.046382968	0.046488058
t#bar{t} jec_FlavorPureGluon down,	0.059115586	0.058969161	0.058236200	0.058365771	0.058837979	0.058718265	0.057237798	0.057374635	0.053797231	0.053730690	0.053082346	0.053211283	0.052254661	0.051942024	0.050639473	0.051094031	0.049068266	0.048818778	0.047360830	0.047271000	0.045551893	0.045708291	0.045322541	0.045355196	0.046070196	0.045897079	0.046862234	0.046689572	0.045537785	0.046049791	0.046004719	0.045842826	0.045962956	0.046023630	0.045878981	0.045707927	0.046857202	0.046741991	0.046321123	0.046488058
t#bar{t} jec_FlavorPureQuark down,	0.058803657	0.058969161	0.058265795	0.058365771	0.058763419	0.058718265	0.057350043	0.057374635	0.053797464	0.053730690	0.053145998	0.053211283	0.051988994	0.051942024	0.050925390	0.051094031	0.048919986	0.048818778	0.047768763	0.047271000	0.045570979	0.045708291	0.045232140	0.045355196	0.046036512	0.045897079	0.046689779	0.046689572	0.045879750	0.046049791	0.045927703	0.045842826	0.046033955	0.046023630	0.045665692	0.045707927	0.046797030	0.046741991	0.046436950	0.046488058
t#bar{t} jec_FlavorPureCharm down,	0.059227893	0.058969161	0.058148832	0.058365771	0.058914382	0.058718265	0.057091226	0.057374635	0.054112684	0.053730690	0.053197324	0.053211283	0.052077711	0.051942024	0.050741696	0.051094031	0.049030501	0.048818778	0.047344884	0.047271000	0.045679853	0.045708291	0.045053607	0.045355196	0.046428608	0.045897079	0.046187802	0.046689572	0.045978802	0.046049791	0.046035706	0.045842826	0.045880091	0.046023630	0.045666500	0.045707927	0.046733844	0.046741991	0.046468053	0.046488058
t#bar{t} jec_FlavorPureBottom down,	0.059648923	0.058969161	0.058185808	0.058365771	0.058637095	0.058718265	0.057351368	0.057374635	0.053727157	0.053730690	0.053118500	0.053211283	0.052138690	0.051942024	0.050789000	0.051094031	0.048852621	0.048818778	0.047343896	0.047271000	0.045863833	0.045708291	0.045228467	0.045355196	0.045998800	0.045897079	0.046355902	0.046689572	0.045961294	0.046049791	0.046039026	0.045842826	0.046024742	0.046023630	0.045506455	0.045707927	0.046767375	0.046741991	0.046461050	0.046488058
t#bar{t} jer down,	0.058957107	0.058969161	0.058294899	0.058365771	0.058752206	0.058718265	0.057283982	0.057374635	0.053928748	0.053730690	0.053251911	0.053211283	0.052065283	0.051942024	0.050749124	0.051094031	0.049043092	0.048818778	0.047215764	0.047271000	0.045533391	0.045708291	0.045347069	0.045355196	0.046199819	0.045897079	0.046445646	0.046689572	0.045798316	0.046049791	0.046055212	0.045842826	0.046035448	0.046023630	0.045661320	0.045707927	0.047141350	0.046741991	0.046240312	0.046488058
t#bar{t} btag_heavy down,	0.059199495	0.058969161	0.058122196	0.058365771	0.058875826	0.058718265	0.057169359	0.057374635	0.053992823	0.053730690	0.053197609	0.053211283	0.052181481	0.051942024	0.050687087	0.051094031	0.048901801	0.048818778	0.047348827	0.047271000	0.045960563	0.045708291	0.045176774	0.045355196	0.045875865	0.045897079	0.046563415	0.046689572	0.045829108	0.046049791	0.046134893	0.045842826	0.045993357	0.046023630	0.045603552	0.045707927	0.046763561	0.046741991	0.046422408	0.046488058
t#bar{t} btag_light down,	0.058925007	0.058969161	0.058302727	0.058365771	0.058740378	0.058718265	0.057336565	0.057374635	0.053893727	0.053730690	0.053158275	0.053211283	0.052140724	0.051942024	0.050746619	0.051094031	0.048980339	0.048818778	0.047325366	0.047271000	0.045747266	0.045708291	0.045316856	0.045355196	0.046034604	0.045897079	0.046568307	0.046689572	0.045856715	0.046049791	0.045963773	0.045842826	0.046187933	0.046023630	0.045538679	0.045707927	0.046763489	0.046741991	0.046472653	0.046488058
t#bar{t} csv_heavy down,	0.058915707	0.058969161	0.058335136	0.058365771	0.058722992	0.058718265	0.057329810	0.057374635	0.053959101	0.053730690	0.053197787	0.053211283	0.051847096	0.051942024	0.050931260	0.051094031	0.048993459	0.048818778	0.047552051	0.047271000	0.045579416	0.045708291	0.045272116	0.045355196	0.046096813	0.045897079	0.046456047	0.046689572	0.046013125	0.046049791	0.045926709	0.045842826	0.045922023	0.046023630	0.045836468	0.045707927	0.046660980	0.046741991	0.046451903	0.046488058
t#bar{t} csv_light down,	0.059379661	0.058969161	0.058242379	0.058365771	0.058711381	0.058718265	0.057284015	0.057374635	0.053716875	0.053730690	0.053144694	0.053211283	0.052259981	0.051942024	0.050760223	0.051094031	0.048791752	0.048818778	0.047353350	0.047271000	0.045779132	0.045708291	0.045362619	0.045355196	0.045909960	0.045897079	0.046478091	0.046689572	0.046004790	0.046049791	0.045936616	0.045842826	0.045969394	0.046023630	0.045639056	0.045707927	0.046902484	0.046741991	0.046373549	0.046488058
t#bar{t} tracking down,	0.059276602	0.058969161	0.058205730	0.058365771	0.058733740	0.058718265	0.057344490	0.057374635	0.054064691	0.053730690	0.053199899	0.053211283	0.051978805	0.051942024	0.050829458	0.051094031	0.049020529	0.048818778	0.047082316	0.047271000	0.045655751	0.045708291	0.045141038	0.045355196	0.046258542	0.045897079	0.046334611	0.046689572	0.045971173	0.046049791	0.046023964	0.045842826	0.046134450	0.046023630	0.045492928	0.045707927	0.046811945	0.046741991	0.046439340	0.046488058
t#bar{t} evtgen,	0.056789808	0.058969161	0.060195979	0.058365771	0.056654976	0.058718265	0.057462470	0.057374635	0.055356028	0.053730690	0.053978265	0.053211283	0.052394261	0.051942024	0.049701904	0.051094031	0.048017458	0.048818778	0.048186111	0.047271000	0.047982482	0.045708291	0.043998712	0.045355196	0.046533659	0.045897079	0.045594501	0.046689572	0.047203765	0.046049791	0.043257495	0.045842826	0.047322297	0.046023630	0.046284791	0.045707927	0.047438291	0.046741991	0.045646749	0.046488058
t#bar{t} m=171.5,	0.062154843	0.058969161	0.057328044	0.058365771	0.059684749	0.058718265	0.056857592	0.057374635	0.052333500	0.053730690	0.053866439	0.053211283	0.051546790	0.051942024	0.051254322	0.051094031	0.048713449	0.048818778	0.046044373	0.047271000	0.045842226	0.045708291	0.045507555	0.045355196	0.045782066	0.045897079	0.045950700	0.046689572	0.046992025	0.046049791	0.045417963	0.045842826	0.045648675	0.046023630	0.046175463	0.045707927	0.046178496	0.046741991	0.046720731	0.046488058
t#bar{t} m=173.5,	0.060039788	0.058969161	0.057619855	0.058365771	0.059874803	0.058718265	0.056736463	0.057374635	0.055154397	0.053730690	0.052372544	0.053211283	0.052341862	0.051942024	0.050910456	0.051094031	0.049196113	0.048818778	0.046828758	0.047271000	0.044729083	0.045708291	0.046544853	0.045355196	0.045423888	0.045897079	0.046289669	0.046689572	0.045623467	0.046049791	0.047387438	0.045842826	0.043717583	0.046023630	0.047079496	0.045707927	0.045698448	0.046741991	0.046431034	0.046488058
t#bar{t} Herwig++,	0.058286019	0.058969161	0.058362729	0.058365771	0.059278100	0.058718265	0.056811079	0.057374635	0.053266999	0.053730690	0.053513404	0.053211283	0.053491494	0.051942024	0.049779628	0.051094031	0.049500990	0.048818778	0.047440775	0.047271000	0.045624598	0.045708291	0.045816303	0.045355196	0.045480276	0.045897079	0.046147830	0.046689572	0.046407621	0.046049791	0.046615010	0.045842826	0.044478896	0.046023630	0.046318747	0.045707927	0.046775190	0.046741991	0.046604310	0.046488058
t#bar{t} isr up,	0.059731801	0.058969161	0.058026710	0.058365771	0.059327186	0.058718265	0.056976684	0.057374635	0.052971213	0.053730690	0.053209420	0.053211283	0.052242207	0.051942024	0.051234404	0.051094031	0.048622940	0.048818778	0.046645838	0.047271000	0.046364897	0.045708291	0.044770566	0.045355196	0.046266193	0.045897079	0.046512191	0.046689572	0.046228454	0.046049791	0.045712685	0.045842826	0.045796609	0.046023630	0.045791533	0.045707927	0.047222647	0.046741991	0.046345820	0.046488058
t#bar{t} isr dn,	0.057939994	0.058969161	0.058459821	0.058365771	0.058481742	0.058718265	0.057714329	0.057374635	0.054862788	0.053730690	0.052862098	0.053211283	0.051699313	0.051942024	0.050950066	0.051094031	0.049215370	0.048818778	0.047591856	0.047271000	0.046023401	0.045708291	0.045234506	0.045355196	0.045129361	0.045897079	0.047089370	0.046689572	0.045991346	0.046049791	0.046177445	0.045842826	0.045185762	0.046023630	0.046645146	0.045707927	0.046406909	0.046741991	0.046339377	0.046488058
t#bar{t} fsr up,	0.058994159	0.058969161	0.058566445	0.058365771	0.058338862	0.058718265	0.057439952	0.057374635	0.055184142	0.053730690	0.052655056	0.053211283	0.052410833	0.051942024	0.051191696	0.051094031	0.048756745	0.048818778	0.046196373	0.047271000	0.045887435	0.045708291	0.044977836	0.045355196	0.046393220	0.045897079	0.046213710	0.046689572	0.046297895	0.046049791	0.045888128	0.045842826	0.045206911	0.046023630	0.046518175	0.045707927	0.046417281	0.046741991	0.046465147	0.046488058
t#bar{t} fsr dn,	0.058020997	0.058969161	0.058616649	0.058365771	0.058258804	0.058718265	0.056889868	0.057374635	0.056233607	0.053730690	0.052997469	0.053211283	0.052837449	0.051942024	0.050656657	0.051094031	0.048532542	0.048818778	0.047551128	0.047271000	0.045035860	0.045708291	0.046159400	0.045355196	0.045049684	0.045897079	0.046128543	0.046689572	0.047230160	0.046049791	0.044710613	0.045842826	0.045752219	0.046023630	0.045765316	0.045707927	0.047210909	0.046741991	0.046362123	0.046488058
t#bar{t} hdamp up,	0.059064269	0.058969161	0.058257514	0.058365771	0.059295653	0.058718265	0.056412213	0.057374635	0.054614553	0.053730690	0.053722271	0.053211283	0.052072781	0.051942024	0.050536189	0.051094031	0.049036894	0.048818778	0.047483700	0.047271000	0.045577440	0.045708291	0.046081809	0.045355196	0.045467450	0.045897079	0.045536225	0.046689572	0.046525745	0.046049791	0.046175316	0.045842826	0.045228890	0.046023630	0.045976689	0.045707927	0.046003800	0.046741991	0.046930599	0.046488058
t#bar{t} hdamp dn,	0.057697756	0.058969161	0.058508027	0.058365771	0.059144947	0.058718265	0.056714240	0.057374635	0.055066120	0.053730690	0.053343751	0.053211283	0.051741659	0.051942024	0.050966564	0.051094031	0.049160179	0.048818778	0.047257583	0.047271000	0.045732109	0.045708291	0.045363877	0.045355196	0.045409976	0.045897079	0.046598537	0.046689572	0.046779987	0.046049791	0.045218520	0.045842826	0.046082209	0.046023630	0.045814194	0.045707927	0.046904269	0.046741991	0.046495496	0.046488058
t#bar{t} UEup,	0.058915864	0.058969161	0.058103898	0.058365771	0.059148132	0.058718265	0.057320830	0.057374635	0.053072455	0.053730690	0.052691742	0.053211283	0.053382282	0.051942024	0.050724269	0.051094031	0.048719136	0.048818778	0.047043842	0.047271000	0.046436255	0.045708291	0.044776162	0.045355196	0.047043077	0.045897079	0.045490281	0.046689572	0.045651426	0.046049791	0.046083667	0.045842826	0.046884805	0.046023630	0.045911603	0.045707927	0.045881502	0.046741991	0.046718772	0.046488058
t#bar{t} UEdn,	0.058916585	0.058969161	0.057672900	0.058365771	0.059643690	0.058718265	0.056403518	0.057374635	0.054782902	0.053730690	0.053316236	0.053211283	0.052151529	0.051942024	0.050820139	0.051094031	0.048373092	0.048818778	0.048633487	0.047271000	0.046582075	0.045708291	0.044405019	0.045355196	0.046745753	0.045897079	0.045019710	0.046689572	0.046407169	0.046049791	0.046211727	0.045842826	0.046344809	0.046023630	0.045520899	0.045707927	0.045354370	0.046741991	0.046694391	0.046488058
t#bar{t} ERDon,	0.058078387	0.058969161	0.059068717	0.058365771	0.057658357	0.058718265	0.057805937	0.057374635	0.054519025	0.053730690	0.053456569	0.053211283	0.052102327	0.051942024	0.050847923	0.051094031	0.048941173	0.048818778	0.046839952	0.047271000	0.045908114	0.045708291	0.045358644	0.045355196	0.045871479	0.045897079	0.046467694	0.046689572	0.045936223	0.046049791	0.046327690	0.045842826	0.045804359	0.046023630	0.045619151	0.045707927	0.046724635	0.046741991	0.046663642	0.046488058
t#bar{t} QCDbased,	0.058548064	0.058969161	0.058481219	0.058365771	0.059246598	0.058718265	0.056344575	0.057374635	0.054667704	0.053730690	0.053905727	0.053211283	0.052152815	0.051942024	0.050424051	0.051094031	0.049578267	0.048818778	0.047007489	0.047271000	0.045145322	0.045708291	0.045850429	0.045355196	0.045488633	0.045897079	0.046397828	0.046689572	0.046664702	0.046049791	0.045865067	0.045842826	0.045294851	0.046023630	0.045916394	0.045707927	0.045951578	0.046741991	0.047068686	0.046488058
t#bar{t} gluon move,	0.058847607	0.058969161	0.057849983	0.058365771	0.058970368	0.058718265	0.057182126	0.057374635	0.055782622	0.053730690	0.052271675	0.053211283	0.052101392	0.051942024	0.051229727	0.051094031	0.048333121	0.048818778	0.047816590	0.047271000	0.045780950	0.045708291	0.045364362	0.045355196	0.046190076	0.045897079	0.045603133	0.046689572	0.046471298	0.046049791	0.045614096	0.045842826	0.045967032	0.046023630	0.045291969	0.045707927	0.046555392	0.046741991	0.046776481	0.046488058
