t#bar{t},	0.063972818	0.063877305	0.129489344	0.129053837	0.143345130	0.143785602	0.134261575	0.135220443	0.116137735	0.115499629	0.096917695	0.096532312	0.076796815	0.077480024	0.060427073	0.059594802	0.046332576	0.046412055	0.036238399	0.036349562	0.028257965	0.028172346	0.020524770	0.020964119	0.015424727	0.015563365	0.010978992	0.010544345	0.007400531	0.007346150	0.005159462	0.005282799	0.003515956	0.003639699	0.002294972	0.002344909	0.001604218	0.001442735	0.000919246	0.000893961
t#bar{t} jec_CorrelationGroupMPFInSitu up,	0.063831003	0.063877305	0.129341827	0.129053837	0.143668805	0.143785602	0.134551921	0.135220443	0.115777169	0.115499629	0.096988890	0.096532312	0.077125089	0.077480024	0.059430644	0.059594802	0.046688168	0.046412055	0.036370277	0.036349562	0.027933180	0.028172346	0.021132841	0.020964119	0.015473605	0.015563365	0.010724953	0.010544345	0.007454862	0.007346150	0.005109896	0.005282799	0.003604509	0.003639699	0.002433352	0.002344909	0.001526902	0.001442735	0.000832106	0.000893961
t#bar{t} jec_RelativeFSR up,	0.064061948	0.063877305	0.128757087	0.129053837	0.143308961	0.143785602	0.136557129	0.135220443	0.114536300	0.115499629	0.097338153	0.096532312	0.076894849	0.077480024	0.059410489	0.059594802	0.046651969	0.046412055	0.036752295	0.036349562	0.028309018	0.028172346	0.020720661	0.020964119	0.014816717	0.015563365	0.011000245	0.010544345	0.007337944	0.007346150	0.005124743	0.005282799	0.003747188	0.003639699	0.002346961	0.002344909	0.001479435	0.001442735	0.000847909	0.000893961
t#bar{t} jec_CorrelationGroupUncorrelated up,	0.063338739	0.063877305	0.129758626	0.129053837	0.144095396	0.143785602	0.134733112	0.135220443	0.114397467	0.115499629	0.096967852	0.096532312	0.078236368	0.077480024	0.059344432	0.059594802	0.046307268	0.046412055	0.035967869	0.036349562	0.028268694	0.028172346	0.021869293	0.020964119	0.015199282	0.015563365	0.010726883	0.010544345	0.007227807	0.007346150	0.005194918	0.005282799	0.003712125	0.003639699	0.002462484	0.002344909	0.001431810	0.001442735	0.000759575	0.000893961
t#bar{t} jec_FlavorPureGluon up,	0.064312939	0.063877305	0.128408470	0.129053837	0.144268514	0.143785602	0.134841757	0.135220443	0.115059791	0.115499629	0.096393441	0.096532312	0.077846403	0.077480024	0.060053731	0.059594802	0.046476830	0.046412055	0.035874822	0.036349562	0.028072634	0.028172346	0.021386689	0.020964119	0.015352365	0.015563365	0.010833887	0.010544345	0.007308275	0.007346150	0.005152989	0.005282799	0.003881957	0.003639699	0.002435424	0.002344909	0.001303431	0.001442735	0.000735652	0.000893961
t#bar{t} jec_FlavorPureQuark up,	0.063767035	0.063877305	0.128691968	0.129053837	0.144610886	0.143785602	0.134748443	0.135220443	0.114385826	0.115499629	0.097570893	0.096532312	0.077135021	0.077480024	0.060353739	0.059594802	0.045871979	0.046412055	0.036749479	0.036349562	0.027682241	0.028172346	0.021410463	0.020964119	0.015413973	0.015563365	0.010862713	0.010544345	0.007525159	0.007346150	0.004967255	0.005282799	0.003759051	0.003639699	0.002337339	0.002344909	0.001312754	0.001442735	0.000843784	0.000893961
t#bar{t} jec_FlavorPureCharm up,	0.063765230	0.063877305	0.129449378	0.129053837	0.143988760	0.143785602	0.134526754	0.135220443	0.115225121	0.115499629	0.096215238	0.096532312	0.077104980	0.077480024	0.061054070	0.059594802	0.045967259	0.046412055	0.036505136	0.036349562	0.028247455	0.028172346	0.021071092	0.020964119	0.015112111	0.015563365	0.011030895	0.010544345	0.007204567	0.007346150	0.005238919	0.005282799	0.003645647	0.003639699	0.002448784	0.002344909	0.001383824	0.001442735	0.000814778	0.000893961
t#bar{t} jec_FlavorPureBottom up,	0.064054963	0.063877305	0.128758367	0.129053837	0.143590838	0.143785602	0.135747731	0.135220443	0.114705768	0.115499629	0.097539710	0.096532312	0.076967766	0.077480024	0.059847695	0.059594802	0.046325852	0.046412055	0.036649372	0.036349562	0.028234649	0.028172346	0.020576363	0.020964119	0.015144723	0.015563365	0.010903715	0.010544345	0.007427214	0.007346150	0.005076550	0.005282799	0.003833653	0.003639699	0.002298516	0.002344909	0.001458234	0.001442735	0.000858321	0.000893961
t#bar{t} jer up,	0.064189723	0.063877305	0.128484711	0.129053837	0.144785645	0.143785602	0.134150643	0.135220443	0.115536503	0.115499629	0.096772237	0.096532312	0.077117295	0.077480024	0.059565735	0.059594802	0.046725786	0.046412055	0.036750029	0.036349562	0.027901228	0.028172346	0.020966371	0.020964119	0.015269671	0.015563365	0.010843905	0.010544345	0.007503340	0.007346150	0.005124830	0.005282799	0.003704750	0.003639699	0.002334501	0.002344909	0.001437195	0.001442735	0.000835901	0.000893961
t#bar{t} btag_heavy up,	0.064238161	0.063877305	0.128329207	0.129053837	0.144486803	0.143785602	0.133891470	0.135220443	0.115682802	0.115499629	0.097027963	0.096532312	0.076687964	0.077480024	0.060622190	0.059594802	0.046797895	0.046412055	0.035662879	0.036349562	0.028062215	0.028172346	0.021466493	0.020964119	0.015364583	0.015563365	0.010726313	0.010544345	0.007451902	0.007346150	0.005046974	0.005282799	0.003849571	0.003639699	0.002331107	0.002344909	0.001399737	0.001442735	0.000873772	0.000893961
t#bar{t} btag_light up,	0.064429032	0.063877305	0.128200611	0.129053837	0.144305056	0.143785602	0.134461530	0.135220443	0.115842255	0.115499629	0.096343664	0.096532312	0.076878524	0.077480024	0.060270243	0.059594802	0.046875678	0.046412055	0.035976504	0.036349562	0.028028291	0.028172346	0.021467206	0.020964119	0.015443039	0.015563365	0.010850739	0.010544345	0.007252096	0.007346150	0.005152287	0.005282799	0.003658528	0.003639699	0.002440170	0.002344909	0.001334386	0.001442735	0.000790160	0.000893961
t#bar{t} csv_heavy up,	0.064662293	0.063877305	0.127882352	0.129053837	0.144355278	0.143785602	0.134107508	0.135220443	0.115488174	0.115499629	0.096757039	0.096532312	0.077066735	0.077480024	0.061137904	0.059594802	0.046392091	0.046412055	0.036032039	0.036349562	0.027633816	0.028172346	0.021192995	0.020964119	0.015493642	0.015563365	0.010917911	0.010544345	0.007478051	0.007346150	0.004995472	0.005282799	0.003742989	0.003639699	0.002463918	0.002344909	0.001488773	0.001442735	0.000711022	0.000893961
t#bar{t} csv_light up,	0.063935274	0.063877305	0.128749619	0.129053837	0.143529946	0.143785602	0.135359912	0.135220443	0.115379563	0.115499629	0.097284610	0.096532312	0.077003464	0.077480024	0.060156556	0.059594802	0.046564201	0.046412055	0.035610030	0.036349562	0.028475577	0.028172346	0.020965515	0.020964119	0.015522050	0.015563365	0.010746367	0.010544345	0.007215952	0.007346150	0.005171822	0.005282799	0.003489887	0.003639699	0.002431747	0.002344909	0.001473166	0.001442735	0.000934742	0.000893961
t#bar{t} tracking up,	0.063815192	0.063877305	0.128594930	0.129053837	0.144043392	0.143785602	0.136206298	0.135220443	0.114679098	0.115499629	0.096762931	0.096532312	0.077005522	0.077480024	0.059970044	0.059594802	0.046277220	0.046412055	0.036390247	0.036349562	0.028035270	0.028172346	0.021357689	0.020964119	0.015489963	0.015563365	0.010732252	0.010544345	0.007395163	0.007346150	0.005079883	0.005282799	0.003496715	0.003639699	0.002415578	0.002344909	0.001324679	0.001442735	0.000927934	0.000893961
t#bar{t} jec_CorrelationGroupMPFInSitu down,	0.063761167	0.063877305	0.129220810	0.129053837	0.143844770	0.143785602	0.135189273	0.135220443	0.114869493	0.115499629	0.096731437	0.096532312	0.077179182	0.077480024	0.060382470	0.059594802	0.046629939	0.046412055	0.035839326	0.036349562	0.028490733	0.028172346	0.021015121	0.020964119	0.015237124	0.015563365	0.010742509	0.010544345	0.007312526	0.007346150	0.005167051	0.005282799	0.003770495	0.003639699	0.002482173	0.002344909	0.001389216	0.001442735	0.000745185	0.000893961
t#bar{t} jec_RelativeFSR down,	0.064103579	0.063877305	0.128894636	0.129053837	0.143497743	0.143785602	0.134490776	0.135220443	0.115620511	0.115499629	0.097243665	0.096532312	0.076870777	0.077480024	0.060405177	0.059594802	0.046685018	0.046412055	0.035796955	0.036349562	0.028240469	0.028172346	0.021160327	0.020964119	0.015475869	0.015563365	0.010791771	0.010544345	0.007149842	0.007346150	0.005226923	0.005282799	0.003677339	0.003639699	0.002430235	0.002344909	0.001396706	0.001442735	0.000841682	0.000893961
t#bar{t} jec_CorrelationGroupUncorrelated down,	0.064287791	0.063877305	0.128305774	0.129053837	0.144106860	0.143785602	0.135224515	0.135220443	0.115357512	0.115499629	0.096650942	0.096532312	0.076890736	0.077480024	0.059718866	0.059594802	0.046995979	0.046412055	0.036541386	0.036349562	0.027664399	0.028172346	0.021285246	0.020964119	0.015250261	0.015563365	0.010810302	0.010544345	0.007412406	0.007346150	0.005091083	0.005282799	0.003891649	0.003639699	0.002323768	0.002344909	0.001367534	0.001442735	0.000822991	0.000893961
t#bar{t} jec_FlavorPureGluon down,	0.063843389	0.063877305	0.128412238	0.129053837	0.145163018	0.143785602	0.134231859	0.135220443	0.114520953	0.115499629	0.096930577	0.096532312	0.077652134	0.077480024	0.060475670	0.059594802	0.046211602	0.046412055	0.035670427	0.036349562	0.028315808	0.028172346	0.022009977	0.020964119	0.014739529	0.015563365	0.010978007	0.010544345	0.007301459	0.007346150	0.005215000	0.005282799	0.003822363	0.003639699	0.002358634	0.002344909	0.001292687	0.001442735	0.000854669	0.000893961
t#bar{t} jec_FlavorPureQuark down,	0.064229112	0.063877305	0.128921495	0.129053837	0.143610162	0.143785602	0.135267832	0.135220443	0.115300218	0.115499629	0.096187924	0.096532312	0.077543989	0.077480024	0.059725957	0.059594802	0.046409709	0.046412055	0.036599112	0.036349562	0.028082009	0.028172346	0.021397775	0.020964119	0.015084525	0.015563365	0.011002562	0.010544345	0.007291060	0.007346150	0.005184303	0.005282799	0.003483474	0.003639699	0.002445461	0.002344909	0.001496688	0.001442735	0.000736632	0.000893961
t#bar{t} jec_FlavorPureCharm down,	0.064089626	0.063877305	0.128885219	0.129053837	0.143391958	0.143785602	0.136250803	0.135220443	0.115616190	0.115499629	0.095550599	0.096532312	0.076612472	0.077480024	0.060573618	0.059594802	0.046543154	0.046412055	0.036643060	0.036349562	0.027863616	0.028172346	0.020973957	0.020964119	0.015210011	0.015563365	0.010974258	0.010544345	0.007341596	0.007346150	0.005088660	0.005282799	0.003787413	0.003639699	0.002355908	0.002344909	0.001370550	0.001442735	0.000877333	0.000893961
t#bar{t} jec_FlavorPureBottom down,	0.063997199	0.063877305	0.129423036	0.129053837	0.143222267	0.143785602	0.135312169	0.135220443	0.115473017	0.115499629	0.096287793	0.096532312	0.076930385	0.077480024	0.059981063	0.059594802	0.046936762	0.046412055	0.036333607	0.036349562	0.028089592	0.028172346	0.021319576	0.020964119	0.014863752	0.015563365	0.011076163	0.010544345	0.007329322	0.007346150	0.005103515	0.005282799	0.003712203	0.003639699	0.002408019	0.002344909	0.001380577	0.001442735	0.000819983	0.000893961
t#bar{t} jer down,	0.063965118	0.063877305	0.128882933	0.129053837	0.144241626	0.143785602	0.134809668	0.135220443	0.114744355	0.115499629	0.097191424	0.096532312	0.077984688	0.077480024	0.059632839	0.059594802	0.046373228	0.046412055	0.035703190	0.036349562	0.028807514	0.028172346	0.020639309	0.020964119	0.015341274	0.015563365	0.010697251	0.010544345	0.007316428	0.007346150	0.005246235	0.005282799	0.003856625	0.003639699	0.002374762	0.002344909	0.001360494	0.001442735	0.000831038	0.000893961
t#bar{t} btag_heavy down,	0.063421455	0.063877305	0.129833101	0.129053837	0.143721119	0.143785602	0.134977841	0.135220443	0.114653934	0.115499629	0.096735852	0.096532312	0.078018999	0.077480024	0.059707117	0.059594802	0.046109392	0.046412055	0.036125573	0.036349562	0.028147978	0.028172346	0.021690869	0.020964119	0.015358096	0.015563365	0.010802893	0.010544345	0.007145382	0.007346150	0.005261353	0.005282799	0.003567220	0.003639699	0.002508201	0.002344909	0.001452672	0.001442735	0.000760953	0.000893961
t#bar{t} btag_light down,	0.064344026	0.063877305	0.128861318	0.129053837	0.143676682	0.143785602	0.134720232	0.135220443	0.115626752	0.115499629	0.095888089	0.096532312	0.077281285	0.077480024	0.060415167	0.059594802	0.046226531	0.046412055	0.036457922	0.036349562	0.028264836	0.028172346	0.021608630	0.020964119	0.015074563	0.015563365	0.010936311	0.010544345	0.007149713	0.007346150	0.005190534	0.005282799	0.003599837	0.003639699	0.002471856	0.002344909	0.001473533	0.001442735	0.000732184	0.000893961
t#bar{t} csv_heavy down,	0.064153087	0.063877305	0.128990199	0.129053837	0.143903073	0.143785602	0.133927387	0.135220443	0.115986379	0.115499629	0.096287979	0.096532312	0.077094753	0.077480024	0.060632612	0.059594802	0.046274994	0.046412055	0.035953842	0.036349562	0.028437721	0.028172346	0.021583474	0.020964119	0.015164120	0.015563365	0.011054438	0.010544345	0.007148081	0.007346150	0.005194683	0.005282799	0.003389781	0.003639699	0.002441392	0.002344909	0.001489017	0.001442735	0.000892990	0.000893961
t#bar{t} csv_light down,	0.064041293	0.063877305	0.127968465	0.129053837	0.145433601	0.143785602	0.134733410	0.135220443	0.115001496	0.115499629	0.095880449	0.096532312	0.077495663	0.077480024	0.060406253	0.059594802	0.046343497	0.046412055	0.035965181	0.036349562	0.028080120	0.028172346	0.021811506	0.020964119	0.015349629	0.015563365	0.010616096	0.010544345	0.007318179	0.007346150	0.005190496	0.005282799	0.003826253	0.003639699	0.002388553	0.002344909	0.001325738	0.001442735	0.000824120	0.000893961
t#bar{t} tracking down,	0.064052385	0.063877305	0.128831380	0.129053837	0.144792694	0.143785602	0.135161976	0.135220443	0.115800025	0.115499629	0.094330947	0.096532312	0.078447518	0.077480024	0.059475895	0.059594802	0.046287613	0.046412055	0.036493649	0.036349562	0.028077551	0.028172346	0.021011501	0.020964119	0.015679695	0.015563365	0.010603766	0.010544345	0.007576570	0.007346150	0.005144477	0.005282799	0.003678181	0.003639699	0.002342227	0.002344909	0.001347421	0.001442735	0.000864528	0.000893961
t#bar{t} evtgen,	0.063112777	0.063877305	0.131961724	0.129053837	0.140638487	0.143785602	0.135101124	0.135220443	0.115842813	0.115499629	0.097993829	0.096532312	0.077648623	0.077480024	0.059695639	0.059594802	0.045628181	0.046412055	0.036534928	0.036349562	0.028440863	0.028172346	0.020528645	0.020964119	0.015711966	0.015563365	0.011424023	0.010544345	0.006758637	0.007346150	0.004764414	0.005282799	0.003095775	0.003639699	0.002469542	0.002344909	0.001793051	0.001442735	0.000854958	0.000893961
t#bar{t} m=171.5,	0.065178718	0.063877305	0.127895412	0.129053837	0.143302591	0.143785602	0.133932801	0.135220443	0.116723251	0.115499629	0.096794548	0.096532312	0.077499171	0.077480024	0.060189950	0.059594802	0.045620210	0.046412055	0.036283588	0.036349562	0.028378078	0.028172346	0.021075942	0.020964119	0.015375179	0.015563365	0.010733132	0.010544345	0.007572371	0.007346150	0.005115073	0.005282799	0.003537220	0.003639699	0.002255441	0.002344909	0.001641582	0.001442735	0.000895744	0.000893961
t#bar{t} m=173.5,	0.063890208	0.063877305	0.129913028	0.129053837	0.143075100	0.143785602	0.135282744	0.135220443	0.115455659	0.115499629	0.096340507	0.096532312	0.078750483	0.077480024	0.057687033	0.059594802	0.046722870	0.046412055	0.036585187	0.036349562	0.028505397	0.028172346	0.021317791	0.020964119	0.014619285	0.015563365	0.011126288	0.010544345	0.007312679	0.007346150	0.005091978	0.005282799	0.003412801	0.003639699	0.002419595	0.002344909	0.001549850	0.001442735	0.000941519	0.000893961
t#bar{t} Herwig++,	0.064236371	0.063877305	0.129169474	0.129053837	0.143567628	0.143785602	0.134248806	0.135220443	0.115738255	0.115499629	0.096485830	0.096532312	0.078221874	0.077480024	0.059903943	0.059594802	0.045390974	0.046412055	0.036384334	0.036349562	0.028220348	0.028172346	0.021213762	0.020964119	0.015469538	0.015563365	0.011077317	0.010544345	0.007152374	0.007346150	0.005013969	0.005282799	0.003598500	0.003639699	0.002441285	0.002344909	0.001568819	0.001442735	0.000896598	0.000893961
t#bar{t} isr up,	0.064288240	0.063877305	0.128829577	0.129053837	0.144245859	0.143785602	0.134426800	0.135220443	0.116539072	0.115499629	0.096194363	0.096532312	0.078351993	0.077480024	0.057402816	0.059594802	0.047068959	0.046412055	0.036648177	0.036349562	0.028373423	0.028172346	0.020590795	0.020964119	0.015661180	0.015563365	0.010365428	0.010544345	0.007383565	0.007346150	0.005235745	0.005282799	0.003542065	0.003639699	0.002369481	0.002344909	0.001590642	0.001442735	0.000891819	0.000893961
t#bar{t} isr dn,	0.064211960	0.063877305	0.129083117	0.129053837	0.143904299	0.143785602	0.134051910	0.135220443	0.116545382	0.115499629	0.096129809	0.096532312	0.078129449	0.077480024	0.058791093	0.059594802	0.046549554	0.046412055	0.036278752	0.036349562	0.028298051	0.028172346	0.020800851	0.020964119	0.015705941	0.015563365	0.010568996	0.010544345	0.007525103	0.007346150	0.005226903	0.005282799	0.003412270	0.003639699	0.002289780	0.002344909	0.001610097	0.001442735	0.000886683	0.000893961
t#bar{t} fsr up,	0.063062436	0.063877305	0.130237093	0.129053837	0.144285798	0.143785602	0.135437242	0.135220443	0.114664844	0.115499629	0.095925018	0.096532312	0.077626229	0.077480024	0.059630967	0.059594802	0.047052433	0.046412055	0.036494050	0.036349562	0.028569258	0.028172346	0.020574188	0.020964119	0.015056276	0.015563365	0.010922481	0.010544345	0.007067187	0.007346150	0.005224248	0.005282799	0.003221041	0.003639699	0.002692472	0.002344909	0.001411972	0.001442735	0.000844768	0.000893961
t#bar{t} fsr dn,	0.064118774	0.063877305	0.129025272	0.129053837	0.143850081	0.143785602	0.134361046	0.135220443	0.116436666	0.115499629	0.097118469	0.096532312	0.077008997	0.077480024	0.058042103	0.059594802	0.047411102	0.046412055	0.036708508	0.036349562	0.028342990	0.028172346	0.020859238	0.020964119	0.015403833	0.015563365	0.010196370	0.010544345	0.007520547	0.007346150	0.005095897	0.005282799	0.003738583	0.003639699	0.002252724	0.002344909	0.001551714	0.001442735	0.000957084	0.000893961
t#bar{t} hdamp up,	0.063953207	0.063877305	0.129553641	0.129053837	0.143497613	0.143785602	0.136451123	0.135220443	0.115668285	0.115499629	0.093641831	0.096532312	0.078233231	0.077480024	0.059880474	0.059594802	0.045977280	0.046412055	0.037501432	0.036349562	0.027837735	0.028172346	0.021181138	0.020964119	0.014619287	0.015563365	0.010757838	0.010544345	0.007759964	0.007346150	0.005376172	0.005282799	0.003589368	0.003639699	0.002111069	0.002344909	0.001604487	0.001442735	0.000804824	0.000893961
t#bar{t} hdamp dn,	0.064164416	0.063877305	0.130181827	0.129053837	0.141533025	0.143785602	0.135199107	0.135220443	0.116544036	0.115499629	0.097067125	0.096532312	0.077518254	0.077480024	0.059110819	0.059594802	0.046548004	0.046412055	0.036001860	0.036349562	0.028443042	0.028172346	0.020486428	0.020964119	0.015905804	0.015563365	0.010619786	0.010544345	0.007037670	0.007346150	0.005100412	0.005282799	0.003553984	0.003639699	0.002710560	0.002344909	0.001611555	0.001442735	0.000662287	0.000893961
t#bar{t} UEup,	0.064521037	0.063877305	0.129001439	0.129053837	0.143349410	0.143785602	0.135407405	0.135220443	0.116196363	0.115499629	0.096228194	0.096532312	0.077704860	0.077480024	0.058272463	0.059594802	0.046693286	0.046412055	0.037233137	0.036349562	0.028041138	0.028172346	0.019956128	0.020964119	0.015528830	0.015563365	0.011334061	0.010544345	0.007370807	0.007346150	0.004926595	0.005282799	0.003471523	0.003639699	0.002482861	0.002344909	0.001354926	0.001442735	0.000925536	0.000893961
t#bar{t} UEdn,	0.064138421	0.063877305	0.129469962	0.129053837	0.142103506	0.143785602	0.135966248	0.135220443	0.115708616	0.115499629	0.098104915	0.096532312	0.076339108	0.077480024	0.058835765	0.059594802	0.047052568	0.046412055	0.036693795	0.036349562	0.028202483	0.028172346	0.020439568	0.020964119	0.015211542	0.015563365	0.010756702	0.010544345	0.007440426	0.007346150	0.005031256	0.005282799	0.003639864	0.003639699	0.002355018	0.002344909	0.001623196	0.001442735	0.000887042	0.000893961
t#bar{t} pileup up,	0.063972853	0.063877305	0.129102423	0.129053837	0.143194222	0.143785602	0.135085940	0.135220443	0.115677764	0.115499629	0.097349198	0.096532312	0.077035629	0.077480024	0.059539960	0.059594802	0.046838169	0.046412055	0.035982705	0.036349562	0.028147377	0.028172346	0.021099004	0.020964119	0.015509256	0.015563365	0.010631635	0.010544345	0.007316676	0.007346150	0.005227061	0.005282799	0.003571277	0.003639699	0.002342756	0.002344909	0.001434594	0.001442735	0.000941502	0.000893961
t#bar{t} pileup down,	0.063923868	0.063877305	0.128858256	0.129053837	0.144246686	0.143785602	0.135219034	0.135220443	0.115188349	0.115499629	0.096189854	0.096532312	0.077851946	0.077480024	0.059654737	0.059594802	0.046166838	0.046412055	0.036542126	0.036349562	0.028202243	0.028172346	0.020949972	0.020964119	0.015508566	0.015563365	0.010591698	0.010544345	0.007290013	0.007346150	0.005328954	0.005282799	0.003652079	0.003639699	0.002395420	0.002344909	0.001416880	0.001442735	0.000822485	0.000893961
t#bar{t} trig efficiency correction up,	0.063625062	0.063877305	0.128710613	0.129053837	0.144700308	0.143785602	0.135209023	0.135220443	0.114427644	0.115499629	0.097134410	0.096532312	0.077557980	0.077480024	0.060018352	0.059594802	0.046120533	0.046412055	0.036317690	0.036349562	0.028050555	0.028172346	0.021046808	0.020964119	0.015621034	0.015563365	0.010712286	0.010544345	0.007158342	0.007346150	0.005272130	0.005282799	0.003621201	0.003639699	0.002468017	0.002344909	0.001403983	0.001442735	0.000824030	0.000893961
t#bar{t} trig efficiency correction down,	0.063598558	0.063877305	0.128759017	0.129053837	0.144675352	0.143785602	0.135218042	0.135220443	0.114434247	0.115499629	0.097105953	0.096532312	0.077545307	0.077480024	0.060047602	0.059594802	0.046111312	0.046412055	0.036327313	0.036349562	0.028038550	0.028172346	0.021050741	0.020964119	0.015622948	0.015563365	0.010711326	0.010544345	0.007162722	0.007346150	0.005268578	0.005282799	0.003628847	0.003639699	0.002466137	0.002344909	0.001402678	0.001442735	0.000824769	0.000893961
t#bar{t} sel efficiency correction up,	0.063616347	0.063877305	0.128716515	0.129053837	0.144708404	0.143785602	0.135205249	0.135220443	0.114412939	0.115499629	0.097148914	0.096532312	0.077568423	0.077480024	0.060012570	0.059594802	0.046112462	0.046412055	0.036317499	0.036349562	0.028052448	0.028172346	0.021044850	0.020964119	0.015624030	0.015563365	0.010712152	0.010544345	0.007156395	0.007346150	0.005271276	0.005282799	0.003623150	0.003639699	0.002468546	0.002344909	0.001403902	0.001442735	0.000823928	0.000893961
t#bar{t} sel efficiency correction down,	0.063607287	0.063877305	0.128753195	0.129053837	0.144667075	0.143785602	0.135221941	0.135220443	0.114449187	0.115499629	0.097091198	0.096532312	0.077534790	0.077480024	0.060053364	0.059594802	0.046119474	0.046412055	0.036327459	0.036349562	0.028036669	0.028172346	0.021052696	0.020964119	0.015619949	0.015563365	0.010711380	0.010544345	0.007164713	0.007346150	0.005269433	0.005282799	0.003626981	0.003639699	0.002465563	0.002344909	0.001402766	0.001442735	0.000824879	0.000893961
t#bar{t} b fragmentation up,	0.063211873	0.063877305	0.129106963	0.129053837	0.144917848	0.143785602	0.135066918	0.135220443	0.113565791	0.115499629	0.097915892	0.096532312	0.077766358	0.077480024	0.060022368	0.059594802	0.046089449	0.046412055	0.036206976	0.036349562	0.028071529	0.028172346	0.021020730	0.020964119	0.015447333	0.015563365	0.010842759	0.010544345	0.007104637	0.007346150	0.005237445	0.005282799	0.003688381	0.003639699	0.002515414	0.002344909	0.001421932	0.001442735	0.000779405	0.000893961
t#bar{t} b fragmentation down,	0.063819588	0.063877305	0.128463257	0.129053837	0.144609161	0.143785602	0.135289431	0.135220443	0.114742719	0.115499629	0.096858907	0.096532312	0.077423553	0.077480024	0.060154461	0.059594802	0.046098027	0.046412055	0.036342926	0.036349562	0.027972699	0.028172346	0.021097532	0.020964119	0.015708737	0.015563365	0.010636155	0.010544345	0.007216309	0.007346150	0.005274922	0.005282799	0.003591683	0.003639699	0.002441505	0.002344909	0.001414342	0.001442735	0.000844084	0.000893961
t#bar{t} Peterson Frag,	0.063599981	0.063877305	0.128739457	0.129053837	0.144580349	0.143785602	0.134962579	0.135220443	0.114086782	0.115499629	0.097958455	0.096532312	0.077346579	0.077480024	0.060177730	0.059594802	0.046190808	0.046412055	0.036157056	0.036349562	0.028016335	0.028172346	0.021134681	0.020964119	0.015511286	0.015563365	0.010749509	0.010544345	0.007120250	0.007346150	0.005236964	0.005282799	0.003668830	0.003639699	0.002497652	0.002344909	0.001461433	0.001442735	0.000803282	0.000893961
t#bar{t} semilep BR up,	0.063614954	0.063877305	0.128764400	0.129053837	0.144626309	0.143785602	0.135218441	0.135220443	0.114425854	0.115499629	0.097113059	0.096532312	0.077607010	0.077480024	0.060046138	0.059594802	0.046079527	0.046412055	0.036279151	0.036349562	0.028053957	0.028172346	0.021085887	0.020964119	0.015623153	0.015563365	0.010722407	0.010544345	0.007148354	0.007346150	0.005273040	0.005282799	0.003613030	0.003639699	0.002465796	0.002344909	0.001408965	0.001442735	0.000830568	0.000893961
t#bar{t} semilep BR down,	0.063608781	0.063877305	0.128743881	0.129053837	0.144693571	0.143785602	0.135194617	0.135220443	0.114440509	0.115499629	0.097126005	0.096532312	0.077546922	0.077480024	0.060013045	0.059594802	0.046126643	0.046412055	0.036333855	0.036349562	0.028044438	0.028172346	0.021043786	0.020964119	0.015614328	0.015563365	0.010713511	0.010544345	0.007162257	0.007346150	0.005268818	0.005282799	0.003630949	0.003639699	0.002466377	0.002344909	0.001403953	0.001442735	0.000823752	0.000893961
t#bar{t} ERDon,	0.063691080	0.063877305	0.129976908	0.129053837	0.143684518	0.143785602	0.135092114	0.135220443	0.116118931	0.115499629	0.095510489	0.096532312	0.077510352	0.077480024	0.058908891	0.059594802	0.047122027	0.046412055	0.037031836	0.036349562	0.027973490	0.028172346	0.020097310	0.020964119	0.015477000	0.015563365	0.010627663	0.010544345	0.007554066	0.007346150	0.005184074	0.005282799	0.003723509	0.003639699	0.002378575	0.002344909	0.001585016	0.001442735	0.000752154	0.000893961
t#bar{t} QCDbased,	0.063666826	0.063877305	0.130028223	0.129053837	0.143257997	0.143785602	0.135011065	0.135220443	0.115130068	0.115499629	0.096770200	0.096532312	0.078271076	0.077480024	0.059204685	0.059594802	0.045694858	0.046412055	0.036393711	0.036349562	0.028632054	0.028172346	0.020981538	0.020964119	0.015215970	0.015563365	0.011036635	0.010544345	0.007290504	0.007346150	0.004769425	0.005282799	0.003654579	0.003639699	0.002409972	0.002344909	0.001568937	0.001442735	0.001011677	0.000893961
t#bar{t} gluon move,	0.064413964	0.063877305	0.129135400	0.129053837	0.142953656	0.143785602	0.134396352	0.135220443	0.116547358	0.115499629	0.096835658	0.096532312	0.077491392	0.077480024	0.058920102	0.059594802	0.046626927	0.046412055	0.036285493	0.036349562	0.028334946	0.028172346	0.021067610	0.020964119	0.015493112	0.015563365	0.010558676	0.010544345	0.007268841	0.007346150	0.005194912	0.005282799	0.003579575	0.003639699	0.002304561	0.002344909	0.001689190	0.001442735	0.000902274	0.000893961
