t#bar{t} pileup up,	0.050647866	0.050590468	0.050895946	0.050922752	0.050385073	0.050427239	0.050297488	0.050327139	0.049871789	0.049978521	0.048973622	0.048968128	0.048785700	0.048745993	0.048316552	0.048332338	0.047925872	0.047958320	0.047696994	0.047832156	0.048150613	0.048176511	0.049278059	0.049182606	0.048740748	0.048743625	0.050038321	0.049942128	0.049771018	0.049817600	0.050975220	0.050913841	0.051761913	0.051694915	0.052167149	0.052177776	0.052903057	0.052879594	0.052417000	0.052388350
t#bar{t} pileup down,	0.050558382	0.050590468	0.050994509	0.050922752	0.050448163	0.050427239	0.050325684	0.050327139	0.050092806	0.049978521	0.048956071	0.048968128	0.048714872	0.048745993	0.048362262	0.048332338	0.047974949	0.047958320	0.047934445	0.047832156	0.048215456	0.048176511	0.049115427	0.049182606	0.048744340	0.048743625	0.049834031	0.049942128	0.049836020	0.049817600	0.050842991	0.050913841	0.051658178	0.051694915	0.052148942	0.052177776	0.052868577	0.052879594	0.052373894	0.052388350
t#bar{t} trig efficiency correction up,	0.050544789	0.050590468	0.051073134	0.050922752	0.050248120	0.050427239	0.050193535	0.050327139	0.050063723	0.049978521	0.049041942	0.048968128	0.048687631	0.048745993	0.048320421	0.048332338	0.047934699	0.047958320	0.047823247	0.047832156	0.048234167	0.048176511	0.049074802	0.049182606	0.048738204	0.048743625	0.049842835	0.049942128	0.049895845	0.049817600	0.050915131	0.050913841	0.051770561	0.051694915	0.052169511	0.052177776	0.052763431	0.052879594	0.052664273	0.052388350
t#bar{t} trig efficiency correction down,	0.050543399	0.050590468	0.051069753	0.050922752	0.050253453	0.050427239	0.050195837	0.050327139	0.050059527	0.049978521	0.049042447	0.048968128	0.048691489	0.048745993	0.048324583	0.048332338	0.047937703	0.047958320	0.047827961	0.047832156	0.048231277	0.048176511	0.049070469	0.049182606	0.048737070	0.048743625	0.049841234	0.049942128	0.049894008	0.049817600	0.050913610	0.050913841	0.051770082	0.051694915	0.052169371	0.052177776	0.052764776	0.052879594	0.052661950	0.052388350
t#bar{t} sel efficiency correction up,	0.050545300	0.050590468	0.051070287	0.050922752	0.050250073	0.050427239	0.050192100	0.050327139	0.050063178	0.049978521	0.049041373	0.048968128	0.048691060	0.048745993	0.048321554	0.048332338	0.047934415	0.047958320	0.047824305	0.047832156	0.048231617	0.048176511	0.049073588	0.049182606	0.048736891	0.048743625	0.049842367	0.049942128	0.049896177	0.049817600	0.050913515	0.050913841	0.051770779	0.051694915	0.052171633	0.052177776	0.052764285	0.052879594	0.052665502	0.052388350
t#bar{t} sel efficiency correction down,	0.050542896	0.050590468	0.051072653	0.050922752	0.050251478	0.050427239	0.050197278	0.050327139	0.050060063	0.049978521	0.049043014	0.048968128	0.048688026	0.048745993	0.048323444	0.048332338	0.047937995	0.047958320	0.047826902	0.047832156	0.048233851	0.048176511	0.049071687	0.049182606	0.048738396	0.048743625	0.049841695	0.049942128	0.049893664	0.049817600	0.050915233	0.050913841	0.051769839	0.051694915	0.052167214	0.052177776	0.052763938	0.052879594	0.052660734	0.052388350
t#bar{t} b fragmentation up,	0.050508256	0.050590468	0.051028470	0.050922752	0.050169281	0.050427239	0.050151298	0.050327139	0.050091316	0.049978521	0.049036017	0.048968128	0.048734662	0.048745993	0.048303072	0.048332338	0.048027029	0.047958320	0.048006778	0.047832156	0.048163933	0.048176511	0.049025547	0.049182606	0.048771563	0.048743625	0.049832234	0.049942128	0.049888723	0.049817600	0.051040316	0.050913841	0.051785589	0.051694915	0.052075449	0.052177776	0.052753270	0.052879594	0.052607199	0.052388350
t#bar{t} b fragmentation down,	0.050555379	0.050590468	0.051079968	0.050922752	0.050304437	0.050427239	0.050203107	0.050327139	0.050021602	0.049978521	0.049073755	0.048968128	0.048675247	0.048745993	0.048332516	0.048332338	0.047909429	0.047958320	0.047728749	0.047832156	0.048247559	0.048176511	0.049116184	0.049182606	0.048714977	0.048743625	0.049854633	0.049942128	0.049905796	0.049817600	0.050859959	0.050913841	0.051751003	0.051694915	0.052216269	0.052177776	0.052753447	0.052879594	0.052695984	0.052388350
t#bar{t} Peterson Frag,	0.050511600	0.050590468	0.051088664	0.050922752	0.050223872	0.050427239	0.050190333	0.050327139	0.050022550	0.049978521	0.049016799	0.048968128	0.048770255	0.048745993	0.048334310	0.048332338	0.047982646	0.047958320	0.047866186	0.047832156	0.048160453	0.048176511	0.049087947	0.049182606	0.048747944	0.048743625	0.049864322	0.049942128	0.049958738	0.049817600	0.050900608	0.050913841	0.051737966	0.051694915	0.052114926	0.052177776	0.052746613	0.052879594	0.052673266	0.052388350
t#bar{t} semilep BR up,	0.050557778	0.050590468	0.051084495	0.050922752	0.050252165	0.050427239	0.050194154	0.050327139	0.050071512	0.049978521	0.049040936	0.048968128	0.048687486	0.048745993	0.048323465	0.048332338	0.047934776	0.047958320	0.047826085	0.047832156	0.048225775	0.048176511	0.049067128	0.049182606	0.048747425	0.048743625	0.049846466	0.049942128	0.049896941	0.049817600	0.050898972	0.050913841	0.051761110	0.051694915	0.052162258	0.052177776	0.052763004	0.052879594	0.052658069	0.052388350
t#bar{t} semilep BR down,	0.050548721	0.050590468	0.051073106	0.050922752	0.050250445	0.050427239	0.050192561	0.050327139	0.050058242	0.049978521	0.049041119	0.048968128	0.048686530	0.048745993	0.048324277	0.048332338	0.047935108	0.047958320	0.047825724	0.047832156	0.048232434	0.048176511	0.049069131	0.049182606	0.048737558	0.048743625	0.049840863	0.049942128	0.049896997	0.049817600	0.050914165	0.050913841	0.051768989	0.051694915	0.052174758	0.052177776	0.052764233	0.052879594	0.052665037	0.052388350
t#bar{t} QCD scale 1,	0.050471453	0.050590468	0.051014275	0.050922752	0.050296915	0.050427239	0.050152546	0.050327139	0.050033744	0.049978521	0.048994831	0.048968128	0.048690775	0.048745993	0.048360020	0.048332338	0.047975033	0.047958320	0.047868467	0.047832156	0.048252010	0.048176511	0.049134295	0.049182606	0.048805377	0.048743625	0.049866491	0.049942128	0.049933507	0.049817600	0.050844976	0.050913841	0.051766292	0.051694915	0.052109817	0.052177776	0.052774617	0.052879594	0.052654557	0.052388350
t#bar{t} QCD scale 2,	0.050550371	0.050590468	0.051062415	0.050922752	0.050241004	0.050427239	0.050176050	0.050327139	0.050049926	0.049978521	0.049022929	0.048968128	0.048652499	0.048745993	0.048306314	0.048332338	0.047899123	0.047958320	0.047815297	0.047832156	0.048226879	0.048176511	0.049092150	0.049182606	0.048790010	0.048743625	0.049813575	0.049942128	0.049906641	0.049817600	0.050917947	0.050913841	0.051811168	0.051694915	0.052164942	0.052177776	0.052863165	0.052879594	0.052637596	0.052388350
t#bar{t} QCD scale 3,	0.050604377	0.050590468	0.051108091	0.050922752	0.050218242	0.050427239	0.050212945	0.050327139	0.050082767	0.049978521	0.049064192	0.048968128	0.048652222	0.048745993	0.048270693	0.048332338	0.047859729	0.047958320	0.047781533	0.047832156	0.048215742	0.048176511	0.049047876	0.049182606	0.048739172	0.048743625	0.049794716	0.049942128	0.049871140	0.049817600	0.050969945	0.050913841	0.051812665	0.051694915	0.052209643	0.052177776	0.052850561	0.052879594	0.052633749	0.052388350
t#bar{t} QCD scale 4,	0.050490267	0.050590468	0.051006486	0.050922752	0.050267787	0.050427239	0.050137617	0.050327139	0.050013555	0.049978521	0.048980910	0.048968128	0.048652485	0.048745993	0.048341983	0.048332338	0.047934984	0.047958320	0.047851923	0.047832156	0.048242882	0.048176511	0.049149195	0.049182606	0.048851977	0.048743625	0.049839429	0.049942128	0.049941150	0.049817600	0.050864052	0.050913841	0.051803567	0.051694915	0.052115764	0.052177776	0.052875262	0.052879594	0.052638725	0.052388350
t#bar{t} QCD scale 5,	0.050607641	0.050590468	0.051124377	0.050922752	0.050202741	0.050427239	0.050257748	0.050327139	0.050115104	0.049978521	0.049115699	0.048968128	0.048720169	0.048745993	0.048294026	0.048332338	0.047923470	0.047958320	0.047789512	0.047832156	0.048240206	0.048176511	0.049008615	0.049182606	0.048630288	0.048743625	0.049847527	0.049942128	0.049819823	0.049817600	0.050988901	0.050913841	0.051743112	0.051694915	0.052240396	0.052177776	0.052630201	0.052879594	0.052700444	0.052388350
t#bar{t} QCD scale 6,	0.050531752	0.050590468	0.051051734	0.050922752	0.050224546	0.050427239	0.050176523	0.050327139	0.050055349	0.049978521	0.049027997	0.048968128	0.048692675	0.048745993	0.048319754	0.048332338	0.047933469	0.047958320	0.047824649	0.047832156	0.048241727	0.048176511	0.049076299	0.049182606	0.048769673	0.048743625	0.049862309	0.049942128	0.049898177	0.049817600	0.050923548	0.050913841	0.051772503	0.051694915	0.052178501	0.052177776	0.052760849	0.052879594	0.052677966	0.052388350
t#bar{t} jec_CorrelationGroupMPFInSitu up,	0.050333375	0.050590468	0.050903216	0.050922752	0.050335114	0.050427239	0.050123559	0.050327139	0.049868203	0.049978521	0.049144047	0.048968128	0.048766119	0.048745993	0.048246045	0.048332338	0.048191982	0.047958320	0.047832813	0.047832156	0.048498891	0.048176511	0.048927295	0.049182606	0.048759167	0.048743625	0.049786531	0.049942128	0.050103996	0.049817600	0.050937943	0.050913841	0.051768278	0.051694915	0.052071138	0.052177776	0.052863208	0.052879594	0.052539083	0.052388350
t#bar{t} jec_RelativeFSR up,	0.050144191	0.050590468	0.050759970	0.050922752	0.050184876	0.050427239	0.050113020	0.050327139	0.049922523	0.049978521	0.049114153	0.048968128	0.048973610	0.048745993	0.048268296	0.048332338	0.048163873	0.047958320	0.047871076	0.047832156	0.048344518	0.048176511	0.049420632	0.049182606	0.048797481	0.048743625	0.049713840	0.049942128	0.049840320	0.049817600	0.050944706	0.050913841	0.051633023	0.051694915	0.052285415	0.052177776	0.052918035	0.052879594	0.052586443	0.052388350
t#bar{t} jec_CorrelationGroupUncorrelated up,	0.050419351	0.050590468	0.050878746	0.050922752	0.050046342	0.050427239	0.049938943	0.050327139	0.050206313	0.049978521	0.049168126	0.048968128	0.048943299	0.048745993	0.048218623	0.048332338	0.048211975	0.047958320	0.048042999	0.047832156	0.048295310	0.048176511	0.049106236	0.049182606	0.048845834	0.048743625	0.049398386	0.049942128	0.049764832	0.049817600	0.051040746	0.050913841	0.051844155	0.051694915	0.052157163	0.052177776	0.052859332	0.052879594	0.052613289	0.052388350
t#bar{t} jec_FlavorPureGluon up,	0.050359529	0.050590468	0.051027885	0.050922752	0.050215195	0.050427239	0.049971462	0.050327139	0.050276069	0.049978521	0.049005882	0.048968128	0.048941792	0.048745993	0.048408190	0.048332338	0.048142127	0.047958320	0.047927395	0.047832156	0.048153845	0.048176511	0.049397289	0.049182606	0.048499001	0.048743625	0.049342117	0.049942128	0.050109413	0.049817600	0.051098291	0.050913841	0.051646402	0.051694915	0.051832628	0.052177776	0.052896679	0.052879594	0.052748810	0.052388350
t#bar{t} jec_FlavorPureQuark up,	0.050216823	0.050590468	0.050809123	0.050922752	0.050389924	0.050427239	0.050201715	0.050327139	0.050073480	0.049978521	0.048832837	0.048968128	0.048979267	0.048745993	0.048502889	0.048332338	0.047941065	0.047958320	0.047522265	0.047832156	0.048417695	0.048176511	0.049192212	0.049182606	0.048678047	0.048743625	0.049584770	0.049942128	0.050061430	0.049817600	0.050870288	0.050913841	0.051774479	0.051694915	0.052103603	0.052177776	0.053153723	0.052879594	0.052694365	0.052388350
t#bar{t} jec_FlavorPureCharm up,	0.050211381	0.050590468	0.050908804	0.050922752	0.050152939	0.050427239	0.050120031	0.050327139	0.050258606	0.049978521	0.049066027	0.048968128	0.048941359	0.048745993	0.048233250	0.048332338	0.047824696	0.047958320	0.047780103	0.047832156	0.048173447	0.048176511	0.049434668	0.049182606	0.048915364	0.048743625	0.049846788	0.049942128	0.049908466	0.049817600	0.050971249	0.050913841	0.051719384	0.051694915	0.052212486	0.052177776	0.052860406	0.052879594	0.052460546	0.052388350
t#bar{t} jec_FlavorPureBottom up,	0.050462039	0.050590468	0.050882608	0.050922752	0.050340630	0.050427239	0.050164725	0.050327139	0.049865697	0.049978521	0.048933055	0.048968128	0.049002424	0.048745993	0.048409223	0.048332338	0.048149970	0.047958320	0.047770597	0.047832156	0.048283343	0.048176511	0.049327824	0.049182606	0.048658610	0.048743625	0.049565821	0.049942128	0.049941039	0.049817600	0.050902334	0.050913841	0.051836494	0.051694915	0.052027691	0.052177776	0.052782218	0.052879594	0.052693656	0.052388350
t#bar{t} jer up,	0.050449896	0.050590468	0.051009535	0.050922752	0.050460373	0.050427239	0.050006941	0.050327139	0.049999985	0.049978521	0.048965411	0.048968128	0.048873851	0.048745993	0.048455331	0.048332338	0.047889098	0.047958320	0.047794812	0.047832156	0.048410366	0.048176511	0.049241647	0.049182606	0.048845546	0.048743625	0.049515191	0.049942128	0.049859140	0.049817600	0.050858635	0.050913841	0.051787263	0.051694915	0.051984725	0.052177776	0.053027390	0.052879594	0.052564862	0.052388350
t#bar{t} btag_heavy up,	0.050453046	0.050590468	0.050851381	0.050922752	0.050203631	0.050427239	0.050210305	0.050327139	0.050082184	0.049978521	0.048845859	0.048968128	0.048834178	0.048745993	0.048285011	0.048332338	0.048322780	0.047958320	0.047829827	0.047832156	0.048190323	0.048176511	0.049099560	0.049182606	0.049003145	0.048743625	0.049769550	0.049942128	0.050001703	0.049817600	0.050938538	0.050913841	0.051582202	0.051694915	0.051982072	0.052177776	0.052875166	0.052879594	0.052639540	0.052388350
t#bar{t} btag_light up,	0.050157233	0.050590468	0.050963597	0.050922752	0.050430647	0.050427239	0.049999481	0.050327139	0.049944874	0.049978521	0.049024350	0.048968128	0.048959070	0.048745993	0.048366722	0.048332338	0.048236112	0.047958320	0.047795148	0.047832156	0.048327100	0.048176511	0.049167741	0.049182606	0.048790423	0.048743625	0.049566861	0.049942128	0.050063033	0.049817600	0.050853038	0.050913841	0.051706833	0.051694915	0.052229994	0.052177776	0.052893445	0.052879594	0.052524300	0.052388350
t#bar{t} csv_heavy up,	0.050408665	0.050590468	0.050729342	0.050922752	0.050359941	0.050427239	0.050292253	0.050327139	0.049779708	0.049978521	0.048943750	0.048968128	0.049306897	0.048745993	0.048230799	0.048332338	0.048108653	0.047958320	0.047765954	0.047832156	0.048388726	0.048176511	0.049423445	0.049182606	0.048875885	0.048743625	0.049500844	0.049942128	0.049816394	0.049817600	0.050847949	0.050913841	0.051458050	0.051694915	0.051964628	0.052177776	0.053210336	0.052879594	0.052587783	0.052388350
t#bar{t} csv_light up,	0.050294904	0.050590468	0.050872845	0.050922752	0.050287660	0.050427239	0.049966425	0.050327139	0.050086494	0.049978521	0.049248785	0.048968128	0.048889830	0.048745993	0.048244905	0.048332338	0.048025462	0.047958320	0.047659194	0.047832156	0.048260120	0.048176511	0.049252825	0.049182606	0.049002644	0.048743625	0.049622053	0.049942128	0.049839161	0.049817600	0.050920106	0.050913841	0.051740147	0.051694915	0.052278352	0.052177776	0.052874116	0.052879594	0.052633970	0.052388350
t#bar{t} tracking up,	0.050488735	0.050590468	0.050870635	0.050922752	0.050364257	0.050427239	0.050002889	0.050327139	0.050167102	0.049978521	0.049001527	0.048968128	0.049013512	0.048745993	0.048342313	0.048332338	0.048100704	0.047958320	0.047747181	0.047832156	0.048285378	0.048176511	0.049282513	0.049182606	0.048841828	0.048743625	0.049700706	0.049942128	0.050068353	0.049817600	0.050882356	0.050913841	0.051556064	0.051694915	0.051908892	0.052177776	0.052854748	0.052879594	0.052520307	0.052388350
t#bar{t} jec_CorrelationGroupMPFInSitu down,	0.050187442	0.050590468	0.050840467	0.050922752	0.050337927	0.050427239	0.050293278	0.050327139	0.049901688	0.049978521	0.049050281	0.048968128	0.048867358	0.048745993	0.048316664	0.048332338	0.048132058	0.047958320	0.047781223	0.047832156	0.048120789	0.048176511	0.049228665	0.049182606	0.048863271	0.048743625	0.049499146	0.049942128	0.050063128	0.049817600	0.051239441	0.050913841	0.051770263	0.051694915	0.052312322	0.052177776	0.052717301	0.052879594	0.052477289	0.052388350
t#bar{t} jec_RelativeFSR down,	0.050293173	0.050590468	0.050796585	0.050922752	0.050306337	0.050427239	0.050318396	0.050327139	0.050093278	0.049978521	0.048947440	0.048968128	0.048793239	0.048745993	0.048311060	0.048332338	0.048145912	0.047958320	0.047900962	0.047832156	0.048226450	0.048176511	0.049342412	0.049182606	0.048913496	0.048743625	0.049630505	0.049942128	0.049804647	0.049817600	0.050925867	0.050913841	0.051612144	0.051694915	0.052189702	0.052177776	0.052842256	0.052879594	0.052606141	0.052388350
t#bar{t} jec_CorrelationGroupUncorrelated down,	0.050379553	0.050590468	0.050894507	0.050922752	0.050180966	0.050427239	0.050217605	0.050327139	0.049886839	0.049978521	0.049058096	0.048968128	0.048911924	0.048745993	0.048388254	0.048332338	0.048035347	0.047958320	0.047794846	0.047832156	0.048260310	0.048176511	0.049097220	0.049182606	0.048639187	0.048743625	0.049787194	0.049942128	0.049919263	0.049817600	0.051101505	0.050913841	0.051745187	0.051694915	0.052274383	0.052177776	0.052750298	0.052879594	0.052677514	0.052388350
t#bar{t} jec_FlavorPureGluon down,	0.050477618	0.050590468	0.050783575	0.050922752	0.050240861	0.050427239	0.050106723	0.050327139	0.049943498	0.049978521	0.048907798	0.048968128	0.048856202	0.048745993	0.048320019	0.048332338	0.048034727	0.047958320	0.047778250	0.047832156	0.048305079	0.048176511	0.049231806	0.049182606	0.048918767	0.048743625	0.049704562	0.049942128	0.050030262	0.049817600	0.050891403	0.050913841	0.051854601	0.051694915	0.052328017	0.052177776	0.052615993	0.052879594	0.052670238	0.052388350
t#bar{t} jec_FlavorPureQuark down,	0.050365316	0.050590468	0.050915125	0.050922752	0.050389336	0.050427239	0.050057243	0.050327139	0.049932792	0.049978521	0.049153054	0.048968128	0.048885844	0.048745993	0.048301693	0.048332338	0.048028690	0.047958320	0.047672893	0.047832156	0.048091386	0.048176511	0.049139015	0.049182606	0.048837524	0.048743625	0.049667383	0.049942128	0.049977417	0.049817600	0.051130370	0.050913841	0.051727284	0.051694915	0.052023697	0.052177776	0.053076657	0.052879594	0.052627282	0.052388350
t#bar{t} jec_FlavorPureCharm down,	0.050401537	0.050590468	0.050924560	0.050922752	0.050319064	0.050427239	0.050099492	0.050327139	0.050243931	0.049978521	0.049052235	0.048968128	0.048792205	0.048745993	0.048235555	0.048332338	0.047960420	0.047958320	0.047663160	0.047832156	0.048166530	0.048176511	0.049240512	0.049182606	0.048782557	0.048743625	0.049652553	0.049942128	0.050127350	0.049817600	0.050726257	0.050913841	0.051728195	0.051694915	0.052258444	0.052177776	0.052888802	0.052879594	0.052736642	0.052388350
t#bar{t} jec_FlavorPureBottom down,	0.050350118	0.050590468	0.050949967	0.050922752	0.050463499	0.050427239	0.050172758	0.050327139	0.050278859	0.049978521	0.048912702	0.048968128	0.049048938	0.048745993	0.048399207	0.048332338	0.048222614	0.047958320	0.047662741	0.047832156	0.048281767	0.048176511	0.049042475	0.049182606	0.049136491	0.048743625	0.049300193	0.049942128	0.049899342	0.049817600	0.050936903	0.050913841	0.051374158	0.051694915	0.052204075	0.052177776	0.052851926	0.052879594	0.052511267	0.052388350
t#bar{t} jer down,	0.050398547	0.050590468	0.050821361	0.050922752	0.050222163	0.050427239	0.050141834	0.050327139	0.050011211	0.049978521	0.049104909	0.048968128	0.048992224	0.048745993	0.048090479	0.048332338	0.048164865	0.047958320	0.047595560	0.047832156	0.048308828	0.048176511	0.049077425	0.049182606	0.049070778	0.048743625	0.049472438	0.049942128	0.049943371	0.049817600	0.051141771	0.050913841	0.051638121	0.051694915	0.052305375	0.052177776	0.053100134	0.052879594	0.052398607	0.052388350
t#bar{t} btag_heavy down,	0.050442140	0.050590468	0.051011514	0.050922752	0.050447713	0.050427239	0.050104760	0.050327139	0.050174478	0.049978521	0.048992320	0.048968128	0.048892928	0.048745993	0.048357522	0.048332338	0.048254244	0.047958320	0.047719429	0.047832156	0.048001759	0.048176511	0.049281172	0.049182606	0.048731511	0.048743625	0.049526430	0.049942128	0.049996857	0.049817600	0.050970353	0.050913841	0.051605423	0.051694915	0.052008017	0.052177776	0.052693106	0.052879594	0.052788323	0.052388350
t#bar{t} btag_light down,	0.050439019	0.050590468	0.050806962	0.050922752	0.050429208	0.050427239	0.050228292	0.050327139	0.049891521	0.049978521	0.048788032	0.048968128	0.049022897	0.048745993	0.048157265	0.048332338	0.048028244	0.047958320	0.047888315	0.047832156	0.048218790	0.048176511	0.049147224	0.049182606	0.048834546	0.048743625	0.049695313	0.049942128	0.050018911	0.049817600	0.050883229	0.050913841	0.051685387	0.051694915	0.052020389	0.052177776	0.053015249	0.052879594	0.052801207	0.052388350
t#bar{t} csv_heavy down,	0.050477457	0.050590468	0.050764861	0.050922752	0.050758051	0.050427239	0.050369638	0.050327139	0.050137754	0.049978521	0.048985437	0.048968128	0.048846929	0.048745993	0.048382202	0.048332338	0.048263970	0.047958320	0.047729369	0.047832156	0.048036744	0.048176511	0.049095971	0.049182606	0.048780035	0.048743625	0.049598372	0.049942128	0.049874823	0.049817600	0.050965984	0.050913841	0.051590221	0.051694915	0.052242519	0.052177776	0.052695312	0.052879594	0.052404349	0.052388350
t#bar{t} csv_light down,	0.050304491	0.050590468	0.050824739	0.050922752	0.050348222	0.050427239	0.050389364	0.050327139	0.050253001	0.049978521	0.049117943	0.048968128	0.048915403	0.048745993	0.048112673	0.048332338	0.048043556	0.047958320	0.047586284	0.047832156	0.048277851	0.048176511	0.049373524	0.049182606	0.048670742	0.048743625	0.049608381	0.049942128	0.049961048	0.049817600	0.050998792	0.050913841	0.051650414	0.051694915	0.052152127	0.052177776	0.052867551	0.052879594	0.052543894	0.052388350
t#bar{t} tracking down,	0.050378236	0.050590468	0.051089634	0.050922752	0.050204929	0.050427239	0.050077554	0.050327139	0.050173543	0.049978521	0.048904428	0.048968128	0.048951320	0.048745993	0.048390826	0.048332338	0.048040212	0.047958320	0.047887054	0.047832156	0.048118500	0.048176511	0.049162601	0.049182606	0.048825320	0.048743625	0.049469436	0.049942128	0.050056564	0.049817600	0.050916828	0.050913841	0.051584814	0.051694915	0.052226057	0.052177776	0.052888138	0.052879594	0.052654005	0.052388350
t#bar{t} evtgen,	0.050998478	0.050590468	0.049409017	0.050922752	0.051155352	0.050427239	0.048154619	0.050327139	0.049377532	0.049978521	0.049686004	0.048968128	0.049194892	0.048745993	0.047799525	0.048332338	0.048039163	0.047958320	0.050254685	0.047832156	0.047118417	0.048176511	0.048597004	0.049182606	0.049111884	0.048743625	0.050706601	0.049942128	0.050168575	0.049817600	0.051357394	0.050913841	0.051532908	0.051694915	0.052438857	0.052177776	0.052362188	0.052879594	0.052536904	0.052388350
t#bar{t} m=171.5,	0.049570587	0.050590468	0.050427681	0.050922752	0.051393587	0.050427239	0.050458412	0.050327139	0.049571460	0.049978521	0.050097083	0.048968128	0.049151843	0.048745993	0.047775631	0.048332338	0.048857652	0.047958320	0.047881612	0.047832156	0.047443001	0.048176511	0.047371160	0.049182606	0.048211946	0.048743625	0.048827856	0.049942128	0.051912840	0.049817600	0.051119684	0.050913841	0.052946747	0.051694915	0.051810415	0.052177776	0.052755480	0.052879594	0.052415324	0.052388350
t#bar{t} m=173.5,	0.050382085	0.050590468	0.051848787	0.050922752	0.050667850	0.050427239	0.051332761	0.050327139	0.050486488	0.049978521	0.048417856	0.048968128	0.048459440	0.048745993	0.048901707	0.048332338	0.049250536	0.047958320	0.047729207	0.047832156	0.048760173	0.048176511	0.048238491	0.049182606	0.048057099	0.048743625	0.050211367	0.049942128	0.050297909	0.049817600	0.049965610	0.050913841	0.051479981	0.051694915	0.051587846	0.052177776	0.051016210	0.052879594	0.052908596	0.052388350
t#bar{t} Herwig++,	0.050223089	0.050590468	0.049994762	0.050922752	0.049403467	0.050427239	0.051428088	0.050327139	0.049853698	0.049978521	0.049409784	0.048968128	0.048792521	0.048745993	0.048642925	0.048332338	0.047949945	0.047958320	0.049017450	0.047832156	0.049004496	0.048176511	0.048951776	0.049182606	0.048793784	0.048743625	0.050162340	0.049942128	0.049391262	0.049817600	0.049546095	0.050913841	0.051787269	0.051694915	0.051919914	0.052177776	0.053226651	0.052879594	0.052500685	0.052388350
t#bar{t} isr up,	0.050523116	0.050590468	0.050668262	0.050922752	0.051290947	0.050427239	0.050159608	0.050327139	0.050361824	0.049978521	0.048869228	0.048968128	0.048228592	0.048745993	0.049551164	0.048332338	0.048264224	0.047958320	0.048707253	0.047832156	0.048115062	0.048176511	0.047954269	0.049182606	0.048640099	0.048743625	0.050134260	0.049942128	0.050025619	0.049817600	0.050835504	0.050913841	0.051619871	0.051694915	0.051995310	0.052177776	0.051777030	0.052879594	0.052278758	0.052388350
t#bar{t} isr dn,	0.050776123	0.050590468	0.051071415	0.050922752	0.051476597	0.050427239	0.049933522	0.050327139	0.049255735	0.049978521	0.048836690	0.048968128	0.047998420	0.048745993	0.048490464	0.048332338	0.048029591	0.047958320	0.048963530	0.047832156	0.048412403	0.048176511	0.047987410	0.049182606	0.049105596	0.048743625	0.049427804	0.049942128	0.050596710	0.049817600	0.049985354	0.050913841	0.050286395	0.051694915	0.051879404	0.052177776	0.053755946	0.052879594	0.053730891	0.052388350
t#bar{t} fsr up,	0.049585871	0.050590468	0.050552157	0.050922752	0.050708850	0.050427239	0.049873442	0.050327139	0.050053107	0.049978521	0.048198245	0.048968128	0.047754266	0.048745993	0.048397184	0.048332338	0.048608554	0.047958320	0.047987852	0.047832156	0.049412330	0.048176511	0.049121621	0.049182606	0.049173859	0.048743625	0.049670333	0.049942128	0.050724016	0.049817600	0.050734645	0.050913841	0.051273614	0.051694915	0.052821449	0.052177776	0.052751434	0.052879594	0.052597172	0.052388350
t#bar{t} fsr dn,	0.050991203	0.050590468	0.050632359	0.050922752	0.049210044	0.050427239	0.049991926	0.050327139	0.049704968	0.049978521	0.048658639	0.048968128	0.048091735	0.048745993	0.048356714	0.048332338	0.048096583	0.047958320	0.047717011	0.047832156	0.048878457	0.048176511	0.048320045	0.049182606	0.050369323	0.048743625	0.049140676	0.049942128	0.049473000	0.049817600	0.051805033	0.050913841	0.053429578	0.051694915	0.051743384	0.052177776	0.053049751	0.052879594	0.052339573	0.052388350
t#bar{t} hdamp up,	0.051413362	0.050590468	0.050249012	0.050922752	0.050126135	0.050427239	0.050774263	0.050327139	0.050967982	0.049978521	0.047975240	0.048968128	0.049415009	0.048745993	0.048059411	0.048332338	0.046841220	0.047958320	0.048141094	0.047832156	0.048038563	0.048176511	0.049433723	0.049182606	0.048655268	0.048743625	0.050853736	0.049942128	0.048953617	0.049817600	0.050993896	0.050913841	0.051973715	0.051694915	0.051552494	0.052177776	0.052568898	0.052879594	0.053013364	0.052388350
t#bar{t} hdamp dn,	0.050780423	0.050590468	0.050109743	0.050922752	0.051743722	0.050427239	0.050173712	0.050327139	0.050167342	0.049978521	0.049919485	0.048968128	0.049446471	0.048745993	0.047797781	0.048332338	0.047748638	0.047958320	0.048284304	0.047832156	0.048841134	0.048176511	0.048157073	0.049182606	0.048822567	0.048743625	0.048946434	0.049942128	0.049695831	0.049817600	0.050443072	0.050913841	0.050170253	0.051694915	0.052502115	0.052177776	0.052684390	0.052879594	0.053565512	0.052388350
t#bar{t} UEup,	0.050717075	0.050590468	0.049871150	0.050922752	0.051036043	0.050427239	0.049835901	0.050327139	0.049174660	0.049978521	0.049072261	0.048968128	0.047835079	0.048745993	0.047040706	0.048332338	0.047893663	0.047958320	0.049262678	0.047832156	0.048201954	0.048176511	0.049176004	0.049182606	0.049540060	0.048743625	0.050448400	0.049942128	0.050254123	0.049817600	0.050423904	0.050913841	0.052138808	0.051694915	0.052477065	0.052177776	0.052389812	0.052879594	0.053210656	0.052388350
t#bar{t} UEdn,	0.049703365	0.050590468	0.049648424	0.050922752	0.051747147	0.050427239	0.049797092	0.050327139	0.049307893	0.049978521	0.050113311	0.048968128	0.048296775	0.048745993	0.048644459	0.048332338	0.049026590	0.047958320	0.047469617	0.047832156	0.048020679	0.048176511	0.049106453	0.049182606	0.049563528	0.048743625	0.048370504	0.049942128	0.051049443	0.049817600	0.051833300	0.050913841	0.050513015	0.051694915	0.052459460	0.052177776	0.052609361	0.052879594	0.052719582	0.052388350
t#bar{t} cflip,	0.051583764	0.050590468	0.050083901	0.050922752	0.050100443	0.050427239	0.048686069	0.050327139	0.050190302	0.049978521	0.049988878	0.048968128	0.047466254	0.048745993	0.048686013	0.048332338	0.047911525	0.047958320	0.047747865	0.047832156	0.046481967	0.048176511	0.048982601	0.049182606	0.050150440	0.048743625	0.050417805	0.049942128	0.052382547	0.049817600	0.049144721	0.050913841	0.050107585	0.051694915	0.052466593	0.052177776	0.052002416	0.052879594	0.055418312	0.052388350
t#bar{t} ERDon,	0.051080956	0.050590468	0.050213471	0.050922752	0.050611028	0.050427239	0.050013027	0.050327139	0.049066838	0.049978521	0.049396536	0.048968128	0.048958226	0.048745993	0.048007628	0.048332338	0.047972184	0.047958320	0.047938956	0.047832156	0.048189762	0.048176511	0.049566345	0.049182606	0.049270780	0.048743625	0.050184538	0.049942128	0.050381416	0.049817600	0.050408917	0.050913841	0.052169661	0.051694915	0.052080813	0.052177776	0.052402680	0.052879594	0.052086239	0.052388350
t#bar{t} QCDbased,	0.051707997	0.050590468	0.051099186	0.050922752	0.048792022	0.050427239	0.049567496	0.050327139	0.050491868	0.049978521	0.049481860	0.048968128	0.049034743	0.048745993	0.048573517	0.048332338	0.048800118	0.047958320	0.048830516	0.047832156	0.049277185	0.048176511	0.048641118	0.049182606	0.049750961	0.048743625	0.049113047	0.049942128	0.050392207	0.049817600	0.050213032	0.050913841	0.051109519	0.051694915	0.049818621	0.052177776	0.053142775	0.052879594	0.052162211	0.052388350
t#bar{t} gluon move,	0.050577022	0.050590468	0.050333924	0.050922752	0.050451584	0.050427239	0.050088147	0.050327139	0.049562828	0.049978521	0.048410801	0.048968128	0.048962214	0.048745993	0.048533943	0.048332338	0.048780011	0.047958320	0.048343125	0.047832156	0.048036491	0.048176511	0.049395008	0.049182606	0.048777228	0.048743625	0.050217638	0.049942128	0.049318798	0.049817600	0.051139439	0.050913841	0.051508234	0.051694915	0.052140827	0.052177776	0.052708786	0.052879594	0.052713951	0.052388350
