t#bar{t} jec_CorrelationGroupMPFInSitu up,	0.050795691	0.050789776	0.050427515	0.050601887	0.050406792	0.050324283	0.050286656	0.050370986	0.049232973	0.048938326	0.049060458	0.049214877	0.048257142	0.048282412	0.048390974	0.048384637	0.048106106	0.048022264	0.048143419	0.048282716	0.048377885	0.048221986	0.048661038	0.048674924	0.048497825	0.048584041	0.049283716	0.049205708	0.050180226	0.050268296	0.050839767	0.050729489	0.051558238	0.051719692	0.052547150	0.052447685	0.053251199	0.053216043	0.053695229	0.053719972
t#bar{t} jec_RelativeFSR up,	0.050792831	0.050789776	0.050307490	0.050601887	0.050486679	0.050324283	0.050317740	0.050370986	0.049099575	0.048938326	0.049126568	0.049214877	0.048371605	0.048282412	0.048277713	0.048384637	0.048040278	0.048022264	0.048235715	0.048282716	0.048382554	0.048221986	0.048626269	0.048674924	0.048551256	0.048584041	0.049224871	0.049205708	0.050356209	0.050268296	0.050744045	0.050729489	0.051585742	0.051719692	0.052455543	0.052447685	0.053360240	0.053216043	0.053657076	0.053719972
t#bar{t} jec_CorrelationGroupUncorrelated up,	0.050769525	0.050789776	0.050539952	0.050601887	0.050358459	0.050324283	0.050356139	0.050370986	0.048999126	0.048938326	0.049212815	0.049214877	0.048217073	0.048282412	0.048434759	0.048384637	0.047999032	0.048022264	0.048335652	0.048282716	0.048110663	0.048221986	0.048769284	0.048674924	0.048718118	0.048584041	0.049116890	0.049205708	0.050121796	0.050268296	0.050900468	0.050729489	0.051714971	0.051719692	0.052417351	0.052447685	0.053133207	0.053216043	0.053774720	0.053719972
t#bar{t} jec_FlavorPureGluon up,	0.050792459	0.050789776	0.050406967	0.050601887	0.050369715	0.050324283	0.050371985	0.050370986	0.049091295	0.048938326	0.049058266	0.049214877	0.048320336	0.048282412	0.048476727	0.048384637	0.047966376	0.048022264	0.048240768	0.048282716	0.048308124	0.048221986	0.048686013	0.048674924	0.048600248	0.048584041	0.049203417	0.049205708	0.050234036	0.050268296	0.050765562	0.050729489	0.051683080	0.051719692	0.052504399	0.052447685	0.053215861	0.053216043	0.053704365	0.053719972
t#bar{t} jec_FlavorPureQuark up,	0.050800362	0.050789776	0.050661062	0.050601887	0.050168346	0.050324283	0.050503009	0.050370986	0.048963224	0.048938326	0.049166190	0.049214877	0.048243657	0.048282412	0.048432826	0.048384637	0.048087557	0.048022264	0.048068352	0.048282716	0.048319013	0.048221986	0.048686945	0.048674924	0.048717005	0.048584041	0.049131125	0.049205708	0.050285155	0.050268296	0.050786735	0.050729489	0.051488945	0.051719692	0.052431245	0.052447685	0.053459921	0.053216043	0.053599325	0.053719972
t#bar{t} jec_FlavorPureCharm up,	0.050842279	0.050789776	0.050401445	0.050601887	0.050256689	0.050324283	0.050418135	0.050370986	0.049109002	0.048938326	0.049100428	0.049214877	0.048226070	0.048282412	0.048478342	0.048384637	0.048179228	0.048022264	0.047986657	0.048282716	0.048391786	0.048221986	0.048608408	0.048674924	0.048616344	0.048584041	0.049231637	0.049205708	0.050263819	0.050268296	0.050875967	0.050729489	0.051629435	0.051719692	0.052223534	0.052447685	0.053520786	0.053216043	0.053640009	0.053719972
t#bar{t} jec_FlavorPureBottom up,	0.050804754	0.050789776	0.050230525	0.050601887	0.050544812	0.050324283	0.050305205	0.050370986	0.048996232	0.048938326	0.049236666	0.049214877	0.048237273	0.048282412	0.048424937	0.048384637	0.048149204	0.048022264	0.047950240	0.048282716	0.048440597	0.048221986	0.048644514	0.048674924	0.048684361	0.048584041	0.049083484	0.049205708	0.050312007	0.050268296	0.050789427	0.050729489	0.051776080	0.051719692	0.052394436	0.052447685	0.053197730	0.053216043	0.053797516	0.053719972
t#bar{t} jer up,	0.050831951	0.050789776	0.050572272	0.050601887	0.050144525	0.050324283	0.050469690	0.050370986	0.049072862	0.048938326	0.049119824	0.049214877	0.048218253	0.048282412	0.048458764	0.048384637	0.048068274	0.048022264	0.048220319	0.048282716	0.048276285	0.048221986	0.048712164	0.048674924	0.048454304	0.048584041	0.049366989	0.049205708	0.050192315	0.050268296	0.050837780	0.050729489	0.051492059	0.051719692	0.052531148	0.052447685	0.053233968	0.053216043	0.053726256	0.053719972
t#bar{t} btag_heavy up,	0.050798831	0.050789776	0.050436498	0.050601887	0.050345240	0.050324283	0.050409559	0.050370986	0.049069775	0.048938326	0.049126135	0.049214877	0.048207877	0.048282412	0.048506728	0.048384637	0.048142296	0.048022264	0.047985931	0.048282716	0.048317485	0.048221986	0.048691302	0.048674924	0.048719170	0.048584041	0.049131295	0.049205708	0.050237269	0.050268296	0.050866055	0.050729489	0.051551472	0.051719692	0.052547197	0.052447685	0.053123293	0.053216043	0.053786594	0.053719972
t#bar{t} btag_light up,	0.050804254	0.050789776	0.050308169	0.050601887	0.050436662	0.050324283	0.050385114	0.050370986	0.049068517	0.048938326	0.049038042	0.049214877	0.048362020	0.048282412	0.048333690	0.048384637	0.048111622	0.048022264	0.048236965	0.048282716	0.048213638	0.048221986	0.048718939	0.048674924	0.048716825	0.048584041	0.049041343	0.049205708	0.050308072	0.050268296	0.050867683	0.050729489	0.051642533	0.051719692	0.052465766	0.052447685	0.053171354	0.053216043	0.053768792	0.053719972
t#bar{t} csv_heavy up,	0.050799096	0.050789776	0.050402518	0.050601887	0.050403038	0.050324283	0.050477228	0.050370986	0.048793089	0.048938326	0.049263040	0.049214877	0.048330808	0.048282412	0.048365308	0.048384637	0.048170463	0.048022264	0.047920286	0.048282716	0.048358817	0.048221986	0.048766574	0.048674924	0.048650536	0.048584041	0.049188095	0.049205708	0.050064842	0.050268296	0.050982319	0.050729489	0.051660986	0.051719692	0.052480601	0.052447685	0.053045187	0.053216043	0.053877169	0.053719972
t#bar{t} csv_light up,	0.050827131	0.050789776	0.050356578	0.050601887	0.050295937	0.050324283	0.050361544	0.050370986	0.049259676	0.048938326	0.049001986	0.049214877	0.048139545	0.048282412	0.048581520	0.048384637	0.048202407	0.048022264	0.047978580	0.048282716	0.048272182	0.048221986	0.048747566	0.048674924	0.048560789	0.048584041	0.049265922	0.049205708	0.050230191	0.050268296	0.050721668	0.050729489	0.051743999	0.051719692	0.052479920	0.052447685	0.053330751	0.053216043	0.053642110	0.053719972
t#bar{t} tracking up,	0.050802740	0.050789776	0.050559938	0.050601887	0.050319200	0.050324283	0.050358867	0.050370986	0.048991268	0.048938326	0.049225050	0.049214877	0.048269032	0.048282412	0.048406230	0.048384637	0.048100436	0.048022264	0.047987070	0.048282716	0.048357194	0.048221986	0.048769977	0.048674924	0.048426138	0.048584041	0.049316397	0.049205708	0.050173348	0.050268296	0.050813458	0.050729489	0.051778038	0.051719692	0.052336972	0.052447685	0.053292725	0.053216043	0.053715922	0.053719972
t#bar{t} jec_CorrelationGroupMPFInSitu down,	0.050785714	0.050789776	0.050453594	0.050601887	0.050335566	0.050324283	0.050566390	0.050370986	0.048817242	0.048938326	0.049196510	0.049214877	0.048282522	0.048282412	0.048371365	0.048384637	0.048242363	0.048022264	0.047946514	0.048282716	0.048291766	0.048221986	0.048792336	0.048674924	0.048603096	0.048584041	0.049181776	0.049205708	0.050223838	0.050268296	0.050878479	0.050729489	0.051582745	0.051719692	0.052332680	0.052447685	0.053432911	0.053216043	0.053682592	0.053719972
t#bar{t} jec_RelativeFSR down,	0.050781667	0.050789776	0.050581109	0.050601887	0.050365751	0.050324283	0.050347148	0.050370986	0.049079114	0.048938326	0.049070134	0.049214877	0.048256372	0.048282412	0.048515085	0.048384637	0.048076130	0.048022264	0.048121508	0.048282716	0.048195096	0.048221986	0.048832708	0.048674924	0.048616527	0.048584041	0.049145012	0.049205708	0.050148372	0.050268296	0.050901751	0.050729489	0.051499112	0.051719692	0.052570593	0.052447685	0.053145595	0.053216043	0.053751217	0.053719972
t#bar{t} jec_CorrelationGroupUncorrelated down,	0.050732127	0.050789776	0.050503239	0.050601887	0.050471751	0.050324283	0.050314045	0.050370986	0.049198370	0.048938326	0.049039781	0.049214877	0.048202316	0.048282412	0.048338984	0.048384637	0.048243931	0.048022264	0.048077399	0.048282716	0.048166324	0.048221986	0.048830400	0.048674924	0.048569499	0.048584041	0.049101740	0.049205708	0.050270409	0.050268296	0.050823832	0.050729489	0.051812268	0.051719692	0.052329635	0.052447685	0.053199031	0.053216043	0.053774919	0.053719972
t#bar{t} jec_FlavorPureGluon down,	0.050818217	0.050789776	0.050490345	0.050601887	0.050206411	0.050324283	0.050504710	0.050370986	0.049030343	0.048938326	0.049118136	0.049214877	0.048296170	0.048282412	0.048370319	0.048384637	0.048116490	0.048022264	0.048029706	0.048282716	0.048434559	0.048221986	0.048685448	0.048674924	0.048495460	0.048584041	0.049350222	0.049205708	0.050087066	0.050268296	0.050864028	0.050729489	0.051690089	0.051719692	0.052458186	0.052447685	0.053208512	0.053216043	0.053745584	0.053719972
t#bar{t} jec_FlavorPureQuark down,	0.050870747	0.050789776	0.050143833	0.050601887	0.050324992	0.050324283	0.050457826	0.050370986	0.049012520	0.048938326	0.049108883	0.049214877	0.048406215	0.048282412	0.048381479	0.048384637	0.048014417	0.048022264	0.048216932	0.048282716	0.048391635	0.048221986	0.048612632	0.048674924	0.048592995	0.048584041	0.049386874	0.049205708	0.049971845	0.050268296	0.050982513	0.050729489	0.051709045	0.051719692	0.052439365	0.052447685	0.053173545	0.053216043	0.053801707	0.053719972
t#bar{t} jec_FlavorPureCharm down,	0.050773854	0.050789776	0.050632856	0.050601887	0.050372078	0.050324283	0.050335178	0.050370986	0.048967832	0.048938326	0.049262944	0.049214877	0.048228627	0.048282412	0.048285414	0.048384637	0.048108047	0.048022264	0.048256479	0.048282716	0.048232127	0.048221986	0.048670650	0.048674924	0.048594076	0.048584041	0.049208511	0.049205708	0.050241532	0.050268296	0.050751189	0.050729489	0.051680324	0.051719692	0.052412986	0.052447685	0.053259458	0.053216043	0.053725839	0.053719972
t#bar{t} jec_FlavorPureBottom down,	0.050842721	0.050789776	0.050314196	0.050601887	0.050326487	0.050324283	0.050431842	0.050370986	0.049052822	0.048938326	0.049131015	0.049214877	0.048308286	0.048282412	0.048415496	0.048384637	0.048095093	0.048022264	0.048058387	0.048282716	0.048423649	0.048221986	0.048615292	0.048674924	0.048613327	0.048584041	0.049315182	0.049205708	0.050094578	0.050268296	0.050966255	0.050729489	0.051508084	0.051719692	0.052452384	0.052447685	0.053358433	0.053216043	0.053676471	0.053719972
t#bar{t} jer down,	0.050774509	0.050789776	0.050584799	0.050601887	0.050365113	0.050324283	0.050434092	0.050370986	0.048926832	0.048938326	0.049235373	0.049214877	0.048264753	0.048282412	0.048303826	0.048384637	0.048127757	0.048022264	0.048093912	0.048282716	0.048369331	0.048221986	0.048608320	0.048674924	0.048566422	0.048584041	0.049289949	0.049205708	0.050235074	0.050268296	0.050813436	0.050729489	0.051548208	0.051719692	0.052429123	0.052447685	0.053344574	0.053216043	0.053684597	0.053719972
t#bar{t} btag_heavy down,	0.050797938	0.050789776	0.050448311	0.050601887	0.050370510	0.050324283	0.050381586	0.050370986	0.049060373	0.048938326	0.049191684	0.049214877	0.048185836	0.048282412	0.048354910	0.048384637	0.048247320	0.048022264	0.048048866	0.048282716	0.048180719	0.048221986	0.048803788	0.048674924	0.048592260	0.048584041	0.049204555	0.049205708	0.050246504	0.050268296	0.050812815	0.050729489	0.051622740	0.051719692	0.052484979	0.052447685	0.053175044	0.053216043	0.053789265	0.053719972
t#bar{t} btag_light down,	0.050788391	0.050789776	0.050569986	0.050601887	0.050343650	0.050324283	0.050359008	0.050370986	0.049059755	0.048938326	0.049184498	0.049214877	0.048207619	0.048282412	0.048360440	0.048384637	0.048094725	0.048022264	0.048219311	0.048282716	0.048195418	0.048221986	0.048821025	0.048674924	0.048482564	0.048584041	0.049300441	0.049205708	0.050101109	0.050268296	0.050854509	0.050729489	0.051648821	0.051719692	0.052435138	0.052447685	0.053266936	0.053216043	0.053706655	0.053719972
t#bar{t} csv_heavy down,	0.050754947	0.050789776	0.050643012	0.050601887	0.050364806	0.050324283	0.050299052	0.050370986	0.049103031	0.048938326	0.049151343	0.049214877	0.048129513	0.048282412	0.048501652	0.048384637	0.048098119	0.048022264	0.048138825	0.048282716	0.048166066	0.048221986	0.048870835	0.048674924	0.048435778	0.048584041	0.049148168	0.049205708	0.050417609	0.050268296	0.050627952	0.050729489	0.051820447	0.051719692	0.052344706	0.052447685	0.053265109	0.053216043	0.053719031	0.053719972
t#bar{t} csv_light down,	0.050806265	0.050789776	0.050469814	0.050601887	0.050346136	0.050324283	0.050426336	0.050370986	0.049010643	0.048938326	0.049161109	0.049214877	0.048208113	0.048282412	0.048311900	0.048384637	0.048248457	0.048022264	0.048135822	0.048282716	0.048185156	0.048221986	0.048816007	0.048674924	0.048596729	0.048584041	0.049051266	0.049205708	0.050344547	0.050268296	0.050852401	0.050729489	0.051658748	0.051719692	0.052357743	0.052447685	0.053282425	0.053216043	0.053730382	0.053719972
t#bar{t} tracking down,	0.050808253	0.050789776	0.050363622	0.050601887	0.050285975	0.050324283	0.050452138	0.050370986	0.049093122	0.048938326	0.049080499	0.049214877	0.048248394	0.048282412	0.048421170	0.048384637	0.048146522	0.048022264	0.048177582	0.048282716	0.048224850	0.048221986	0.048685893	0.048674924	0.048705050	0.048584041	0.049182885	0.049205708	0.050125735	0.050268296	0.050964577	0.050729489	0.051691038	0.051719692	0.052262014	0.052447685	0.053384657	0.053216043	0.053696024	0.053719972
t#bar{t} evtgen,	0.050565051	0.050789776	0.051738760	0.050601887	0.051190493	0.050324283	0.048934173	0.050370986	0.050001040	0.048938326	0.048921494	0.049214877	0.047936841	0.048282412	0.048456279	0.048384637	0.047974387	0.048022264	0.048430937	0.048282716	0.047703410	0.048221986	0.048770828	0.048674924	0.049163848	0.048584041	0.048800542	0.049205708	0.049662933	0.050268296	0.051002992	0.050729489	0.051736638	0.051719692	0.052969581	0.052447685	0.051384270	0.053216043	0.054655503	0.053719972
t#bar{t} m=171.5,	0.050805180	0.050789776	0.049551194	0.050601887	0.050995196	0.050324283	0.050000093	0.050370986	0.049421910	0.048938326	0.048847150	0.049214877	0.048715869	0.048282412	0.047783055	0.048384637	0.047924483	0.048022264	0.049043274	0.048282716	0.048002304	0.048221986	0.048333250	0.048674924	0.049417995	0.048584041	0.049154055	0.049205708	0.049922305	0.050268296	0.050802269	0.050729489	0.051828509	0.051719692	0.051787545	0.052447685	0.054208637	0.053216043	0.053455728	0.053719972
t#bar{t} m=173.5,	0.050753196	0.050789776	0.050493956	0.050601887	0.050469665	0.050324283	0.049558647	0.050370986	0.050321284	0.048938326	0.048715124	0.049214877	0.048188866	0.048282412	0.048045247	0.048384637	0.047651349	0.048022264	0.048494942	0.048282716	0.049431287	0.048221986	0.047018215	0.048674924	0.049927924	0.048584041	0.048867812	0.049205708	0.049281842	0.050268296	0.051765772	0.050729489	0.051986999	0.051719692	0.052156243	0.052447685	0.053497422	0.053216043	0.053374206	0.053719972
t#bar{t} Herwig++,	0.050712816	0.050789776	0.050104040	0.050601887	0.051109739	0.050324283	0.049632660	0.050370986	0.049424301	0.048938326	0.049268577	0.049214877	0.048024135	0.048282412	0.048630375	0.048384637	0.047867223	0.048022264	0.048349928	0.048282716	0.048583490	0.048221986	0.048135263	0.048674924	0.049079386	0.048584041	0.049069260	0.049205708	0.050233327	0.050268296	0.050759700	0.050729489	0.051707326	0.051719692	0.052368175	0.052447685	0.053297885	0.053216043	0.053642393	0.053719972
t#bar{t} isr up,	0.050282244	0.050789776	0.051487279	0.050601887	0.051994782	0.050324283	0.048996485	0.050370986	0.049468623	0.048938326	0.048714564	0.049214877	0.048738492	0.048282412	0.048303425	0.048384637	0.047918194	0.048022264	0.047922817	0.048282716	0.048043630	0.048221986	0.048969253	0.048674924	0.048406235	0.048584041	0.049135613	0.049205708	0.049989025	0.050268296	0.050943114	0.050729489	0.051494588	0.051719692	0.052227456	0.052447685	0.053488507	0.053216043	0.053475675	0.053719972
t#bar{t} isr dn,	0.050733818	0.050789776	0.050158878	0.050601887	0.051081238	0.050324283	0.049686336	0.050370986	0.049570471	0.048938326	0.049268967	0.049214877	0.047993950	0.048282412	0.047903100	0.048384637	0.048574043	0.048022264	0.048238241	0.048282716	0.048033203	0.048221986	0.048644793	0.048674924	0.049218890	0.048584041	0.048946774	0.049205708	0.049648916	0.050268296	0.051421696	0.050729489	0.051457840	0.051719692	0.052285070	0.052447685	0.053832828	0.053216043	0.053300948	0.053719972
t#bar{t} fsr up,	0.050942939	0.050789776	0.050013647	0.050601887	0.049951749	0.050324283	0.050393033	0.050370986	0.050119921	0.048938326	0.047833051	0.049214877	0.049193053	0.048282412	0.048357891	0.048384637	0.047861434	0.048022264	0.048072079	0.048282716	0.048278470	0.048221986	0.049376004	0.048674924	0.047842159	0.048584041	0.049422062	0.049205708	0.049837179	0.050268296	0.051334969	0.050729489	0.051654631	0.051719692	0.052512457	0.052447685	0.053142456	0.053216043	0.053860815	0.053719972
t#bar{t} fsr dn,	0.050643339	0.050789776	0.049992228	0.050601887	0.051243742	0.050324283	0.050178245	0.050370986	0.048791102	0.048938326	0.049199175	0.049214877	0.047988703	0.048282412	0.049208807	0.048384637	0.047729637	0.048022264	0.048571654	0.048282716	0.048139522	0.048221986	0.048562596	0.048674924	0.048994086	0.048584041	0.048679668	0.049205708	0.050575632	0.050268296	0.050935600	0.050729489	0.050828185	0.051719692	0.053153108	0.052447685	0.052439871	0.053216043	0.054145097	0.053719972
t#bar{t} hdamp up,	0.050677952	0.050789776	0.050513662	0.050601887	0.051051102	0.050324283	0.050017983	0.050370986	0.048758755	0.048938326	0.049578256	0.049214877	0.048014587	0.048282412	0.048578545	0.048384637	0.048183666	0.048022264	0.047789664	0.048282716	0.048517708	0.048221986	0.048668123	0.048674924	0.048816117	0.048584041	0.048503910	0.049205708	0.050655067	0.050268296	0.050972599	0.050729489	0.051244355	0.051719692	0.052954834	0.052447685	0.052148379	0.053216043	0.054354736	0.053719972
t#bar{t} hdamp dn,	0.050655320	0.050789776	0.050657526	0.050601887	0.050020897	0.050324283	0.050353944	0.050370986	0.049583274	0.048938326	0.048266291	0.049214877	0.048920445	0.048282412	0.048433560	0.048384637	0.046987829	0.048022264	0.049539797	0.048282716	0.048498484	0.048221986	0.048086015	0.048674924	0.048433664	0.048584041	0.049355752	0.049205708	0.049854387	0.050268296	0.050497206	0.050729489	0.052851843	0.051719692	0.052236689	0.052447685	0.053821691	0.053216043	0.052945384	0.053719972
t#bar{t} UEup,	0.050423959	0.050789776	0.051561903	0.050601887	0.050859689	0.050324283	0.049850307	0.050370986	0.049611837	0.048938326	0.048590318	0.049214877	0.048347975	0.048282412	0.048483508	0.048384637	0.048213203	0.048022264	0.047911779	0.048282716	0.047846420	0.048221986	0.048853231	0.048674924	0.048937766	0.048584041	0.049139727	0.049205708	0.049814643	0.050268296	0.051137693	0.050729489	0.050774658	0.051719692	0.052925046	0.052447685	0.053237941	0.053216043	0.053478398	0.053719972
t#bar{t} UEdn,	0.050797029	0.050789776	0.050581185	0.050601887	0.050553059	0.050324283	0.050115251	0.050370986	0.049343964	0.048938326	0.048793011	0.049214877	0.048683487	0.048282412	0.048751978	0.048384637	0.047054833	0.048022264	0.048580500	0.048282716	0.049487484	0.048221986	0.047896241	0.048674924	0.047713595	0.048584041	0.049837555	0.049205708	0.049723421	0.050268296	0.051783350	0.050729489	0.050926198	0.051719692	0.052389840	0.052447685	0.052886940	0.053216043	0.054101078	0.053719972
t#bar{t} cflip,	0.050871284	0.050789776	0.049196295	0.050601887	0.051229904	0.050324283	0.049792693	0.050370986	0.049289637	0.048938326	0.048691316	0.049214877	0.049040002	0.048282412	0.047620367	0.048384637	0.048366998	0.048022264	0.048863729	0.048282716	0.047832694	0.048221986	0.048126501	0.048674924	0.049975734	0.048584041	0.048531746	0.049205708	0.050931739	0.050268296	0.050030056	0.050729489	0.051909035	0.051719692	0.052395426	0.052447685	0.053961753	0.053216043	0.053343089	0.053719972
t#bar{t} ERDon,	0.050606104	0.050789776	0.050766564	0.050601887	0.050876022	0.050324283	0.050172825	0.050370986	0.049310758	0.048938326	0.048762654	0.049214877	0.048574318	0.048282412	0.048059889	0.048384637	0.048367983	0.048022264	0.047327652	0.048282716	0.048650937	0.048221986	0.048840947	0.048674924	0.048381155	0.048584041	0.048951166	0.049205708	0.050622488	0.050268296	0.051018320	0.050729489	0.051659950	0.051719692	0.051769642	0.052447685	0.053195988	0.053216043	0.054084639	0.053719972
t#bar{t} QCDbased,	0.050536607	0.050789776	0.050783507	0.050601887	0.051315247	0.050324283	0.049589137	0.050370986	0.049457737	0.048938326	0.048873722	0.049214877	0.048582679	0.048282412	0.048381007	0.048384637	0.047922586	0.048022264	0.048048202	0.048282716	0.048352539	0.048221986	0.048762991	0.048674924	0.048779291	0.048584041	0.048657009	0.049205708	0.050253497	0.050268296	0.051273191	0.050729489	0.050922902	0.051719692	0.052654801	0.052447685	0.052960237	0.053216043	0.053893109	0.053719972
t#bar{t} gluon move,	0.050783238	0.050789776	0.050674627	0.050601887	0.050543919	0.050324283	0.050168390	0.050370986	0.049280952	0.048938326	0.048993385	0.049214877	0.048363430	0.048282412	0.048128686	0.048384637	0.048152028	0.048022264	0.048428084	0.048282716	0.047971616	0.048221986	0.049175188	0.048674924	0.048228288	0.048584041	0.049381553	0.049205708	0.049375009	0.050268296	0.051719629	0.050729489	0.051153765	0.051719692	0.052484543	0.052447685	0.053158113	0.053216043	0.053835559	0.053719972
