t#bar{t} jec_CorrelationGroupMPFInSitu up,	0.119911971	0.119793652	0.115987892	0.116035719	0.109735676	0.109705379	0.103227008	0.103213855	0.097432803	0.097535470	0.093377664	0.093383602	0.091526186	0.091499635	0.090066151	0.090107129	0.089516204	0.089484706	0.089218444	0.089240852
t#bar{t} jec_RelativeFSR up,	0.119879230	0.119793652	0.115912511	0.116035719	0.109739137	0.109705379	0.103275682	0.103213855	0.097501084	0.097535470	0.093350896	0.093383602	0.091556318	0.091499635	0.090064825	0.090107129	0.089535339	0.089484706	0.089184978	0.089240852
t#bar{t} jec_CorrelationGroupUncorrelated up,	0.119802172	0.119793652	0.115957766	0.116035719	0.109851841	0.109705379	0.103285897	0.103213855	0.097474577	0.097535470	0.093394014	0.093383602	0.091501170	0.091499635	0.090055581	0.090107129	0.089537598	0.089484706	0.089139384	0.089240852
t#bar{t} jec_FlavorPureGluon up,	0.119790447	0.119793652	0.115975497	0.116035719	0.109758386	0.109705379	0.103336854	0.103213855	0.097414306	0.097535470	0.093403303	0.093383602	0.091548394	0.091499635	0.090111661	0.090107129	0.089434810	0.089484706	0.089226342	0.089240852
t#bar{t} jec_FlavorPureQuark up,	0.119858343	0.119793652	0.116005888	0.116035719	0.109718274	0.109705379	0.103235366	0.103213855	0.097506787	0.097535470	0.093340109	0.093383602	0.091555304	0.091499635	0.090086278	0.090107129	0.089485050	0.089484706	0.089208602	0.089240852
t#bar{t} jec_FlavorPureCharm up,	0.119823377	0.119793652	0.116004499	0.116035719	0.109778562	0.109705379	0.103283074	0.103213855	0.097452591	0.097535470	0.093361208	0.093383602	0.091507196	0.091499635	0.090077347	0.090107129	0.089533689	0.089484706	0.089178457	0.089240852
t#bar{t} jec_FlavorPureBottom up,	0.119856995	0.119793652	0.115958459	0.116035719	0.109749904	0.109705379	0.103273070	0.103213855	0.097466265	0.097535470	0.093359252	0.093383602	0.091545908	0.091499635	0.090101746	0.090107129	0.089525788	0.089484706	0.089162612	0.089240852
t#bar{t} jer up,	0.119830657	0.119793652	0.116031376	0.116035719	0.109783081	0.109705379	0.103310862	0.103213855	0.097442388	0.097535470	0.093338670	0.093383602	0.091498725	0.091499635	0.090138170	0.090107129	0.089440854	0.089484706	0.089185216	0.089240852
t#bar{t} btag_heavy up,	0.119830578	0.119793652	0.115945546	0.116035719	0.109773324	0.109705379	0.103312080	0.103213855	0.097388463	0.097535470	0.093436281	0.093383602	0.091533292	0.091499635	0.090104614	0.090107129	0.089491568	0.089484706	0.089184253	0.089240852
t#bar{t} btag_light up,	0.119917817	0.119793652	0.116013158	0.116035719	0.109821165	0.109705379	0.103324401	0.103213855	0.097507816	0.097535470	0.093304444	0.093383602	0.091505886	0.091499635	0.090069970	0.090107129	0.089426222	0.089484706	0.089109120	0.089240852
t#bar{t} csv_heavy up,	0.119854004	0.119793652	0.115911547	0.116035719	0.109654923	0.109705379	0.103322155	0.103213855	0.097499398	0.097535470	0.093394082	0.093383602	0.091558233	0.091499635	0.090139102	0.090107129	0.089454175	0.089484706	0.089212380	0.089240852
t#bar{t} csv_light up,	0.119833847	0.119793652	0.115997630	0.116035719	0.109713910	0.109705379	0.103184255	0.103213855	0.097464236	0.097535470	0.093389318	0.093383602	0.091553811	0.091499635	0.090103555	0.090107129	0.089540357	0.089484706	0.089219082	0.089240852
t#bar{t} tracking up,	0.119884732	0.119793652	0.116047710	0.116035719	0.109708260	0.109705379	0.103355172	0.103213855	0.097414568	0.097535470	0.093344732	0.093383602	0.091534461	0.091499635	0.090090436	0.090107129	0.089421427	0.089484706	0.089198501	0.089240852
t#bar{t} jec_CorrelationGroupMPFInSitu down,	0.119855100	0.119793652	0.115945209	0.116035719	0.109797776	0.109705379	0.103255521	0.103213855	0.097457361	0.097535470	0.093420262	0.093383602	0.091480785	0.091499635	0.090124977	0.090107129	0.089520169	0.089484706	0.089142839	0.089240852
t#bar{t} jec_RelativeFSR down,	0.119873365	0.119793652	0.115997907	0.116035719	0.109683285	0.109705379	0.103335409	0.103213855	0.097499345	0.097535470	0.093412469	0.093383602	0.091475039	0.091499635	0.089995044	0.090107129	0.089527953	0.089484706	0.089200184	0.089240852
t#bar{t} jec_CorrelationGroupUncorrelated down,	0.119829581	0.119793652	0.115986451	0.116035719	0.109800044	0.109705379	0.103230443	0.103213855	0.097456595	0.097535470	0.093441985	0.093383602	0.091488853	0.091499635	0.090082619	0.090107129	0.089509992	0.089484706	0.089173436	0.089240852
t#bar{t} jec_FlavorPureGluon down,	0.119825449	0.119793652	0.116016369	0.116035719	0.109781717	0.109705379	0.103254250	0.103213855	0.097469609	0.097535470	0.093348794	0.093383602	0.091544647	0.091499635	0.090056540	0.090107129	0.089516343	0.089484706	0.089186283	0.089240852
t#bar{t} jec_FlavorPureQuark down,	0.119789458	0.119793652	0.116038201	0.116035719	0.109764793	0.109705379	0.103229266	0.103213855	0.097492343	0.097535470	0.093393380	0.093383602	0.091578659	0.091499635	0.090027996	0.090107129	0.089501789	0.089484706	0.089184114	0.089240852
t#bar{t} jec_FlavorPureCharm down,	0.119783074	0.119793652	0.116049796	0.116035719	0.109753412	0.109705379	0.103282991	0.103213855	0.097432120	0.097535470	0.093394292	0.093383602	0.091473608	0.091499635	0.090105393	0.090107129	0.089494761	0.089484706	0.089230554	0.089240852
t#bar{t} jec_FlavorPureBottom down,	0.119824708	0.119793652	0.116031868	0.116035719	0.109731017	0.109705379	0.103254607	0.103213855	0.097462074	0.097535470	0.093394540	0.093383602	0.091475531	0.091499635	0.090080353	0.090107129	0.089519372	0.089484706	0.089225929	0.089240852
t#bar{t} jer down,	0.119843836	0.119793652	0.115924379	0.116035719	0.109832795	0.109705379	0.103297868	0.103213855	0.097453657	0.097535470	0.093376678	0.093383602	0.091500491	0.091499635	0.090076633	0.090107129	0.089462468	0.089484706	0.089231194	0.089240852
t#bar{t} btag_heavy down,	0.119835251	0.119793652	0.116046288	0.116035719	0.109711232	0.109705379	0.103304472	0.103213855	0.097403809	0.097535470	0.093397073	0.093383602	0.091522909	0.091499635	0.090115659	0.090107129	0.089488872	0.089484706	0.089174434	0.089240852
t#bar{t} btag_light down,	0.119809646	0.119793652	0.115941323	0.116035719	0.109731621	0.109705379	0.103290619	0.103213855	0.097570822	0.097535470	0.093422601	0.093383602	0.091511370	0.091499635	0.090067037	0.090107129	0.089518945	0.089484706	0.089136016	0.089240852
t#bar{t} csv_heavy down,	0.119887165	0.119793652	0.115966219	0.116035719	0.109712157	0.109705379	0.103227486	0.103213855	0.097530978	0.097535470	0.093374811	0.093383602	0.091513479	0.091499635	0.090090791	0.090107129	0.089497468	0.089484706	0.089199444	0.089240852
t#bar{t} csv_light down,	0.119851539	0.119793652	0.115981117	0.116035719	0.109728792	0.109705379	0.103328713	0.103213855	0.097446822	0.097535470	0.093431499	0.093383602	0.091501264	0.091499635	0.090050900	0.090107129	0.089530524	0.089484706	0.089148831	0.089240852
t#bar{t} tracking down,	0.119871102	0.119793652	0.115948985	0.116035719	0.109737453	0.109705379	0.103247012	0.103213855	0.097450305	0.097535470	0.093372191	0.093383602	0.091499059	0.091499635	0.090109656	0.090107129	0.089516794	0.089484706	0.089247444	0.089240852
t#bar{t} evtgen,	0.120323992	0.119793652	0.116200519	0.116035719	0.109515290	0.109705379	0.102274443	0.103213855	0.098197721	0.097535470	0.093460656	0.093383602	0.091204820	0.091499635	0.091399219	0.090107129	0.088500063	0.089484706	0.088923277	0.089240852
t#bar{t} m=171.5,	0.120123176	0.119793652	0.115286460	0.116035719	0.110391403	0.109705379	0.103028724	0.103213855	0.097363414	0.097535470	0.093481610	0.093383602	0.091626379	0.091499635	0.090196913	0.090107129	0.089388727	0.089484706	0.089113193	0.089240852
t#bar{t} m=173.5,	0.119814688	0.119793652	0.115175298	0.116035719	0.109697581	0.109705379	0.103501231	0.103213855	0.097617581	0.097535470	0.093545572	0.093383602	0.091107906	0.091499635	0.090155226	0.090107129	0.090274927	0.089484706	0.089109990	0.089240852
t#bar{t} Herwig++,	0.111499831	0.119793652	0.108530120	0.116035719	0.105061019	0.109705379	0.101798439	0.103213855	0.098756430	0.097535470	0.096803199	0.093383602	0.095549049	0.091499635	0.094523632	0.090107129	0.094160739	0.089484706	0.093317541	0.089240852
t#bar{t} isr up,	0.119116916	0.119793652	0.115962625	0.116035719	0.109823508	0.109705379	0.103040438	0.103213855	0.098044178	0.097535470	0.093209523	0.093383602	0.091687882	0.091499635	0.090544344	0.090107129	0.089568341	0.089484706	0.089002243	0.089240852
t#bar{t} isr dn,	0.119848740	0.119793652	0.116470000	0.116035719	0.109781708	0.109705379	0.103241678	0.103213855	0.097757781	0.097535470	0.093425218	0.093383602	0.091257670	0.091499635	0.089836037	0.090107129	0.089382703	0.089484706	0.088998465	0.089240852
t#bar{t} fsr up,	0.118834931	0.119793652	0.115754608	0.116035719	0.109859700	0.109705379	0.103571174	0.103213855	0.096976004	0.097535470	0.093664579	0.093383602	0.092199446	0.091499635	0.090561119	0.090107129	0.089772960	0.089484706	0.088805480	0.089240852
t#bar{t} fsr dn,	0.120829734	0.119793652	0.116441015	0.116035719	0.110039850	0.109705379	0.102369948	0.103213855	0.097332080	0.097535470	0.093634964	0.093383602	0.091404589	0.091499635	0.090189890	0.090107129	0.089387627	0.089484706	0.088370303	0.089240852
t#bar{t} hdamp up,	0.120410581	0.119793652	0.115246348	0.116035719	0.109714235	0.109705379	0.103501671	0.103213855	0.097508180	0.097535470	0.093682567	0.093383602	0.091454732	0.091499635	0.089979886	0.090107129	0.089404155	0.089484706	0.089097644	0.089240852
t#bar{t} hdamp dn,	0.120889615	0.119793652	0.115724191	0.116035719	0.110022405	0.109705379	0.102685168	0.103213855	0.097348002	0.097535470	0.093574642	0.093383602	0.090816899	0.091499635	0.089591975	0.090107129	0.090205286	0.089484706	0.089141817	0.089240852
t#bar{t} UEup,	0.119586852	0.119793652	0.116092772	0.116035719	0.109757779	0.109705379	0.103100306	0.103213855	0.097605674	0.097535470	0.093914319	0.093383602	0.091676145	0.091499635	0.089734251	0.090107129	0.089428120	0.089484706	0.089103781	0.089240852
t#bar{t} UEdn,	0.120162095	0.119793652	0.115597995	0.116035719	0.109673014	0.109705379	0.102786253	0.103213855	0.097666323	0.097535470	0.093918012	0.093383602	0.091345967	0.091499635	0.090445773	0.090107129	0.089505913	0.089484706	0.088898655	0.089240852
t#bar{t} ERDon,	0.116789450	0.119793652	0.113436627	0.116035719	0.109147149	0.109705379	0.102408530	0.103213855	0.098193197	0.097535470	0.094625667	0.093383602	0.092702061	0.091499635	0.091504675	0.090107129	0.090312438	0.089484706	0.090880206	0.089240852
t#bar{t} QCDbased,	0.114127216	0.119793652	0.111417313	0.116035719	0.106513601	0.109705379	0.102250531	0.103213855	0.097978439	0.097535470	0.096341631	0.093383602	0.093892229	0.091499635	0.093394159	0.090107129	0.091930765	0.089484706	0.092154116	0.089240852
t#bar{t} gluon move,	0.120198931	0.119793652	0.115925358	0.116035719	0.110203980	0.109705379	0.103300244	0.103213855	0.097984930	0.097535470	0.093162588	0.093383602	0.091504491	0.091499635	0.089700963	0.090107129	0.089175527	0.089484706	0.088842987	0.089240852
