t#bar{t} pileup up,	0.071465059	0.071465055	0.099265669	0.099186075	0.100297978	0.100418477	0.093346358	0.093235867	0.084133320	0.084152427	0.076122202	0.076121638	0.067761403	0.067820334	0.060289517	0.060325702	0.052964369	0.052902579	0.046891402	0.046921193	0.042312537	0.042336892	0.036928836	0.036877295	0.031203998	0.031271312	0.027291523	0.027301528	0.024752885	0.024662335	0.021618043	0.021629077	0.018944898	0.018963927	0.017193741	0.017203047	0.014501836	0.014480333	0.012714427	0.012724906
t#bar{t} pileup down,	0.071465972	0.071465055	0.099056214	0.099186075	0.100521790	0.100418477	0.093122754	0.093235867	0.084280250	0.084152427	0.076072506	0.076121638	0.067902421	0.067820334	0.060340651	0.060325702	0.052837579	0.052902579	0.046946359	0.046921193	0.042378989	0.042336892	0.036785205	0.036877295	0.031346361	0.031271312	0.027283224	0.027301528	0.024633919	0.024662335	0.021666692	0.021629077	0.018964718	0.018963927	0.017191034	0.017203047	0.014468864	0.014480333	0.012734499	0.012724906
t#bar{t} trig efficiency correction up,	0.071429487	0.071465055	0.099501574	0.099186075	0.100441396	0.100418477	0.093154437	0.093235867	0.083931907	0.084152427	0.076130976	0.076121638	0.067888375	0.067820334	0.060167370	0.060325702	0.053013596	0.052902579	0.046835824	0.046921193	0.042336191	0.042336892	0.036707751	0.036877295	0.031454459	0.031271312	0.027229455	0.027301528	0.024836678	0.024662335	0.021589350	0.021629077	0.018920047	0.018963927	0.017209548	0.017203047	0.014566199	0.014480333	0.012655380	0.012724906
t#bar{t} trig efficiency correction down,	0.071428795	0.071465055	0.099501570	0.099186075	0.100438757	0.100418477	0.093154397	0.093235867	0.083938851	0.084152427	0.076127948	0.076121638	0.067888433	0.067820334	0.060165635	0.060325702	0.053014735	0.052902579	0.046838049	0.046921193	0.042331892	0.042336892	0.036703547	0.036877295	0.031458941	0.031271312	0.027228762	0.027301528	0.024840205	0.024662335	0.021593564	0.021629077	0.018914496	0.018963927	0.017208422	0.017203047	0.014565527	0.014480333	0.012657475	0.012724906
t#bar{t} sel efficiency correction up,	0.071428285	0.071465055	0.099511437	0.099186075	0.100445228	0.100418477	0.093149045	0.093235867	0.083921732	0.084152427	0.076135334	0.076121638	0.067887382	0.067820334	0.060165979	0.060325702	0.053016358	0.052902579	0.046835014	0.046921193	0.042336147	0.042336892	0.036704413	0.036877295	0.031456296	0.031271312	0.027231128	0.027301528	0.024836322	0.024662335	0.021587448	0.021629077	0.018921035	0.018963927	0.017211200	0.017203047	0.014566348	0.014480333	0.012653868	0.012724906
t#bar{t} sel efficiency correction down,	0.071430014	0.071465055	0.099491471	0.099186075	0.100434846	0.100418477	0.093159836	0.093235867	0.083949474	0.084152427	0.076123504	0.076121638	0.067889425	0.067820334	0.060166959	0.060325702	0.053011955	0.052902579	0.046838795	0.046921193	0.042332035	0.042336892	0.036706850	0.036877295	0.031457139	0.031271312	0.027227053	0.027301528	0.024840488	0.024662335	0.021595566	0.021629077	0.018913485	0.018963927	0.017206751	0.017203047	0.014565322	0.014480333	0.012659033	0.012724906
t#bar{t} b fragmentation up,	0.071401846	0.071465055	0.099830192	0.099186075	0.100396178	0.100418477	0.093183336	0.093235867	0.083687048	0.084152427	0.076142526	0.076121638	0.067905069	0.067820334	0.060081536	0.060325702	0.053085071	0.052902579	0.046821498	0.046921193	0.042344092	0.042336892	0.036607764	0.036877295	0.031476332	0.031271312	0.027332115	0.027301528	0.024818653	0.024662335	0.021488388	0.021629077	0.018925587	0.018963927	0.017250146	0.017203047	0.014625283	0.014480333	0.012597338	0.012724906
t#bar{t} b fragmentation down,	0.071448215	0.071465055	0.099284501	0.099186075	0.100476660	0.100418477	0.093127303	0.093235867	0.084162083	0.084152427	0.076117383	0.076121638	0.067882219	0.067820334	0.060141875	0.060325702	0.052984165	0.052902579	0.046801301	0.046921193	0.042414668	0.042336892	0.036739300	0.036877295	0.031411360	0.031271312	0.027189507	0.027301528	0.024840530	0.024662335	0.021661479	0.021629077	0.018912822	0.018963927	0.017198886	0.017203047	0.014493998	0.014480333	0.012711744	0.012724906
t#bar{t} Peterson Frag,	0.071399365	0.071465055	0.099564880	0.099186075	0.100536936	0.100418477	0.092967936	0.093235867	0.084017030	0.084152427	0.076133643	0.076121638	0.067896537	0.067820334	0.060145698	0.060325702	0.053008983	0.052902579	0.046773769	0.046921193	0.042456011	0.042336892	0.036640764	0.036877295	0.031435990	0.031271312	0.027219781	0.027301528	0.024855813	0.024662335	0.021598718	0.021629077	0.018908086	0.018963927	0.017206017	0.017203047	0.014600503	0.014480333	0.012633539	0.012724906
t#bar{t} semilep BR up,	0.071428554	0.071465055	0.099510505	0.099186075	0.100435449	0.100418477	0.093157218	0.093235867	0.083933115	0.084152427	0.076131556	0.076121638	0.067885464	0.067820334	0.060161561	0.060325702	0.053021285	0.052902579	0.046838428	0.046921193	0.042325188	0.042336892	0.036700490	0.036877295	0.031464502	0.031271312	0.027233362	0.027301528	0.024839845	0.024662335	0.021583480	0.021629077	0.018916084	0.018963927	0.017209368	0.017203047	0.014572313	0.014480333	0.012652232	0.012724906
t#bar{t} semilep BR down,	0.071429791	0.071465055	0.099499127	0.099186075	0.100442500	0.100418477	0.093153852	0.093235867	0.083930959	0.084152427	0.076135078	0.076121638	0.067883525	0.067820334	0.060163946	0.060325702	0.053017816	0.052902579	0.046834030	0.046921193	0.042341055	0.042336892	0.036702407	0.036877295	0.031452847	0.031271312	0.027229048	0.027301528	0.024844687	0.024662335	0.021590547	0.021629077	0.018916471	0.018963927	0.017211600	0.017203047	0.014565838	0.014480333	0.012654877	0.012724906
t#bar{t} QCD scale 1,	0.071406371	0.071465055	0.099527387	0.099186075	0.100454063	0.100418477	0.093073775	0.093235867	0.084013711	0.084152427	0.076099553	0.076121638	0.067900999	0.067820334	0.060218902	0.060325702	0.052919598	0.052902579	0.046903650	0.046921193	0.042346885	0.042336892	0.036667505	0.036877295	0.031446078	0.031271312	0.027234026	0.027301528	0.024852049	0.024662335	0.021618970	0.021629077	0.018872831	0.018963927	0.017214620	0.017203047	0.014572531	0.014480333	0.012656492	0.012724906
t#bar{t} QCD scale 2,	0.071431090	0.071465055	0.099496755	0.099186075	0.100397528	0.100418477	0.093189489	0.093235867	0.084029318	0.084152427	0.076084286	0.076121638	0.067914127	0.067820334	0.060094656	0.060325702	0.053009591	0.052902579	0.046857665	0.046921193	0.042335732	0.042336892	0.036679681	0.036877295	0.031452553	0.031271312	0.027238210	0.027301528	0.024853420	0.024662335	0.021597475	0.021629077	0.018905591	0.018963927	0.017192490	0.017203047	0.014589675	0.014480333	0.012650668	0.012724906
t#bar{t} QCD scale 3,	0.071447029	0.071465055	0.099489428	0.099186075	0.100386984	0.100418477	0.093245069	0.093235867	0.083962105	0.084152427	0.076108166	0.076121638	0.067908197	0.067820334	0.060047476	0.060325702	0.053080930	0.052902579	0.046801378	0.046921193	0.042339703	0.042336892	0.036702065	0.036877295	0.031454140	0.031271312	0.027232088	0.027301528	0.024859942	0.024662335	0.021575481	0.021629077	0.018934373	0.018963927	0.017186278	0.017203047	0.014588448	0.014480333	0.012650720	0.012724906
t#bar{t} QCD scale 4,	0.071412910	0.071465055	0.099508332	0.099186075	0.100414280	0.100418477	0.093120665	0.093235867	0.084099102	0.084152427	0.076062177	0.076121638	0.067920261	0.067820334	0.060138969	0.060325702	0.052938001	0.052902579	0.046908914	0.046921193	0.042348962	0.042336892	0.036641826	0.036877295	0.031446391	0.031271312	0.027248652	0.027301528	0.024864948	0.024662335	0.021609176	0.021629077	0.018867053	0.018963927	0.017200686	0.017203047	0.014604521	0.014480333	0.012644175	0.012724906
t#bar{t} QCD scale 5,	0.071452921	0.071465055	0.099394099	0.099186075	0.100479278	0.100418477	0.093168647	0.093235867	0.083900038	0.084152427	0.076183713	0.076121638	0.067841916	0.067820334	0.060165779	0.060325702	0.053128065	0.052902579	0.046724259	0.046921193	0.042385883	0.042336892	0.036706710	0.036877295	0.031470079	0.031271312	0.027209613	0.027301528	0.024841762	0.024662335	0.021573295	0.021629077	0.018944710	0.018963927	0.017225457	0.017203047	0.014553113	0.014480333	0.012650665	0.012724906
t#bar{t} QCD scale 6,	0.071427840	0.071465055	0.099514890	0.099186075	0.100444033	0.100418477	0.093149185	0.093235867	0.083929968	0.084152427	0.076135863	0.076121638	0.067888824	0.067820334	0.060149505	0.060325702	0.053016090	0.052902579	0.046841680	0.046921193	0.042330333	0.042336892	0.036703583	0.036877295	0.031457046	0.031271312	0.027232246	0.027301528	0.024843351	0.024662335	0.021586826	0.021629077	0.018917926	0.018963927	0.017205099	0.017203047	0.014570768	0.014480333	0.012654944	0.012724906
t#bar{t} jec_CorrelationGroupMPFInSitu up,	0.071495797	0.071465055	0.099423545	0.099186075	0.100271765	0.100418477	0.093625782	0.093235867	0.083451265	0.084152427	0.076171035	0.076121638	0.067831586	0.067820334	0.060309999	0.060325702	0.053140138	0.052902579	0.046723202	0.046921193	0.042259895	0.042336892	0.037010661	0.036877295	0.031214432	0.031271312	0.027372786	0.027301528	0.024816535	0.024662335	0.021482109	0.021629077	0.018997363	0.018963927	0.017243081	0.017203047	0.014422796	0.014480333	0.012736227	0.012724906
t#bar{t} jec_RelativeFSR up,	0.071443905	0.071465055	0.099186400	0.099186075	0.100364935	0.100418477	0.093298579	0.093235867	0.084313417	0.084152427	0.075842982	0.076121638	0.067959846	0.067820334	0.060303273	0.060325702	0.053028439	0.052902579	0.046782618	0.046921193	0.042310641	0.042336892	0.036809755	0.036877295	0.031273166	0.031271312	0.027341057	0.027301528	0.025002347	0.024662335	0.021444244	0.021629077	0.018944350	0.018963927	0.017132840	0.017203047	0.014456508	0.014480333	0.012760702	0.012724906
t#bar{t} jec_CorrelationGroupUncorrelated up,	0.071541370	0.071465055	0.098975512	0.099186075	0.100249067	0.100418477	0.093616994	0.093235867	0.083852875	0.084152427	0.076060641	0.076121638	0.067871984	0.067820334	0.060450126	0.060325702	0.053061024	0.052902579	0.046717396	0.046921193	0.042360987	0.042336892	0.036858697	0.036877295	0.031374187	0.031271312	0.027178885	0.027301528	0.024847113	0.024662335	0.021654838	0.021629077	0.019067878	0.018963927	0.017122065	0.017203047	0.014391827	0.014480333	0.012746531	0.012724906
t#bar{t} jec_FlavorPureGluon up,	0.071525419	0.071465055	0.098793919	0.099186075	0.100397038	0.100418477	0.093320529	0.093235867	0.084348954	0.084152427	0.076214459	0.076121638	0.067663632	0.067820334	0.060466208	0.060325702	0.053082919	0.052902579	0.046750542	0.046921193	0.042447726	0.042336892	0.036707457	0.036877295	0.031467201	0.031271312	0.027271917	0.027301528	0.024545404	0.024662335	0.021586455	0.021629077	0.019209645	0.018963927	0.017198209	0.017203047	0.014236141	0.014480333	0.012766227	0.012724906
t#bar{t} jec_FlavorPureQuark up,	0.071500443	0.071465055	0.099149155	0.099186075	0.100450546	0.100418477	0.093345226	0.093235867	0.083831382	0.084152427	0.076235282	0.076121638	0.067720925	0.067820334	0.060300687	0.060325702	0.053073609	0.052902579	0.047071309	0.046921193	0.042063258	0.042336892	0.036867971	0.036877295	0.031280318	0.031271312	0.027433319	0.027301528	0.024805050	0.024662335	0.021550609	0.021629077	0.018800132	0.018963927	0.017363182	0.017203047	0.014476798	0.014480333	0.012680801	0.012724906
t#bar{t} jec_FlavorPureCharm up,	0.071407105	0.071465055	0.099255569	0.099186075	0.100246651	0.100418477	0.093119329	0.093235867	0.084594272	0.084152427	0.076097598	0.076121638	0.067580450	0.067820334	0.060582345	0.060325702	0.053110269	0.052902579	0.046670835	0.046921193	0.042220180	0.042336892	0.036904473	0.036877295	0.031312394	0.031271312	0.027378921	0.027301528	0.024729324	0.024662335	0.021609210	0.021629077	0.018870570	0.018963927	0.017287923	0.017203047	0.014090111	0.014480333	0.012932470	0.012724906
t#bar{t} jec_FlavorPureBottom up,	0.071500753	0.071465055	0.098999274	0.099186075	0.100397670	0.100418477	0.093311588	0.093235867	0.084298564	0.084152427	0.076165173	0.076121638	0.067700666	0.067820334	0.060199453	0.060325702	0.053206091	0.052902579	0.046777991	0.046921193	0.042246546	0.042336892	0.036767331	0.036877295	0.031529366	0.031271312	0.027226615	0.027301528	0.024853641	0.024662335	0.021458304	0.021629077	0.018950665	0.018963927	0.017295368	0.017203047	0.014383882	0.014480333	0.012731059	0.012724906
t#bar{t} jer up,	0.071441466	0.071465055	0.099306516	0.099186075	0.100299265	0.100418477	0.093373346	0.093235867	0.083815816	0.084152427	0.076024161	0.076121638	0.067846908	0.067820334	0.060660031	0.060325702	0.053054975	0.052902579	0.046762513	0.046921193	0.042120107	0.042336892	0.036853129	0.036877295	0.031518190	0.031271312	0.027295461	0.027301528	0.024734856	0.024662335	0.021631179	0.021629077	0.018814023	0.018963927	0.017177761	0.017203047	0.014524147	0.014480333	0.012746150	0.012724906
t#bar{t} btag_heavy up,	0.071501310	0.071465055	0.098937408	0.099186075	0.100226432	0.100418477	0.093567263	0.093235867	0.084022909	0.084152427	0.076044524	0.076121638	0.067679773	0.067820334	0.060592787	0.060325702	0.053272311	0.052902579	0.046802947	0.046921193	0.041995062	0.042336892	0.036829629	0.036877295	0.031508794	0.031271312	0.027231115	0.027301528	0.024891637	0.024662335	0.021602927	0.021629077	0.018826021	0.018963927	0.017126756	0.017203047	0.014690685	0.014480333	0.012649709	0.012724906
t#bar{t} btag_light up,	0.071524840	0.071465055	0.098803643	0.099186075	0.100432660	0.100418477	0.093388749	0.093235867	0.084357547	0.084152427	0.076011968	0.076121638	0.067889726	0.067820334	0.060129943	0.060325702	0.053109031	0.052902579	0.046718108	0.046921193	0.042340106	0.042336892	0.036844497	0.036877295	0.031335375	0.031271312	0.027272884	0.027301528	0.024818814	0.024662335	0.021790435	0.021629077	0.018799276	0.018963927	0.017286833	0.017203047	0.014424928	0.014480333	0.012720636	0.012724906
t#bar{t} csv_heavy up,	0.071461941	0.071465055	0.099340140	0.099186075	0.100302691	0.100418477	0.093390830	0.093235867	0.084077667	0.084152427	0.076157454	0.076121638	0.067690077	0.067820334	0.060056349	0.060325702	0.053393897	0.052902579	0.046736466	0.046921193	0.042017002	0.042336892	0.036790745	0.036877295	0.031648045	0.031271312	0.027074667	0.027301528	0.024937345	0.024662335	0.021680993	0.021629077	0.018880495	0.018963927	0.017293874	0.017203047	0.014315133	0.014480333	0.012754187	0.012724906
t#bar{t} csv_light up,	0.071415630	0.071465055	0.099387659	0.099186075	0.100106467	0.100418477	0.093236372	0.093235867	0.084565627	0.084152427	0.076116665	0.076121638	0.067548563	0.067820334	0.060450294	0.060325702	0.053114996	0.052902579	0.046879216	0.046921193	0.042039445	0.042336892	0.036833698	0.036877295	0.031328934	0.031271312	0.027421770	0.027301528	0.024595758	0.024662335	0.021748513	0.021629077	0.018752945	0.018963927	0.017314044	0.017203047	0.014391164	0.014480333	0.012752241	0.012724906
t#bar{t} tracking up,	0.071475738	0.071465055	0.099145520	0.099186075	0.100343483	0.100418477	0.093307427	0.093235867	0.084420581	0.084152427	0.076034099	0.076121638	0.067805863	0.067820334	0.060050641	0.060325702	0.053326142	0.052902579	0.046662737	0.046921193	0.042022460	0.042336892	0.036985142	0.036877295	0.031462188	0.031271312	0.027219629	0.027301528	0.024944398	0.024662335	0.021488649	0.021629077	0.018807026	0.018963927	0.017350225	0.017203047	0.014458375	0.014480333	0.012689676	0.012724906
t#bar{t} jec_CorrelationGroupMPFInSitu down,	0.071553680	0.071465055	0.098826932	0.099186075	0.100229872	0.100418477	0.093621822	0.093235867	0.084482145	0.084152427	0.076073292	0.076121638	0.067716917	0.067820334	0.059966515	0.060325702	0.053343200	0.052902579	0.046635235	0.046921193	0.042352900	0.042336892	0.036836943	0.036877295	0.031189760	0.031271312	0.027448508	0.027301528	0.024789621	0.024662335	0.021609923	0.021629077	0.018854358	0.018963927	0.017358551	0.017203047	0.014401476	0.014480333	0.012708351	0.012724906
t#bar{t} jec_RelativeFSR down,	0.071379839	0.071465055	0.099595661	0.099186075	0.100567269	0.100418477	0.092989695	0.093235867	0.083791783	0.084152427	0.076200262	0.076121638	0.067766384	0.067820334	0.060374825	0.060325702	0.053176795	0.052902579	0.046598977	0.046921193	0.042368802	0.042336892	0.036813756	0.036877295	0.031348238	0.031271312	0.027255905	0.027301528	0.024953100	0.024662335	0.021444150	0.021629077	0.018962630	0.018963927	0.017154554	0.017203047	0.014584898	0.014480333	0.012672478	0.012724906
t#bar{t} jec_CorrelationGroupUncorrelated down,	0.071546124	0.071465055	0.098830918	0.099186075	0.100454785	0.100418477	0.093495936	0.093235867	0.084328449	0.084152427	0.075831493	0.076121638	0.068115436	0.067820334	0.060017942	0.060325702	0.052962856	0.052902579	0.046793405	0.046921193	0.042546558	0.042336892	0.036697160	0.036877295	0.031418009	0.031271312	0.027241115	0.027301528	0.024801276	0.024662335	0.021536979	0.021629077	0.019132377	0.018963927	0.017210469	0.017203047	0.014244943	0.014480333	0.012793770	0.012724906
t#bar{t} jec_FlavorPureGluon down,	0.071513069	0.071465055	0.098779675	0.099186075	0.100571151	0.100418477	0.093257005	0.093235867	0.084033892	0.084152427	0.076107233	0.076121638	0.067793898	0.067820334	0.060502232	0.060325702	0.053254068	0.052902579	0.046593660	0.046921193	0.042245257	0.042336892	0.036904983	0.036877295	0.031343646	0.031271312	0.027340136	0.027301528	0.024928888	0.024662335	0.021531442	0.021629077	0.018879716	0.018963927	0.017161662	0.017203047	0.014463071	0.014480333	0.012795314	0.012724906
t#bar{t} jec_FlavorPureQuark down,	0.071500509	0.071465055	0.099498880	0.099186075	0.100415829	0.100418477	0.093541298	0.093235867	0.083366306	0.084152427	0.076345785	0.076121638	0.067718106	0.067820334	0.059942221	0.060325702	0.053330805	0.052902579	0.046722355	0.046921193	0.042325853	0.042336892	0.036897329	0.036877295	0.031145827	0.031271312	0.027488696	0.027301528	0.024953018	0.024662335	0.021373449	0.021629077	0.018952245	0.018963927	0.017198529	0.017203047	0.014606305	0.014480333	0.012676655	0.012724906
t#bar{t} jec_FlavorPureCharm down,	0.071484263	0.071465055	0.099138480	0.099186075	0.100394754	0.100418477	0.093322336	0.093235867	0.084338967	0.084152427	0.076073182	0.076121638	0.067858683	0.067820334	0.059850765	0.060325702	0.053046252	0.052902579	0.046908598	0.046921193	0.042430258	0.042336892	0.036698388	0.036877295	0.031248707	0.031271312	0.027293422	0.027301528	0.024983155	0.024662335	0.021654750	0.021629077	0.018780524	0.018963927	0.017257257	0.017203047	0.014532622	0.014480333	0.012704638	0.012724906
t#bar{t} jec_FlavorPureBottom down,	0.071485005	0.071465055	0.099013926	0.099186075	0.100458230	0.100418477	0.093269434	0.093235867	0.084146067	0.084152427	0.076016055	0.076121638	0.067949234	0.067820334	0.060297052	0.060325702	0.052888922	0.052902579	0.046775764	0.046921193	0.042699017	0.042336892	0.036495441	0.036877295	0.031485305	0.031271312	0.027142896	0.027301528	0.024806153	0.024662335	0.021770468	0.021629077	0.018915624	0.018963927	0.017210989	0.017203047	0.014507958	0.014480333	0.012666459	0.012724906
t#bar{t} jer down,	0.071504278	0.071465055	0.099007713	0.099186075	0.100679424	0.100418477	0.093156593	0.093235867	0.083916203	0.084152427	0.076176649	0.076121638	0.067904358	0.067820334	0.060196082	0.060325702	0.053120481	0.052902579	0.046708064	0.046921193	0.042398045	0.042336892	0.036823139	0.036877295	0.031314055	0.031271312	0.027381211	0.027301528	0.024926235	0.024662335	0.021395090	0.021629077	0.018873889	0.018963927	0.017312741	0.017203047	0.014521874	0.014480333	0.012683877	0.012724906
t#bar{t} btag_heavy down,	0.071470636	0.071465055	0.099148686	0.099186075	0.100279355	0.100418477	0.093338782	0.093235867	0.084254942	0.084152427	0.076154607	0.076121638	0.067694755	0.067820334	0.060312239	0.060325702	0.052982881	0.052902579	0.046992217	0.046921193	0.042218796	0.042336892	0.036877054	0.036877295	0.031209753	0.031271312	0.027322169	0.027301528	0.024783629	0.024662335	0.021716111	0.021629077	0.018813360	0.018963927	0.017305124	0.017203047	0.014309301	0.014480333	0.012815605	0.012724906
t#bar{t} btag_light down,	0.071496213	0.071465055	0.099053260	0.099186075	0.100225078	0.100418477	0.093515215	0.093235867	0.084565998	0.084152427	0.075898913	0.076121638	0.067881697	0.067820334	0.060048507	0.060325702	0.053173872	0.052902579	0.046845882	0.046921193	0.042125301	0.042336892	0.036839633	0.036877295	0.031333913	0.031271312	0.027395643	0.027301528	0.024824965	0.024662335	0.021391234	0.021629077	0.019075750	0.018963927	0.017207243	0.017203047	0.014353254	0.014480333	0.012748429	0.012724906
t#bar{t} csv_heavy down,	0.071467885	0.071465055	0.099286483	0.099186075	0.100048049	0.100418477	0.093676619	0.093235867	0.084317185	0.084152427	0.075874693	0.076121638	0.067819019	0.067820334	0.060133024	0.060325702	0.053191011	0.052902579	0.046784837	0.046921193	0.042197103	0.042336892	0.036747318	0.036877295	0.031450279	0.031271312	0.027218294	0.027301528	0.024931765	0.024662335	0.021536357	0.021629077	0.018875858	0.018963927	0.017373414	0.017203047	0.014426706	0.014480333	0.012644101	0.012724906
t#bar{t} csv_light down,	0.071491394	0.071465055	0.099033694	0.099186075	0.100290080	0.100418477	0.093440995	0.093235867	0.084082824	0.084152427	0.076124358	0.076121638	0.067674702	0.067820334	0.060480742	0.060325702	0.053267763	0.052902579	0.046423924	0.046921193	0.042644226	0.042336892	0.036770431	0.036877295	0.031178454	0.031271312	0.027364021	0.027301528	0.024841686	0.024662335	0.021476642	0.021629077	0.018997535	0.018963927	0.017203827	0.017203047	0.014587467	0.014480333	0.012625237	0.012724906
t#bar{t} tracking down,	0.071439674	0.071465055	0.099417717	0.099186075	0.100465167	0.100418477	0.093183617	0.093235867	0.083665095	0.084152427	0.076391038	0.076121638	0.067573518	0.067820334	0.060384759	0.060325702	0.053124536	0.052902579	0.046833635	0.046921193	0.042285308	0.042336892	0.036763062	0.036877295	0.031458472	0.031271312	0.027180812	0.027301528	0.024936671	0.024662335	0.021574895	0.021629077	0.018895538	0.018963927	0.017266424	0.017203047	0.014482155	0.014480333	0.012677907	0.012724906
t#bar{t} evtgen,	0.071180571	0.071465055	0.100263921	0.099186075	0.099610003	0.100418477	0.092591176	0.093235867	0.086246660	0.084152427	0.076396024	0.076121638	0.066272296	0.067820334	0.060550383	0.060325702	0.053712258	0.052902579	0.046490146	0.046921193	0.042609307	0.042336892	0.036372283	0.036877295	0.031512749	0.031271312	0.027205976	0.027301528	0.023639750	0.024662335	0.022070237	0.021629077	0.019303256	0.018963927	0.017093162	0.017203047	0.014067374	0.014480333	0.012812470	0.012724906
t#bar{t} m=171.5,	0.071731025	0.071465055	0.098150010	0.099186075	0.101768619	0.100418477	0.093060035	0.093235867	0.082956947	0.084152427	0.076291020	0.076121638	0.068619285	0.067820334	0.060208477	0.060325702	0.053534837	0.052902579	0.046389539	0.046921193	0.041648209	0.042336892	0.036669279	0.036877295	0.031366842	0.031271312	0.029550460	0.027301528	0.023826538	0.024662335	0.020900584	0.021629077	0.018625064	0.018963927	0.017108863	0.017203047	0.015328598	0.014480333	0.012265766	0.012724906
t#bar{t} m=173.5,	0.071351746	0.071465055	0.099840667	0.099186075	0.100429841	0.100418477	0.092017547	0.093235867	0.085218558	0.084152427	0.077074935	0.076121638	0.067269528	0.067820334	0.060268456	0.060325702	0.053410816	0.052902579	0.046948348	0.046921193	0.040785321	0.042336892	0.036948973	0.036877295	0.032436255	0.031271312	0.027313538	0.027301528	0.023137199	0.024662335	0.022102653	0.021629077	0.019386380	0.018963927	0.016484818	0.017203047	0.014953343	0.014480333	0.012621081	0.012724906
t#bar{t} Herwig++,	0.071754244	0.071465055	0.097224877	0.099186075	0.100179095	0.100418477	0.094038180	0.093235867	0.084435442	0.084152427	0.075927496	0.076121638	0.067690604	0.067820334	0.061772225	0.060325702	0.052433296	0.052902579	0.047291914	0.046921193	0.043150584	0.042336892	0.035833103	0.036877295	0.031598475	0.031271312	0.027527965	0.027301528	0.023979193	0.024662335	0.021583467	0.021629077	0.019547506	0.018963927	0.016707091	0.017203047	0.014293666	0.014480333	0.013031577	0.012724906
t#bar{t} isr up,	0.071421378	0.071465055	0.100572196	0.099186075	0.099159215	0.100418477	0.094508885	0.093235867	0.085089907	0.084152427	0.075861409	0.076121638	0.067766215	0.067820334	0.058058339	0.060325702	0.052901323	0.052902579	0.047760411	0.046921193	0.042507024	0.042336892	0.036071912	0.036877295	0.031221834	0.031271312	0.027611818	0.027301528	0.024674169	0.024662335	0.021255105	0.021629077	0.019148436	0.018963927	0.017311529	0.017203047	0.014426228	0.014480333	0.012672666	0.012724906
t#bar{t} isr dn,	0.071610803	0.071465055	0.098524729	0.099186075	0.101195336	0.100418477	0.092722873	0.093235867	0.085411169	0.084152427	0.076478601	0.076121638	0.067725866	0.067820334	0.058639957	0.060325702	0.053166767	0.052902579	0.047884930	0.046921193	0.042073924	0.042336892	0.035887420	0.036877295	0.031272580	0.031271312	0.028396555	0.027301528	0.024519859	0.024662335	0.020861320	0.021629077	0.019398772	0.018963927	0.016732497	0.017203047	0.014857991	0.014480333	0.012638051	0.012724906
t#bar{t} fsr up,	0.071597976	0.071465055	0.099830932	0.099186075	0.099228305	0.100418477	0.094741598	0.093235867	0.083534476	0.084152427	0.075701157	0.076121638	0.067991179	0.067820334	0.059665897	0.060325702	0.053110344	0.052902579	0.046973838	0.046921193	0.042745486	0.042336892	0.035629668	0.036877295	0.032108567	0.031271312	0.027104990	0.027301528	0.025359979	0.024662335	0.021717384	0.021629077	0.018976514	0.018963927	0.016637110	0.017203047	0.014232533	0.014480333	0.013112067	0.012724906
t#bar{t} fsr dn,	0.071587099	0.071465055	0.098345622	0.099186075	0.099688477	0.100418477	0.094276819	0.093235867	0.086378513	0.084152427	0.075025337	0.076121638	0.068027788	0.067820334	0.059837950	0.060325702	0.052744450	0.052902579	0.047550728	0.046921193	0.041429379	0.042336892	0.036599336	0.036877295	0.032616370	0.031271312	0.026800033	0.027301528	0.023916916	0.024662335	0.021953345	0.021629077	0.019100368	0.018963927	0.016285386	0.017203047	0.015330338	0.014480333	0.012505745	0.012724906
t#bar{t} hdamp up,	0.071137462	0.071465055	0.100226500	0.099186075	0.100227194	0.100418477	0.092657121	0.093235867	0.085304393	0.084152427	0.075840695	0.076121638	0.067716088	0.067820334	0.060000081	0.060325702	0.052505323	0.052902579	0.047080716	0.046921193	0.042814771	0.042336892	0.036488260	0.036877295	0.030998757	0.031271312	0.027363236	0.027301528	0.024787982	0.024662335	0.021695579	0.021629077	0.018944626	0.018963927	0.016968616	0.017203047	0.014243226	0.014480333	0.012999374	0.012724906
t#bar{t} hdamp dn,	0.071233508	0.071465055	0.099785398	0.099186075	0.100310781	0.100418477	0.093169109	0.093235867	0.082150511	0.084152427	0.076552633	0.076121638	0.067260573	0.067820334	0.063102967	0.060325702	0.052454484	0.052902579	0.047074175	0.046921193	0.042025527	0.042336892	0.035981008	0.036877295	0.031237018	0.031271312	0.028560976	0.027301528	0.024286490	0.024662335	0.021855750	0.021629077	0.018859957	0.018963927	0.016403985	0.017203047	0.014668355	0.014480333	0.013026795	0.012724906
t#bar{t} UEup,	0.071615115	0.071465055	0.098325475	0.099186075	0.100500378	0.100418477	0.093469543	0.093235867	0.084270172	0.084152427	0.076304813	0.076121638	0.067365788	0.067820334	0.060260990	0.060325702	0.053860451	0.052902579	0.046245650	0.046921193	0.042469662	0.042336892	0.037075024	0.036877295	0.030789949	0.031271312	0.027554545	0.027301528	0.025033059	0.024662335	0.021655643	0.021629077	0.018971702	0.018963927	0.016968843	0.017203047	0.014388523	0.014480333	0.012874674	0.012724906
t#bar{t} UEdn,	0.071676250	0.071465055	0.099504689	0.099186075	0.100067687	0.100418477	0.093649808	0.093235867	0.082944140	0.084152427	0.077485197	0.076121638	0.066583324	0.067820334	0.060733856	0.060325702	0.053506514	0.052902579	0.046566284	0.046921193	0.042304795	0.042336892	0.036501533	0.036877295	0.032388090	0.031271312	0.027527177	0.027301528	0.023861246	0.024662335	0.021019638	0.021629077	0.019336684	0.018963927	0.017305327	0.017203047	0.014282540	0.014480333	0.012755219	0.012724906
t#bar{t} ERDon,	0.071097372	0.071465055	0.100992244	0.099186075	0.099890532	0.100418477	0.092524694	0.093235867	0.084488384	0.084152427	0.076431378	0.076121638	0.067087163	0.067820334	0.061185462	0.060325702	0.052752017	0.052902579	0.047023147	0.046921193	0.042459076	0.042336892	0.036637920	0.036877295	0.030558132	0.031271312	0.028054524	0.027301528	0.023797127	0.024662335	0.021515219	0.021629077	0.019289652	0.018963927	0.017361081	0.017203047	0.014018861	0.014480333	0.012836015	0.012724906
t#bar{t} QCDbased,	0.071262719	0.071465055	0.099180763	0.099186075	0.099547791	0.100418477	0.092900960	0.093235867	0.086508267	0.084152427	0.075500341	0.076121638	0.067320648	0.067820334	0.061808624	0.060325702	0.053603438	0.052902579	0.045548498	0.046921193	0.042540268	0.042336892	0.036625914	0.036877295	0.031251616	0.031271312	0.028051635	0.027301528	0.023763412	0.024662335	0.021405694	0.021629077	0.019279885	0.018963927	0.016279240	0.017203047	0.014392782	0.014480333	0.013227505	0.012724906
t#bar{t} gluon move,	0.071339391	0.071465055	0.100099615	0.099186075	0.099457728	0.100418477	0.093752273	0.093235867	0.084955889	0.084152427	0.076242712	0.076121638	0.066758105	0.067820334	0.060660562	0.060325702	0.053684404	0.052902579	0.046315924	0.046921193	0.041827942	0.042336892	0.037130502	0.036877295	0.031701942	0.031271312	0.027397000	0.027301528	0.024338915	0.024662335	0.020738084	0.021629077	0.019658261	0.018963927	0.016851257	0.017203047	0.014244488	0.014480333	0.012845005	0.012724906
