t#bar{t},	0.065731403	0.080963956	0.092634505	0.102683233	0.096016846	0.100041050	0.091685085	0.090816917	0.085238886	0.083557988	0.078595588	0.075411238	0.070084322	0.066711483	0.062836300	0.060172662	0.055532243	0.051307395	0.048437740	0.045807753	0.043103546	0.041667203	0.037501173	0.035601408	0.032870832	0.031826641	0.028937334	0.028131761	0.025433376	0.023285212	0.021998164	0.021020175	0.019033599	0.019094360	0.016776104	0.015635274	0.014560768	0.013780669	0.012992187	0.012483623
t#bar{t} jec_CorrelationGroupMPFInSitu up,	0.080540764	0.080963956	0.102896377	0.102683233	0.100503625	0.100041050	0.091018037	0.090816917	0.083058138	0.083557988	0.075559874	0.075411238	0.067423350	0.066711483	0.059783572	0.060172662	0.051519894	0.051307395	0.045988558	0.045807753	0.041195012	0.041667203	0.035911064	0.035601408	0.031974108	0.031826641	0.028253249	0.028131761	0.023457296	0.023285212	0.021008904	0.021020175	0.018856674	0.019094360	0.015257771	0.015635274	0.013517979	0.013780669	0.012275752	0.012483623
t#bar{t} jec_RelativeFSR up,	0.080940553	0.080963956	0.103487110	0.102683233	0.100226126	0.100041050	0.091084718	0.090816917	0.084060224	0.083557988	0.075348562	0.075411238	0.067518636	0.066711483	0.060180977	0.060172662	0.050679293	0.051307395	0.045602010	0.045807753	0.041224542	0.041667203	0.035532219	0.035601408	0.031722401	0.031826641	0.027851336	0.028131761	0.022984404	0.023285212	0.020922065	0.021020175	0.018725897	0.019094360	0.015742015	0.015635274	0.013835896	0.013780669	0.012331013	0.012483623
t#bar{t} jec_CorrelationGroupUncorrelated up,	0.079900911	0.080963956	0.101834838	0.102683233	0.099578067	0.100041050	0.090784043	0.090816917	0.083286204	0.083557988	0.076247620	0.075411238	0.067866909	0.066711483	0.060619926	0.060172662	0.051289896	0.051307395	0.046011119	0.045807753	0.041316452	0.041667203	0.036129171	0.035601408	0.032024237	0.031826641	0.028543318	0.028131761	0.022828375	0.023285212	0.021093902	0.021020175	0.019082964	0.019094360	0.015407960	0.015635274	0.013981807	0.013780669	0.012172282	0.012483623
t#bar{t} jec_FlavorPureGluon up,	0.080235227	0.080963956	0.101935188	0.102683233	0.099275750	0.100041050	0.090065891	0.090816917	0.082774359	0.083557988	0.076044730	0.075411238	0.067171458	0.066711483	0.060574730	0.060172662	0.051390369	0.051307395	0.045955352	0.045807753	0.041788376	0.041667203	0.036079347	0.035601408	0.031842573	0.031826641	0.028236913	0.028131761	0.023598704	0.023285212	0.021254179	0.021020175	0.019104117	0.019094360	0.016183322	0.015635274	0.014232630	0.013780669	0.012256786	0.012483623
t#bar{t} jec_FlavorPureQuark up,	0.080812582	0.080963956	0.103253561	0.102683233	0.100355222	0.100041050	0.090589876	0.090816917	0.083301406	0.083557988	0.075807163	0.075411238	0.067852192	0.066711483	0.059832041	0.060172662	0.051560740	0.051307395	0.045480279	0.045807753	0.041528776	0.041667203	0.035541314	0.035601408	0.031886637	0.031826641	0.028138866	0.028131761	0.022949915	0.023285212	0.020924712	0.021020175	0.018845852	0.019094360	0.015328236	0.015635274	0.013607096	0.013780669	0.012403535	0.012483623
t#bar{t} jec_FlavorPureCharm up,	0.081097330	0.080963956	0.103530208	0.102683233	0.099829624	0.100041050	0.090862601	0.090816917	0.083258882	0.083557988	0.075781175	0.075411238	0.066851719	0.066711483	0.060187119	0.060172662	0.051452593	0.051307395	0.046189023	0.045807753	0.041515711	0.041667203	0.035301807	0.035601408	0.031896323	0.031826641	0.028277373	0.028131761	0.023296717	0.023285212	0.020946350	0.021020175	0.018662894	0.019094360	0.015413835	0.015635274	0.013339427	0.013780669	0.012309290	0.012483623
t#bar{t} jec_FlavorPureBottom up,	0.081231284	0.080963956	0.102628242	0.102683233	0.099920663	0.100041050	0.090440703	0.090816917	0.083205363	0.083557988	0.075954850	0.075411238	0.067662318	0.066711483	0.059979153	0.060172662	0.051467145	0.051307395	0.046115504	0.045807753	0.041435073	0.041667203	0.035687444	0.035601408	0.031652336	0.031826641	0.028165140	0.028131761	0.022976287	0.023285212	0.021023902	0.021020175	0.018700526	0.019094360	0.015581481	0.015635274	0.013572853	0.013780669	0.012599733	0.012483623
t#bar{t} jer up,	0.081077056	0.080963956	0.102891684	0.102683233	0.100539267	0.100041050	0.090422588	0.090816917	0.083149253	0.083557988	0.076093190	0.075411238	0.067509653	0.066711483	0.059650265	0.060172662	0.050929127	0.051307395	0.045937937	0.045807753	0.041208219	0.041667203	0.036001939	0.035601408	0.031401527	0.031826641	0.028691414	0.028131761	0.023090250	0.023285212	0.020932570	0.021020175	0.018908985	0.019094360	0.015562380	0.015635274	0.013755470	0.013780669	0.012247227	0.012483623
t#bar{t} btag_heavy up,	0.081090573	0.080963956	0.103219672	0.102683233	0.100080866	0.100041050	0.090831295	0.090816917	0.083100712	0.083557988	0.075701382	0.075411238	0.067654838	0.066711483	0.059944843	0.060172662	0.050689297	0.051307395	0.046296627	0.045807753	0.041552401	0.041667203	0.035411095	0.035601408	0.031655075	0.031826641	0.027953299	0.028131761	0.023166771	0.023285212	0.021075101	0.021020175	0.018982155	0.019094360	0.015711673	0.015635274	0.013513756	0.013780669	0.012368570	0.012483623
t#bar{t} btag_light up,	0.080668636	0.080963956	0.103623162	0.102683233	0.099564960	0.100041050	0.091021696	0.090816917	0.083416699	0.083557988	0.075849166	0.075411238	0.067407500	0.066711483	0.060047927	0.060172662	0.051251172	0.051307395	0.045598449	0.045807753	0.041337119	0.041667203	0.035807535	0.035601408	0.031912068	0.031826641	0.027921970	0.028131761	0.023523500	0.023285212	0.020683270	0.021020175	0.018604387	0.019094360	0.015762867	0.015635274	0.013779541	0.013780669	0.012218377	0.012483623
t#bar{t} csv_heavy up,	0.081195168	0.080963956	0.103454501	0.102683233	0.100520054	0.100041050	0.091011178	0.090816917	0.083308546	0.083557988	0.075891842	0.075411238	0.066164379	0.066711483	0.059953855	0.060172662	0.051353850	0.051307395	0.045580324	0.045807753	0.041488946	0.041667203	0.035475666	0.035601408	0.032009126	0.031826641	0.027632966	0.028131761	0.023366540	0.023285212	0.021041622	0.021020175	0.019015860	0.019094360	0.015595603	0.015635274	0.013651712	0.013780669	0.012288263	0.012483623
t#bar{t} csv_light up,	0.080319665	0.080963956	0.103717491	0.102683233	0.100248858	0.100041050	0.090792268	0.090816917	0.083088977	0.083557988	0.075474965	0.075411238	0.067264987	0.066711483	0.060088475	0.060172662	0.051170816	0.051307395	0.046113603	0.045807753	0.041656494	0.041667203	0.035616915	0.035601408	0.031955068	0.031826641	0.028336292	0.028131761	0.023244512	0.023285212	0.021062226	0.021020175	0.018599296	0.019094360	0.015617316	0.015635274	0.013481217	0.013780669	0.012150558	0.012483623
t#bar{t} tracking up,	0.081429167	0.080963956	0.103454141	0.102683233	0.100224882	0.100041050	0.091637295	0.090816917	0.083175850	0.083557988	0.075298112	0.075411238	0.067781165	0.066711483	0.059594239	0.060172662	0.051478833	0.051307395	0.045742542	0.045807753	0.040735276	0.041667203	0.035739302	0.035601408	0.031616042	0.031826641	0.028227612	0.028131761	0.022915313	0.023285212	0.020968621	0.021020175	0.018850866	0.019094360	0.015589257	0.015635274	0.013439735	0.013780669	0.012101750	0.012483623
t#bar{t} jec_CorrelationGroupMPFInSitu down,	0.080440086	0.080963956	0.103532751	0.102683233	0.100106726	0.100041050	0.090731915	0.090816917	0.083727852	0.083557988	0.075794072	0.075411238	0.067069382	0.066711483	0.060584768	0.060172662	0.051702289	0.051307395	0.046068537	0.045807753	0.041238386	0.041667203	0.035683944	0.035601408	0.031703988	0.031826641	0.027757457	0.028131761	0.022915837	0.023285212	0.020877398	0.021020175	0.018520423	0.019094360	0.015700913	0.015635274	0.013647519	0.013780669	0.012195757	0.012483623
t#bar{t} jec_RelativeFSR down,	0.081039978	0.080963956	0.102816180	0.102683233	0.100364255	0.100041050	0.090459277	0.090816917	0.083707649	0.083557988	0.075368172	0.075411238	0.067403135	0.066711483	0.059839772	0.060172662	0.051197470	0.051307395	0.046095716	0.045807753	0.041534966	0.041667203	0.035597478	0.035601408	0.031735658	0.031826641	0.028279908	0.028131761	0.023399354	0.023285212	0.020938240	0.021020175	0.018843307	0.019094360	0.015490443	0.015635274	0.013681305	0.013780669	0.012207738	0.012483623
t#bar{t} jec_CorrelationGroupUncorrelated down,	0.080695782	0.080963956	0.103535999	0.102683233	0.101251112	0.100041050	0.092114695	0.090816917	0.083413408	0.083557988	0.075955129	0.075411238	0.067032421	0.066711483	0.059651660	0.060172662	0.051435494	0.051307395	0.045943445	0.045807753	0.041264808	0.041667203	0.035541524	0.035601408	0.031505791	0.031826641	0.027648622	0.028131761	0.022740541	0.023285212	0.020849004	0.021020175	0.018429489	0.019094360	0.015380924	0.015635274	0.013455949	0.013780669	0.012154202	0.012483623
t#bar{t} jec_FlavorPureGluon down,	0.080912121	0.080963956	0.103495491	0.102683233	0.100618957	0.100041050	0.091503358	0.090816917	0.083606202	0.083557988	0.075990554	0.075411238	0.067295731	0.066711483	0.059715184	0.060172662	0.052006932	0.051307395	0.045902659	0.045807753	0.041299448	0.041667203	0.035153527	0.035601408	0.031374278	0.031826641	0.027941932	0.028131761	0.022494336	0.023285212	0.021032466	0.021020175	0.018772667	0.019094360	0.015497274	0.015635274	0.013133075	0.013780669	0.012253807	0.012483623
t#bar{t} jec_FlavorPureQuark down,	0.080711706	0.080963956	0.103245482	0.102683233	0.099326729	0.100041050	0.090899513	0.090816917	0.084032791	0.083557988	0.076215981	0.075411238	0.067468689	0.066711483	0.059667102	0.060172662	0.050798256	0.051307395	0.046044285	0.045807753	0.041769737	0.041667203	0.035603698	0.035601408	0.031902520	0.031826641	0.027737797	0.028131761	0.023047824	0.023285212	0.021237538	0.021020175	0.018715631	0.019094360	0.015324343	0.015635274	0.013836567	0.013780669	0.012413811	0.012483623
t#bar{t} jec_FlavorPureCharm down,	0.081439782	0.080963956	0.103112604	0.102683233	0.100380345	0.100041050	0.090530146	0.090816917	0.083421118	0.083557988	0.075994493	0.075411238	0.067378718	0.066711483	0.059716507	0.060172662	0.050993302	0.051307395	0.046029916	0.045807753	0.041375131	0.041667203	0.035595977	0.035601408	0.031330362	0.031826641	0.028204600	0.028131761	0.023263156	0.023285212	0.021116999	0.021020175	0.018414394	0.019094360	0.015639562	0.015635274	0.013846574	0.013780669	0.012216314	0.012483623
t#bar{t} jec_FlavorPureBottom down,	0.081198973	0.080963956	0.103051266	0.102683233	0.099812125	0.100041050	0.091389554	0.090816917	0.082926071	0.083557988	0.075562752	0.075411238	0.067952003	0.066711483	0.059729438	0.060172662	0.050839468	0.051307395	0.046057552	0.045807753	0.041707686	0.041667203	0.035459200	0.035601408	0.032007898	0.031826641	0.028161324	0.028131761	0.023094143	0.023285212	0.020923990	0.021020175	0.018767575	0.019094360	0.015577946	0.015635274	0.013626540	0.013780669	0.012154498	0.012483623
t#bar{t} jer down,	0.081295903	0.080963956	0.103356014	0.102683233	0.099773888	0.100041050	0.090591326	0.090816917	0.083376833	0.083557988	0.075859217	0.075411238	0.067162880	0.066711483	0.060478355	0.060172662	0.050751745	0.051307395	0.045364311	0.045807753	0.041008648	0.041667203	0.035872377	0.035601408	0.031778288	0.031826641	0.028321680	0.028131761	0.023148649	0.023285212	0.021059782	0.021020175	0.018894645	0.019094360	0.015927835	0.015635274	0.013795709	0.013780669	0.012181915	0.012483623
t#bar{t} btag_heavy down,	0.080413513	0.080963956	0.103226394	0.102683233	0.100362298	0.100041050	0.091374570	0.090816917	0.083643866	0.083557988	0.075577341	0.075411238	0.067182120	0.066711483	0.060247654	0.060172662	0.051377504	0.051307395	0.046090450	0.045807753	0.041559909	0.041667203	0.035277270	0.035601408	0.031714103	0.031826641	0.027952230	0.028131761	0.023270567	0.023285212	0.020900748	0.021020175	0.018720021	0.019094360	0.015577484	0.015635274	0.013422678	0.013780669	0.012109280	0.012483623
t#bar{t} btag_light down,	0.081150363	0.080963956	0.103533459	0.102683233	0.100218900	0.100041050	0.090971402	0.090816917	0.083768959	0.083557988	0.075439723	0.075411238	0.067907615	0.066711483	0.059732025	0.060172662	0.051595237	0.051307395	0.045680441	0.045807753	0.041107330	0.041667203	0.035273574	0.035601408	0.031793103	0.031826641	0.027755548	0.028131761	0.022991026	0.023285212	0.020674959	0.021020175	0.018699177	0.019094360	0.015713286	0.015635274	0.013542461	0.013780669	0.012451415	0.012483623
t#bar{t} csv_heavy down,	0.081222950	0.080963956	0.102884020	0.102683233	0.099476597	0.100041050	0.091013142	0.090816917	0.083155292	0.083557988	0.076234439	0.075411238	0.067526484	0.066711483	0.059803881	0.060172662	0.051543417	0.051307395	0.045830927	0.045807753	0.041672020	0.041667203	0.035544807	0.035601408	0.031402043	0.031826641	0.027687076	0.028131761	0.023358430	0.023285212	0.020853943	0.021020175	0.018799450	0.019094360	0.015814965	0.015635274	0.014013899	0.013780669	0.012162219	0.012483623
t#bar{t} csv_light down,	0.080586070	0.080963956	0.103506706	0.102683233	0.100055808	0.100041050	0.090969857	0.090816917	0.083502924	0.083557988	0.075551099	0.075411238	0.067757524	0.066711483	0.059397167	0.060172662	0.051199140	0.051307395	0.045995274	0.045807753	0.041414492	0.041667203	0.035815835	0.035601408	0.031675549	0.031826641	0.028347264	0.028131761	0.022845850	0.023285212	0.021035542	0.021020175	0.018916730	0.019094360	0.015485445	0.015635274	0.013666464	0.013780669	0.012275259	0.012483623
t#bar{t} tracking down,	0.081145269	0.080963956	0.102786009	0.102683233	0.099323525	0.100041050	0.090699442	0.090816917	0.083712404	0.083557988	0.075572377	0.075411238	0.067880586	0.066711483	0.059520498	0.060172662	0.051330424	0.051307395	0.046258354	0.045807753	0.041575904	0.041667203	0.035585350	0.035601408	0.031792115	0.031826641	0.028012494	0.028131761	0.022968891	0.023285212	0.020976360	0.021020175	0.018805126	0.019094360	0.016024795	0.015635274	0.013658994	0.013780669	0.012371084	0.012483623
t#bar{t} evtgen,	0.081994772	0.080963956	0.101934841	0.102683233	0.097880272	0.100041050	0.090455484	0.090816917	0.084806003	0.083557988	0.073949930	0.075411238	0.066851076	0.066711483	0.061138275	0.060172662	0.052655696	0.051307395	0.045489723	0.045807753	0.041786017	0.041667203	0.035352610	0.035601408	0.032464025	0.031826641	0.028616658	0.028131761	0.022462419	0.023285212	0.021203032	0.021020175	0.019345607	0.019094360	0.016238619	0.015635274	0.012776962	0.013780669	0.012597978	0.012483623
t#bar{t} m=171.5,	0.081220538	0.080963956	0.100345766	0.102683233	0.099939157	0.100041050	0.092228889	0.090816917	0.083401525	0.083557988	0.076186549	0.075411238	0.066471187	0.066711483	0.059247943	0.060172662	0.051256141	0.051307395	0.045882225	0.045807753	0.042112749	0.041667203	0.037087735	0.035601408	0.031072226	0.031826641	0.030352692	0.028131761	0.023125423	0.023285212	0.019882523	0.021020175	0.019576345	0.019094360	0.014553765	0.015635274	0.014477178	0.013780669	0.011579445	0.012483623
t#bar{t} m=173.5,	0.081377219	0.080963956	0.103039507	0.102683233	0.098746620	0.100041050	0.088402593	0.090816917	0.084065334	0.083557988	0.075316998	0.075411238	0.064930208	0.066711483	0.059846114	0.060172662	0.052420555	0.051307395	0.046367615	0.045807753	0.041896554	0.041667203	0.036960460	0.035601408	0.033971989	0.031826641	0.027225146	0.028131761	0.022500714	0.023285212	0.021217003	0.021020175	0.018972287	0.019094360	0.015902843	0.015635274	0.014022642	0.013780669	0.012817598	0.012483623
t#bar{t} pileup up,	0.081105215	0.080963956	0.103064864	0.102683233	0.100247430	0.100041050	0.091116110	0.090816917	0.083821355	0.083557988	0.075237894	0.075411238	0.066462044	0.066711483	0.060265729	0.060172662	0.051326886	0.051307395	0.045877136	0.045807753	0.041835399	0.041667203	0.035414359	0.035601408	0.031733156	0.031826641	0.028040173	0.028131761	0.022996227	0.023285212	0.020795466	0.021020175	0.018875249	0.019094360	0.015477383	0.015635274	0.013776520	0.013780669	0.012531404	0.012483623
t#bar{t} pileup down,	0.080838840	0.080963956	0.102392945	0.102683233	0.099823897	0.100041050	0.090574179	0.090816917	0.083305978	0.083557988	0.075512429	0.075411238	0.066973033	0.066711483	0.060130426	0.060172662	0.051300586	0.051307395	0.045799219	0.045807753	0.041561710	0.041667203	0.035762279	0.035601408	0.031822892	0.031826641	0.028203447	0.028131761	0.023502670	0.023285212	0.021181949	0.021020175	0.019289066	0.019094360	0.015810140	0.015635274	0.013770255	0.013780669	0.012444061	0.012483623
t#bar{t} trig efficiency correction up,	0.080830205	0.080963956	0.102706099	0.102683233	0.099766939	0.100041050	0.090943802	0.090816917	0.083153212	0.083557988	0.075451224	0.075411238	0.066969266	0.066711483	0.059661751	0.060172662	0.051143423	0.051307395	0.046163132	0.045807753	0.041467854	0.041667203	0.035792009	0.035601408	0.031890925	0.031826641	0.028259008	0.028131761	0.023307654	0.023285212	0.021137672	0.021020175	0.019075721	0.019094360	0.015792979	0.015635274	0.013893478	0.013780669	0.012593647	0.012483623
t#bar{t} trig efficiency correction down,	0.080810404	0.080963956	0.102712644	0.102683233	0.099774583	0.100041050	0.090948415	0.090816917	0.083143131	0.083557988	0.075461829	0.075411238	0.066967122	0.066711483	0.059670198	0.060172662	0.051158845	0.051307395	0.046154868	0.045807753	0.041467912	0.041667203	0.035778749	0.035601408	0.031890836	0.031826641	0.028264796	0.028131761	0.023302756	0.023285212	0.021135661	0.021020175	0.019072948	0.019094360	0.015788089	0.015635274	0.013899323	0.013780669	0.012596889	0.012483623
t#bar{t} sel efficiency correction up,	0.080832142	0.080963956	0.102702542	0.102683233	0.099761282	0.100041050	0.090944393	0.090816917	0.083153124	0.083557988	0.075448080	0.075411238	0.066969153	0.066711483	0.059661877	0.060172662	0.051150666	0.051307395	0.046164101	0.045807753	0.041464641	0.041667203	0.035792380	0.035601408	0.031887508	0.031826641	0.028261872	0.028131761	0.023311323	0.023285212	0.021141824	0.021020175	0.019072614	0.019094360	0.015790668	0.015635274	0.013894282	0.013780669	0.012595529	0.012483623
t#bar{t} sel efficiency correction down,	0.080808337	0.080963956	0.102716246	0.102683233	0.099780372	0.100041050	0.090947851	0.090816917	0.083143197	0.083557988	0.075465039	0.075411238	0.066967229	0.066711483	0.059670090	0.060172662	0.051151541	0.051307395	0.046153870	0.045807753	0.041471171	0.041667203	0.035778348	0.035601408	0.031894304	0.031826641	0.028261907	0.028131761	0.023299025	0.023285212	0.021131449	0.021020175	0.019076093	0.019094360	0.015790420	0.015635274	0.013898521	0.013780669	0.012594990	0.012483623
t#bar{t} b fragmentation up,	0.080037504	0.080963956	0.102198619	0.102683233	0.099678755	0.100041050	0.090762241	0.090816917	0.083091768	0.083557988	0.075545073	0.075411238	0.067081238	0.066711483	0.059459792	0.060172662	0.051162858	0.051307395	0.046694174	0.045807753	0.041665318	0.041667203	0.035884246	0.035601408	0.032012654	0.031826641	0.028350432	0.028131761	0.023268583	0.023285212	0.021372595	0.021020175	0.019288657	0.019094360	0.015787053	0.015635274	0.013973665	0.013780669	0.012684775	0.012483623
t#bar{t} b fragmentation down,	0.081225307	0.080963956	0.102929068	0.102683233	0.099800412	0.100041050	0.091038730	0.090816917	0.083192157	0.083557988	0.075513582	0.075411238	0.066880279	0.066711483	0.059699930	0.060172662	0.051127154	0.051307395	0.045931369	0.045807753	0.041313440	0.041667203	0.035747918	0.035601408	0.031828906	0.031826641	0.028208563	0.028131761	0.023352424	0.023285212	0.021016893	0.021020175	0.018959819	0.019094360	0.015804482	0.015635274	0.013861239	0.013780669	0.012568328	0.012483623
t#bar{t} Peterson Frag,	0.080447810	0.080963956	0.102316467	0.102683233	0.099401920	0.100041050	0.090679641	0.090816917	0.083229185	0.083557988	0.075523433	0.075411238	0.067169462	0.066711483	0.059693506	0.060172662	0.051301434	0.051307395	0.046388961	0.045807753	0.041436576	0.041667203	0.035979472	0.035601408	0.031962174	0.031826641	0.028297624	0.028131761	0.023288849	0.023285212	0.021240398	0.021020175	0.019251468	0.019094360	0.015779090	0.015635274	0.013950245	0.013780669	0.012662284	0.012483623
t#bar{t} semilep BR up,	0.080818002	0.080963956	0.102728232	0.102683233	0.099774235	0.100041050	0.090941772	0.090816917	0.083152230	0.083557988	0.075452300	0.075411238	0.066967544	0.066711483	0.059670047	0.060172662	0.051139834	0.051307395	0.046154343	0.045807753	0.041469183	0.041667203	0.035784486	0.035601408	0.031888879	0.031826641	0.028259551	0.028131761	0.023297037	0.023285212	0.021136443	0.021020175	0.019079266	0.019094360	0.015794927	0.015635274	0.013898144	0.013780669	0.012593548	0.012483623
t#bar{t} semilep BR down,	0.080818033	0.080963956	0.102707300	0.102683233	0.099770491	0.100041050	0.090946668	0.090816917	0.083149689	0.083557988	0.075457113	0.075411238	0.066968594	0.066711483	0.059666667	0.060172662	0.051151454	0.051307395	0.046159622	0.045807753	0.041468166	0.041667203	0.035785473	0.035601408	0.031890967	0.031826641	0.028262052	0.028131761	0.023304573	0.023285212	0.021136164	0.021020175	0.019074345	0.019094360	0.015790435	0.015635274	0.013896386	0.013780669	0.012595808	0.012483623
t#bar{t} isr up,	0.079339178	0.080963956	0.102226719	0.102683233	0.097859349	0.100041050	0.091025838	0.090816917	0.083410916	0.083557988	0.074913846	0.075411238	0.067403390	0.066711483	0.059731169	0.060172662	0.051898451	0.051307395	0.046839571	0.045807753	0.041493113	0.041667203	0.035273691	0.035601408	0.032002538	0.031826641	0.028396838	0.028131761	0.023280817	0.023285212	0.021139755	0.021020175	0.019924390	0.019094360	0.016526556	0.015635274	0.014215288	0.013780669	0.013098587	0.012483623
t#bar{t} isr dn,	0.081862372	0.080963956	0.102085999	0.102683233	0.100281303	0.100041050	0.089165833	0.090816917	0.082937336	0.083557988	0.075345372	0.075411238	0.068819851	0.066711483	0.060652477	0.060172662	0.051340198	0.051307395	0.046455555	0.045807753	0.041678333	0.041667203	0.034830235	0.035601408	0.031536864	0.031826641	0.027963568	0.028131761	0.023326296	0.023285212	0.020049029	0.021020175	0.019469789	0.019094360	0.015291038	0.015635274	0.014255750	0.013780669	0.012652802	0.012483623
t#bar{t} fsr up,	0.063322448	0.080963956	0.086824336	0.102683233	0.090374999	0.100041050	0.087670864	0.090816917	0.082206868	0.083557988	0.075471773	0.075411238	0.069147271	0.066711483	0.062588540	0.060172662	0.056132680	0.051307395	0.050289716	0.045807753	0.046694394	0.041667203	0.038987522	0.035601408	0.036519552	0.031826641	0.031434583	0.028131761	0.026862219	0.023285212	0.024831767	0.021020175	0.022019107	0.019094360	0.017793586	0.015635274	0.016044707	0.013780669	0.014783068	0.012483623
t#bar{t} fsr dn,	0.095417147	0.080963956	0.114781461	0.102683233	0.106938340	0.100041050	0.092888602	0.090816917	0.082940738	0.083557988	0.070546394	0.075411238	0.065770023	0.066711483	0.057920827	0.060172662	0.047952692	0.051307395	0.043473204	0.045807753	0.038180628	0.041667203	0.032920548	0.035601408	0.030303068	0.031826641	0.025473377	0.028131761	0.020865364	0.023285212	0.019373655	0.021020175	0.017257216	0.019094360	0.013693974	0.015635274	0.012778274	0.013780669	0.010524466	0.012483623
t#bar{t} hdamp up,	0.079264258	0.080963956	0.102077053	0.102683233	0.097693034	0.100041050	0.090054404	0.090816917	0.084590222	0.083557988	0.075666902	0.075411238	0.067431257	0.066711483	0.060488009	0.060172662	0.050838806	0.051307395	0.046576330	0.045807753	0.042079430	0.041667203	0.035853401	0.035601408	0.032056393	0.031826641	0.027659143	0.028131761	0.022982281	0.023285212	0.021108211	0.021020175	0.019762792	0.019094360	0.016334648	0.015635274	0.014524945	0.013780669	0.012958482	0.012483623
t#bar{t} hdamp dn,	0.081196170	0.080963956	0.103692953	0.102683233	0.098962353	0.100041050	0.092011731	0.090816917	0.081885722	0.083557988	0.075518975	0.075411238	0.065935934	0.066711483	0.062125842	0.060172662	0.052272176	0.051307395	0.046774133	0.045807753	0.041239626	0.041667203	0.034639356	0.035601408	0.031085802	0.031826641	0.028080985	0.028131761	0.022860377	0.023285212	0.020819968	0.021020175	0.019237326	0.019094360	0.015330827	0.015635274	0.013656493	0.013780669	0.012673252	0.012483623
t#bar{t} UEup,	0.080398296	0.080963956	0.101947559	0.102683233	0.100596757	0.100041050	0.090963330	0.090816917	0.084014098	0.083557988	0.074751766	0.075411238	0.065318102	0.066711483	0.060715562	0.060172662	0.051628183	0.051307395	0.046100945	0.045807753	0.041767688	0.041667203	0.036082570	0.035601408	0.032021998	0.031826641	0.027698656	0.028131761	0.023183140	0.023285212	0.021470269	0.021020175	0.019372654	0.019094360	0.016378451	0.015635274	0.013527466	0.013780669	0.012062509	0.012483623
t#bar{t} UEdn,	0.079971815	0.080963956	0.103170152	0.102683233	0.100873188	0.100041050	0.091774807	0.090816917	0.083233864	0.083557988	0.077323857	0.075411238	0.066225972	0.066711483	0.060560868	0.060172662	0.050755180	0.051307395	0.044316616	0.045807753	0.041102363	0.041667203	0.035267611	0.035601408	0.032086074	0.031826641	0.027585517	0.028131761	0.022610565	0.023285212	0.021008275	0.021020175	0.019375568	0.019094360	0.016483561	0.015635274	0.013612331	0.013780669	0.012661817	0.012483623
t#bar{t} ERDon,	0.078167964	0.080963956	0.103082398	0.102683233	0.097991656	0.100041050	0.089003367	0.090816917	0.083791283	0.083557988	0.074884641	0.075411238	0.065985934	0.066711483	0.061330441	0.060172662	0.051445290	0.051307395	0.046188373	0.045807753	0.041629685	0.041667203	0.036751188	0.035601408	0.032625340	0.031826641	0.029026053	0.028131761	0.022959524	0.023285212	0.020997448	0.021020175	0.020197418	0.019094360	0.016341697	0.015635274	0.014474637	0.013780669	0.013125663	0.012483623
t#bar{t} QCDbased,	0.084446029	0.080963956	0.104031277	0.102683233	0.099501621	0.100041050	0.091308850	0.090816917	0.082112321	0.083557988	0.074041981	0.075411238	0.066874884	0.066711483	0.059338450	0.060172662	0.052374671	0.051307395	0.045008648	0.045807753	0.040231020	0.041667203	0.034872940	0.035601408	0.031763641	0.031826641	0.028432047	0.028131761	0.023121583	0.023285212	0.020713822	0.021020175	0.020018203	0.019094360	0.015546956	0.015635274	0.013427500	0.013780669	0.012833555	0.012483623
t#bar{t} gluon move,	0.080604530	0.080963956	0.104421697	0.102683233	0.099040686	0.100041050	0.091023181	0.090816917	0.083014750	0.083557988	0.075033602	0.075411238	0.065549388	0.066711483	0.060613535	0.060172662	0.051499712	0.051307395	0.045607437	0.045807753	0.041787788	0.041667203	0.036566844	0.035601408	0.032114934	0.031826641	0.027552779	0.028131761	0.022946739	0.023285212	0.020688893	0.021020175	0.019843560	0.019094360	0.015933724	0.015635274	0.013639739	0.013780669	0.012516481	0.012483623
