t#bar{t},	0.057862651	0.059731443	0.105348873	0.108390924	0.120095607	0.118041674	0.121698128	0.121959271	0.113338031	0.113450886	0.101710278	0.101807024	0.085418215	0.083403622	0.070700217	0.070350928	0.056837647	0.055416394	0.045432880	0.045170053	0.034644834	0.034788870	0.026078043	0.025462226	0.019226866	0.019878964	0.014186866	0.015157151	0.009697488	0.009655776	0.006592394	0.007265739	0.004758644	0.004509211	0.003146402	0.002646561	0.001939607	0.001744022	0.001286330	0.001169260
t#bar{t} jec_CorrelationGroupMPFInSitu up,	0.059446185	0.059731443	0.107300117	0.108390924	0.118550076	0.118041674	0.123500559	0.121959271	0.113590276	0.113450886	0.101810361	0.101807024	0.083055082	0.083403622	0.069844074	0.070350928	0.055255245	0.055416394	0.045337835	0.045170053	0.034182040	0.034788870	0.025726237	0.025462226	0.019338107	0.019878964	0.015551980	0.015157151	0.009914222	0.009655776	0.007557220	0.007265739	0.004502884	0.004509211	0.002726197	0.002646561	0.001544984	0.001744022	0.001266320	0.001169260
t#bar{t} jec_RelativeFSR up,	0.059456693	0.059731443	0.108859642	0.108390924	0.119649585	0.118041674	0.123982281	0.121959271	0.112019152	0.113450886	0.101311951	0.101807024	0.082403430	0.083403622	0.069649309	0.070350928	0.055586919	0.055416394	0.045474173	0.045170053	0.034648902	0.034788870	0.024969987	0.025462226	0.020184565	0.019878964	0.014515474	0.015157151	0.009680715	0.009655776	0.007644774	0.007265739	0.004377632	0.004509211	0.002571397	0.002646561	0.001728318	0.001744022	0.001285102	0.001169260
t#bar{t} jec_CorrelationGroupUncorrelated up,	0.059730592	0.059731443	0.109226716	0.108390924	0.119186414	0.118041674	0.121564753	0.121959271	0.113120172	0.113450886	0.100639353	0.101807024	0.082852932	0.083403622	0.070359816	0.070350928	0.056546795	0.055416394	0.044775436	0.045170053	0.035117724	0.034788870	0.025437486	0.025462226	0.019106822	0.019878964	0.015150895	0.015157151	0.010125969	0.009655776	0.007185643	0.007265739	0.004396638	0.004509211	0.002691883	0.002646561	0.001685612	0.001744022	0.001098350	0.001169260
t#bar{t} jec_FlavorPureGluon up,	0.060055004	0.059731443	0.108572737	0.108390924	0.119016000	0.118041674	0.122464731	0.121959271	0.112446304	0.113450886	0.102011088	0.101807024	0.082363692	0.083403622	0.069338849	0.070350928	0.055679789	0.055416394	0.045058687	0.045170053	0.035030337	0.034788870	0.025759867	0.025462226	0.020031783	0.019878964	0.015150948	0.015157151	0.009676118	0.009655776	0.007246698	0.007265739	0.004450226	0.004509211	0.002595309	0.002646561	0.001789642	0.001744022	0.001262190	0.001169260
t#bar{t} jec_FlavorPureQuark up,	0.059427109	0.059731443	0.108551581	0.108390924	0.118794631	0.118041674	0.123188592	0.121959271	0.112695039	0.113450886	0.102005307	0.101807024	0.082295367	0.083403622	0.070912219	0.070350928	0.055614209	0.055416394	0.044636673	0.045170053	0.034215001	0.034788870	0.024924008	0.025462226	0.019832558	0.019878964	0.015349052	0.015157151	0.010215009	0.009655776	0.007346488	0.007265739	0.004579579	0.004509211	0.002781603	0.002646561	0.001597308	0.001744022	0.001038668	0.001169260
t#bar{t} jec_FlavorPureCharm up,	0.060671775	0.059731443	0.108678852	0.108390924	0.119372583	0.118041674	0.121550954	0.121959271	0.112632980	0.113450886	0.101126264	0.101807024	0.083893564	0.083403622	0.070955487	0.070350928	0.055889371	0.055416394	0.044293284	0.045170053	0.034074899	0.034788870	0.025321485	0.025462226	0.019631449	0.019878964	0.015020050	0.015157151	0.010041260	0.009655776	0.007073865	0.007265739	0.004338192	0.004509211	0.002639362	0.002646561	0.001610088	0.001744022	0.001184235	0.001169260
t#bar{t} jec_FlavorPureBottom up,	0.060534149	0.059731443	0.108906731	0.108390924	0.118974552	0.118041674	0.123391985	0.121959271	0.112927200	0.113450886	0.101805884	0.101807024	0.083269830	0.083403622	0.070207381	0.070350928	0.054529801	0.055416394	0.044632203	0.045170053	0.034489231	0.034788870	0.025592296	0.025462226	0.019488912	0.019878964	0.014644210	0.015157151	0.009795365	0.009655776	0.007127860	0.007265739	0.004276486	0.004509211	0.002564873	0.002646561	0.001683752	0.001744022	0.001157299	0.001169260
t#bar{t} jer up,	0.059092758	0.059731443	0.107678964	0.108390924	0.118696284	0.118041674	0.123132146	0.121959271	0.114150461	0.113450886	0.101193334	0.101807024	0.082649589	0.083403622	0.070085246	0.070350928	0.055572609	0.055416394	0.044416746	0.045170053	0.034854519	0.034788870	0.025380146	0.025462226	0.020388324	0.019878964	0.014896707	0.015157151	0.010342201	0.009655776	0.007680570	0.007265739	0.004353087	0.004509211	0.002599762	0.002646561	0.001618546	0.001744022	0.001217999	0.001169260
t#bar{t} btag_heavy up,	0.060031130	0.059731443	0.109960603	0.108390924	0.118124122	0.118041674	0.122848626	0.121959271	0.111728722	0.113450886	0.101210312	0.101807024	0.083127457	0.083403622	0.070487106	0.070350928	0.055471665	0.055416394	0.044250307	0.045170053	0.034801007	0.034788870	0.025183645	0.025462226	0.020273250	0.019878964	0.014889165	0.015157151	0.010149568	0.009655776	0.007337868	0.007265739	0.004551498	0.004509211	0.002772089	0.002646561	0.001600202	0.001744022	0.001201660	0.001169260
t#bar{t} btag_light up,	0.059220411	0.059731443	0.109136981	0.108390924	0.118570544	0.118041674	0.122938135	0.121959271	0.112618437	0.113450886	0.102408629	0.101807024	0.083330410	0.083403622	0.070116548	0.070350928	0.055054528	0.055416394	0.044652911	0.045170053	0.035096987	0.034788870	0.025719798	0.025462226	0.019615054	0.019878964	0.014848097	0.015157151	0.009685958	0.009655776	0.007326273	0.007265739	0.004454205	0.004509211	0.002466637	0.002646561	0.001652087	0.001744022	0.001087369	0.001169260
t#bar{t} csv_heavy up,	0.059995383	0.059731443	0.107607517	0.108390924	0.119475094	0.118041674	0.122432912	0.121959271	0.113901542	0.113450886	0.101327042	0.101807024	0.083036011	0.083403622	0.071684674	0.070350928	0.054887736	0.055416394	0.044805878	0.045170053	0.034692291	0.034788870	0.025816602	0.025462226	0.019002032	0.019878964	0.014693899	0.015157151	0.009400879	0.009655776	0.007255074	0.007265739	0.004345800	0.004509211	0.002759868	0.002646561	0.001757503	0.001744022	0.001122263	0.001169260
t#bar{t} csv_light up,	0.060089782	0.059731443	0.108440559	0.108390924	0.119318961	0.118041674	0.122981043	0.121959271	0.111573711	0.113450886	0.100807452	0.101807024	0.082532325	0.083403622	0.070583529	0.070350928	0.056604827	0.055416394	0.044914760	0.045170053	0.034187611	0.034788870	0.025757851	0.025462226	0.019779620	0.019878964	0.015213024	0.015157151	0.009912927	0.009655776	0.007291362	0.007265739	0.004524074	0.004509211	0.002603723	0.002646561	0.001690358	0.001744022	0.001192501	0.001169260
t#bar{t} tracking up,	0.060048073	0.059731443	0.108723563	0.108390924	0.118054188	0.118041674	0.123362834	0.121959271	0.112984995	0.113450886	0.101730610	0.101807024	0.083682475	0.083403622	0.070202743	0.070350928	0.055071535	0.055416394	0.044339907	0.045170053	0.034444763	0.034788870	0.024926945	0.025462226	0.019476907	0.019878964	0.015532221	0.015157151	0.010077370	0.009655776	0.007238721	0.007265739	0.004260077	0.004509211	0.002837895	0.002646561	0.001653738	0.001744022	0.001350441	0.001169260
t#bar{t} jec_CorrelationGroupMPFInSitu down,	0.060161345	0.059731443	0.108122177	0.108390924	0.119400514	0.118041674	0.122230142	0.121959271	0.113756537	0.113450886	0.101851820	0.101807024	0.082182653	0.083403622	0.070690593	0.070350928	0.055679926	0.055416394	0.044378334	0.045170053	0.034676887	0.034788870	0.025355380	0.025462226	0.019976315	0.019878964	0.014666395	0.015157151	0.009596465	0.009655776	0.007384938	0.007265739	0.004473117	0.004509211	0.002724698	0.002646561	0.001590888	0.001744022	0.001100876	0.001169260
t#bar{t} jec_RelativeFSR down,	0.060711981	0.059731443	0.106905300	0.108390924	0.118555834	0.118041674	0.123473273	0.121959271	0.112722290	0.113450886	0.102091450	0.101807024	0.083537718	0.083403622	0.070266727	0.070350928	0.055863951	0.055416394	0.044930982	0.045170053	0.033928392	0.034788870	0.025366475	0.025462226	0.019590625	0.019878964	0.014805888	0.015157151	0.009871708	0.009655776	0.007382420	0.007265739	0.004411236	0.004509211	0.002703044	0.002646561	0.001610291	0.001744022	0.001270415	0.001169260
t#bar{t} jec_CorrelationGroupUncorrelated down,	0.059505552	0.059731443	0.108663513	0.108390924	0.120251054	0.118041674	0.123702491	0.121959271	0.112511498	0.113450886	0.101993805	0.101807024	0.083797033	0.083403622	0.068903505	0.070350928	0.056158660	0.055416394	0.043774071	0.045170053	0.034332520	0.034788870	0.025094354	0.025462226	0.019389411	0.019878964	0.015013303	0.015157151	0.009819523	0.009655776	0.007236173	0.007265739	0.004334988	0.004509211	0.002558558	0.002646561	0.001782288	0.001744022	0.001177698	0.001169260
t#bar{t} jec_FlavorPureGluon down,	0.059324770	0.059731443	0.108792822	0.108390924	0.119546993	0.118041674	0.122312598	0.121959271	0.111911257	0.113450886	0.102193525	0.101807024	0.082354677	0.083403622	0.069077320	0.070350928	0.056598546	0.055416394	0.044923711	0.045170053	0.035178606	0.034788870	0.025966345	0.025462226	0.019909484	0.019878964	0.014988935	0.015157151	0.009401799	0.009655776	0.007679678	0.007265739	0.004411446	0.004509211	0.002662891	0.002646561	0.001550864	0.001744022	0.001213733	0.001169260
t#bar{t} jec_FlavorPureQuark down,	0.059535139	0.059731443	0.109528209	0.108390924	0.118646053	0.118041674	0.122818420	0.121959271	0.111720261	0.113450886	0.102304747	0.101807024	0.082624510	0.083403622	0.069726179	0.070350928	0.055635974	0.055416394	0.045294569	0.045170053	0.034617772	0.034788870	0.025594358	0.025462226	0.019819181	0.019878964	0.015068794	0.015157151	0.009792440	0.009655776	0.007230422	0.007265739	0.004406769	0.004509211	0.002751620	0.002646561	0.001691048	0.001744022	0.001193536	0.001169260
t#bar{t} jec_FlavorPureCharm down,	0.059359195	0.059731443	0.108471614	0.108390924	0.119681125	0.118041674	0.122347926	0.121959271	0.112814800	0.113450886	0.102422171	0.101807024	0.082899371	0.083403622	0.070171594	0.070350928	0.055713510	0.055416394	0.044333989	0.045170053	0.034615838	0.034788870	0.025195821	0.025462226	0.020123876	0.019878964	0.015255187	0.015157151	0.009741154	0.009655776	0.006968289	0.007265739	0.004464682	0.004509211	0.002562289	0.002646561	0.001621578	0.001744022	0.001235991	0.001169260
t#bar{t} jec_FlavorPureBottom down,	0.060436871	0.059731443	0.109309857	0.108390924	0.117994705	0.118041674	0.122384487	0.121959271	0.112168040	0.113450886	0.101353550	0.101807024	0.082860282	0.083403622	0.070511862	0.070350928	0.056102347	0.055416394	0.044682745	0.045170053	0.034884403	0.034788870	0.025131313	0.025462226	0.020082681	0.019878964	0.014773462	0.015157151	0.010054629	0.009655776	0.007426897	0.007265739	0.004228134	0.004509211	0.002760130	0.002646561	0.001673825	0.001744022	0.001179780	0.001169260
t#bar{t} jer down,	0.061030436	0.059731443	0.108472235	0.108390924	0.117743340	0.118041674	0.123044469	0.121959271	0.112779379	0.113450886	0.101758241	0.101807024	0.083864017	0.083403622	0.069564899	0.070350928	0.055322024	0.055416394	0.044511025	0.045170053	0.034636168	0.034788870	0.025572633	0.025462226	0.019932890	0.019878964	0.015029838	0.015157151	0.009776335	0.009655776	0.007135622	0.007265739	0.004301522	0.004509211	0.002684788	0.002646561	0.001681347	0.001744022	0.001158794	0.001169260
t#bar{t} btag_heavy down,	0.059842523	0.059731443	0.108463794	0.108390924	0.118105569	0.118041674	0.122586835	0.121959271	0.112484298	0.113450886	0.102475545	0.101807024	0.084011785	0.083403622	0.069751517	0.070350928	0.055782705	0.055416394	0.045316490	0.045170053	0.034297803	0.034788870	0.025335001	0.025462226	0.019291807	0.019878964	0.014887507	0.015157151	0.009887261	0.009655776	0.007431844	0.007265739	0.004433780	0.004509211	0.002765927	0.002646561	0.001749331	0.001744022	0.001098678	0.001169260
t#bar{t} btag_light down,	0.059270831	0.059731443	0.108692039	0.108390924	0.119248805	0.118041674	0.123877233	0.121959271	0.113082507	0.113450886	0.100960253	0.101807024	0.083246746	0.083403622	0.070357856	0.070350928	0.055568398	0.055416394	0.044949463	0.045170053	0.034550338	0.034788870	0.025081035	0.025462226	0.019467609	0.019878964	0.014789909	0.015157151	0.009916471	0.009655776	0.007087306	0.007265739	0.004474583	0.004509211	0.002570326	0.002646561	0.001630385	0.001744022	0.001177907	0.001169260
t#bar{t} csv_heavy down,	0.059993578	0.059731443	0.108583347	0.108390924	0.119883130	0.118041674	0.123439517	0.121959271	0.110738933	0.113450886	0.101946962	0.101807024	0.082756051	0.083403622	0.070586865	0.070350928	0.055445499	0.055416394	0.044792794	0.045170053	0.034555337	0.034788870	0.025882676	0.025462226	0.019503451	0.019878964	0.014784779	0.015157151	0.010217327	0.009655776	0.007042354	0.007265739	0.004398666	0.004509211	0.002795458	0.002646561	0.001548181	0.001744022	0.001105094	0.001169260
t#bar{t} csv_light down,	0.059847688	0.059731443	0.108951303	0.108390924	0.117549387	0.118041674	0.122774006	0.121959271	0.113429851	0.113450886	0.101597907	0.101807024	0.083020308	0.083403622	0.069409084	0.070350928	0.055364824	0.055416394	0.044557423	0.045170053	0.034727980	0.034788870	0.025825932	0.025462226	0.019774503	0.019878964	0.015873886	0.015157151	0.009877731	0.009655776	0.007518294	0.007265739	0.004459043	0.004509211	0.002608419	0.002646561	0.001685999	0.001744022	0.001146428	0.001169260
t#bar{t} tracking down,	0.059715886	0.059731443	0.108773990	0.108390924	0.118822143	0.118041674	0.124160167	0.121959271	0.113054992	0.113450886	0.101214044	0.101807024	0.083301179	0.083403622	0.069789623	0.070350928	0.054958619	0.055416394	0.045342187	0.045170053	0.034504133	0.034788870	0.025145467	0.025462226	0.019494214	0.019878964	0.015054040	0.015157151	0.009901613	0.009655776	0.007177376	0.007265739	0.004286040	0.004509211	0.002776470	0.002646561	0.001508386	0.001744022	0.001019430	0.001169260
t#bar{t} evtgen,	0.061560179	0.059731443	0.104842329	0.108390924	0.114985270	0.118041674	0.124549769	0.121959271	0.111317791	0.113450886	0.104285408	0.101807024	0.084984935	0.083403622	0.072785611	0.070350928	0.054790435	0.055416394	0.043919207	0.045170053	0.034571261	0.034788870	0.025600506	0.025462226	0.019983040	0.019878964	0.015895687	0.015157151	0.009195793	0.009655776	0.006743647	0.007265739	0.004149958	0.004509211	0.003012540	0.002646561	0.001833283	0.001744022	0.000993350	0.001169260
t#bar{t} m=171.5,	0.061314052	0.059731443	0.106935473	0.108390924	0.119318612	0.118041674	0.121035219	0.121959271	0.113336351	0.113450886	0.098647025	0.101807024	0.084941249	0.083403622	0.070586174	0.070350928	0.056497272	0.055416394	0.044176437	0.045170053	0.034092493	0.034788870	0.025947353	0.025462226	0.019605309	0.019878964	0.015437681	0.015157151	0.010489345	0.009655776	0.007437928	0.007265739	0.004429148	0.004509211	0.002738812	0.002646561	0.002063625	0.001744022	0.000970441	0.001169260
t#bar{t} m=173.5,	0.059396697	0.059731443	0.107656765	0.108390924	0.119539735	0.118041674	0.122087892	0.121959271	0.114427436	0.113450886	0.100026083	0.101807024	0.082181559	0.083403622	0.070227286	0.070350928	0.056378474	0.055416394	0.045821604	0.045170053	0.035251566	0.034788870	0.025867508	0.025462226	0.019589617	0.019878964	0.014866126	0.015157151	0.009094932	0.009655776	0.007916388	0.007265739	0.004438042	0.004509211	0.002468954	0.002646561	0.001707494	0.001744022	0.001055841	0.001169260
t#bar{t} Herwig++,	0.070742439	0.059731443	0.114008666	0.108390924	0.119468329	0.118041674	0.118500226	0.121959271	0.110944117	0.113450886	0.096518333	0.101807024	0.080249064	0.083403622	0.067260835	0.070350928	0.053546391	0.055416394	0.044238072	0.045170053	0.034869793	0.034788870	0.024888352	0.025462226	0.020041654	0.019878964	0.015658229	0.015157151	0.010305756	0.009655776	0.007808630	0.007265739	0.005072051	0.004509211	0.002558291	0.002646561	0.002091643	0.001744022	0.001229128	0.001169260
t#bar{t} isr up,	0.058467994	0.059731443	0.107372056	0.108390924	0.117849102	0.118041674	0.121498080	0.121959271	0.114126184	0.113450886	0.101555998	0.101807024	0.083226868	0.083403622	0.070881825	0.070350928	0.056372911	0.055416394	0.044547005	0.045170053	0.034842866	0.034788870	0.025184400	0.025462226	0.020308628	0.019878964	0.015899562	0.015157151	0.010241450	0.009655776	0.007861159	0.007265739	0.004297528	0.004509211	0.002656642	0.002646561	0.001846841	0.001744022	0.000962902	0.001169260
t#bar{t} isr dn,	0.058918018	0.059731443	0.108445043	0.108390924	0.118552930	0.118041674	0.122428635	0.121959271	0.114040455	0.113450886	0.100856795	0.101807024	0.083967191	0.083403622	0.070501874	0.070350928	0.055247488	0.055416394	0.043636409	0.045170053	0.034961284	0.034788870	0.025817115	0.025462226	0.020387503	0.019878964	0.014671851	0.015157151	0.009842734	0.009655776	0.007780493	0.007265739	0.004493360	0.004509211	0.002760532	0.002646561	0.001615907	0.001744022	0.001074383	0.001169260
t#bar{t} fsr up,	0.049838782	0.059731443	0.098261497	0.108390924	0.113095950	0.118041674	0.120466949	0.121959271	0.115405689	0.113450886	0.102731015	0.101807024	0.085997251	0.083403622	0.074502937	0.070350928	0.059434391	0.055416394	0.048371661	0.045170053	0.037199060	0.034788870	0.027117439	0.025462226	0.022375704	0.019878964	0.015736583	0.015157151	0.010633255	0.009655776	0.007911403	0.007265739	0.004635457	0.004509211	0.003314613	0.002646561	0.001894119	0.001744022	0.001076247	0.001169260
t#bar{t} fsr dn,	0.069585894	0.059731443	0.117255203	0.108390924	0.124029132	0.118041674	0.118860124	0.121959271	0.113795826	0.113450886	0.099406797	0.101807024	0.082084884	0.083403622	0.066361422	0.070350928	0.052769987	0.055416394	0.041594536	0.045170053	0.031923705	0.034788870	0.024166742	0.025462226	0.018795254	0.019878964	0.014032532	0.015157151	0.008932065	0.009655776	0.007136380	0.007265739	0.004348535	0.004509211	0.002181315	0.002646561	0.001640782	0.001744022	0.001098886	0.001169260
t#bar{t} hdamp up,	0.059291375	0.059731443	0.109433971	0.108390924	0.117421932	0.118041674	0.121016336	0.121959271	0.114104394	0.113450886	0.100834797	0.101807024	0.084294933	0.083403622	0.070136258	0.070350928	0.055342444	0.055416394	0.044995578	0.045170053	0.035363108	0.034788870	0.025845403	0.025462226	0.020345635	0.019878964	0.014350121	0.015157151	0.009932683	0.009655776	0.007077782	0.007265739	0.004576436	0.004509211	0.002968236	0.002646561	0.001611085	0.001744022	0.001057493	0.001169260
t#bar{t} hdamp dn,	0.060333884	0.059731443	0.108800338	0.108390924	0.118206500	0.118041674	0.120372447	0.121959271	0.114954712	0.113450886	0.099875209	0.101807024	0.084855106	0.083403622	0.069463568	0.070350928	0.056105103	0.055416394	0.044860655	0.045170053	0.034509006	0.034788870	0.025527261	0.025462226	0.019269826	0.019878964	0.015584682	0.015157151	0.009421766	0.009655776	0.007949347	0.007265739	0.004335136	0.004509211	0.002680389	0.002646561	0.001901718	0.001744022	0.000993348	0.001169260
t#bar{t} UEup,	0.059271182	0.059731443	0.109142070	0.108390924	0.117505632	0.118041674	0.121647452	0.121959271	0.112831505	0.113450886	0.101979383	0.101807024	0.085787257	0.083403622	0.069651591	0.070350928	0.054126734	0.055416394	0.045343753	0.045170053	0.034927473	0.034788870	0.024972631	0.025462226	0.020579546	0.019878964	0.015432424	0.015157151	0.009795794	0.009655776	0.007353714	0.007265739	0.004500877	0.004509211	0.002373193	0.002646561	0.001821557	0.001744022	0.000956230	0.001169260
t#bar{t} UEdn,	0.061380778	0.059731443	0.108222775	0.108390924	0.118791702	0.118041674	0.123177153	0.121959271	0.112444040	0.113450886	0.100529982	0.101807024	0.083833104	0.083403622	0.069709658	0.070350928	0.056690657	0.055416394	0.043868644	0.045170053	0.034214695	0.034788870	0.025643940	0.025462226	0.019564218	0.019878964	0.015183583	0.015157151	0.008838915	0.009655776	0.007436068	0.007265739	0.004860655	0.004509211	0.002581870	0.002646561	0.001812998	0.001744022	0.001214565	0.001169260
t#bar{t} ERDon,	0.059600169	0.059731443	0.107292587	0.108390924	0.118528894	0.118041674	0.119981415	0.121959271	0.114664078	0.113450886	0.099272318	0.101807024	0.083818631	0.083403622	0.071237500	0.070350928	0.056662144	0.055416394	0.045481128	0.045170053	0.035117148	0.034788870	0.025231865	0.025462226	0.019749053	0.019878964	0.015349244	0.015157151	0.010016136	0.009655776	0.007878526	0.007265739	0.004377269	0.004509211	0.002714846	0.002646561	0.001997222	0.001744022	0.001029828	0.001169260
t#bar{t} QCDbased,	0.060978633	0.059731443	0.108832703	0.108390924	0.116748718	0.118041674	0.120340154	0.121959271	0.115238285	0.113450886	0.101314245	0.101807024	0.083599785	0.083403622	0.070472785	0.070350928	0.056426650	0.055416394	0.044553999	0.045170053	0.033840238	0.034788870	0.025413587	0.025462226	0.019746236	0.019878964	0.014624636	0.015157151	0.010432774	0.009655776	0.007540043	0.007265739	0.004634527	0.004509211	0.002385637	0.002646561	0.001744100	0.001744022	0.001132266	0.001169260
t#bar{t} gluon move,	0.059980446	0.059731443	0.108496030	0.108390924	0.118069866	0.118041674	0.123534206	0.121959271	0.112319927	0.113450886	0.100485445	0.101807024	0.084275548	0.083403622	0.070211345	0.070350928	0.056519210	0.055416394	0.044358590	0.045170053	0.034239500	0.034788870	0.025928115	0.025462226	0.019555438	0.019878964	0.014331125	0.015157151	0.010290298	0.009655776	0.007502204	0.007265739	0.004388730	0.004509211	0.002669948	0.002646561	0.001947910	0.001744022	0.000896119	0.001169260
