t#bar{t},	0.299602964	0.302934079	0.291557859	0.291997145	0.186420976	0.185509609	0.113141063	0.112380515	0.068373464	0.065133982	0.040903674	0.042044669
t#bar{t} jec_CorrelationGroupMPFInSitu up,	0.301523480	0.302934079	0.294472932	0.291997145	0.186379815	0.185509609	0.111870937	0.112380515	0.065193355	0.065133982	0.040559480	0.042044669
t#bar{t} jec_RelativeFSR up,	0.303549153	0.302934079	0.294141120	0.291997145	0.184109715	0.185509609	0.111439825	0.112380515	0.065585647	0.065133982	0.041174539	0.042044669
t#bar{t} jec_CorrelationGroupUncorrelated up,	0.304032883	0.302934079	0.291076858	0.291997145	0.185075617	0.185509609	0.112166361	0.112380515	0.065524072	0.065133982	0.042124209	0.042044669
t#bar{t} jec_FlavorPureGluon up,	0.302357800	0.302934079	0.293487424	0.291997145	0.184355029	0.185509609	0.112113872	0.112380515	0.065653081	0.065133982	0.042032794	0.042044669
t#bar{t} jec_FlavorPureQuark up,	0.303406196	0.302934079	0.294572301	0.291997145	0.183490525	0.185509609	0.111793035	0.112380515	0.065032332	0.065133982	0.041705611	0.042044669
t#bar{t} jec_FlavorPureCharm up,	0.303691001	0.302934079	0.295221492	0.291997145	0.184064806	0.185509609	0.111320431	0.112380515	0.064749120	0.065133982	0.040953151	0.042044669
t#bar{t} jec_FlavorPureBottom up,	0.304213329	0.302934079	0.292359093	0.291997145	0.185500856	0.185509609	0.111685051	0.112380515	0.065035409	0.065133982	0.041206261	0.042044669
t#bar{t} jer up,	0.301906105	0.302934079	0.292851385	0.291997145	0.186503070	0.185509609	0.112039889	0.112380515	0.065235841	0.065133982	0.041463710	0.042044669
t#bar{t} btag_heavy up,	0.303972167	0.302934079	0.293212958	0.291997145	0.184866262	0.185509609	0.111007034	0.112380515	0.065081555	0.065133982	0.041860023	0.042044669
t#bar{t} btag_light up,	0.302432807	0.302934079	0.294101572	0.291997145	0.185428186	0.185509609	0.111883216	0.112380515	0.065046924	0.065133982	0.041107294	0.042044669
t#bar{t} csv_heavy up,	0.303186633	0.302934079	0.294513963	0.291997145	0.184983166	0.185509609	0.111441837	0.112380515	0.065194735	0.065133982	0.040679667	0.042044669
t#bar{t} csv_light up,	0.304395139	0.302934079	0.291587410	0.291997145	0.185096928	0.185509609	0.112215539	0.112380515	0.065789607	0.065133982	0.040915375	0.042044669
t#bar{t} tracking up,	0.303916584	0.302934079	0.292127269	0.291997145	0.184435761	0.185509609	0.112346212	0.112380515	0.066000266	0.065133982	0.041173907	0.042044669
t#bar{t} jec_CorrelationGroupMPFInSitu down,	0.301849668	0.302934079	0.293626162	0.291997145	0.184176075	0.185509609	0.113809762	0.112380515	0.065473429	0.065133982	0.041064905	0.042044669
t#bar{t} jec_RelativeFSR down,	0.302286804	0.302934079	0.293328920	0.291997145	0.184708829	0.185509609	0.112036979	0.112380515	0.066059384	0.065133982	0.041579083	0.042044669
t#bar{t} jec_CorrelationGroupUncorrelated down,	0.303646087	0.302934079	0.294841023	0.291997145	0.184200553	0.185509609	0.111983022	0.112380515	0.064262304	0.065133982	0.041067011	0.042044669
t#bar{t} jec_FlavorPureGluon down,	0.302839229	0.302934079	0.293882397	0.291997145	0.184525525	0.185509609	0.112210251	0.112380515	0.065205433	0.065133982	0.041337164	0.042044669
t#bar{t} jec_FlavorPureQuark down,	0.304427186	0.302934079	0.292994893	0.291997145	0.183921552	0.185509609	0.112417846	0.112380515	0.064612361	0.065133982	0.041626163	0.042044669
t#bar{t} jec_FlavorPureCharm down,	0.304509029	0.302934079	0.292623247	0.291997145	0.185452758	0.185509609	0.111557728	0.112380515	0.064826686	0.065133982	0.041030552	0.042044669
t#bar{t} jec_FlavorPureBottom down,	0.302242433	0.302934079	0.293396619	0.291997145	0.184624723	0.185509609	0.113140879	0.112380515	0.065534578	0.065133982	0.041060768	0.042044669
t#bar{t} jer down,	0.304002470	0.302934079	0.293274225	0.291997145	0.184640496	0.185509609	0.111802014	0.112380515	0.064791683	0.065133982	0.041489112	0.042044669
t#bar{t} btag_heavy down,	0.304023248	0.302934079	0.293363975	0.291997145	0.185235465	0.185509609	0.110435108	0.112380515	0.065254280	0.065133982	0.041687924	0.042044669
t#bar{t} btag_light down,	0.304535966	0.302934079	0.293430258	0.291997145	0.184448920	0.185509609	0.111539998	0.112380515	0.064763703	0.065133982	0.041281156	0.042044669
t#bar{t} csv_heavy down,	0.303228910	0.302934079	0.292948714	0.291997145	0.185374687	0.185509609	0.112105061	0.112380515	0.065395955	0.065133982	0.040946672	0.042044669
t#bar{t} csv_light down,	0.303127635	0.302934079	0.291781356	0.291997145	0.186317615	0.185509609	0.112667014	0.112380515	0.065071229	0.065133982	0.041035150	0.042044669
t#bar{t} tracking down,	0.303180398	0.302934079	0.292079659	0.291997145	0.185766710	0.185509609	0.111856858	0.112380515	0.065262338	0.065133982	0.041854037	0.042044669
t#bar{t} evtgen,	0.301462954	0.302934079	0.292600297	0.291997145	0.186776293	0.185509609	0.111713330	0.112380515	0.064045891	0.065133982	0.043401235	0.042044669
t#bar{t} m=171.5,	0.303786599	0.302934079	0.291685347	0.291997145	0.185615768	0.185509609	0.112731757	0.112380515	0.063506591	0.065133982	0.042673938	0.042044669
t#bar{t} m=173.5,	0.305135115	0.302934079	0.292201001	0.291997145	0.184347679	0.185509609	0.111481281	0.112380515	0.065001889	0.065133982	0.041833035	0.042044669
t#bar{t} Herwig++,	0.308243965	0.302934079	0.289039177	0.291997145	0.182077622	0.185509609	0.112804223	0.112380515	0.064670855	0.065133982	0.043164158	0.042044669
t#bar{t} isr up,	0.298574910	0.302934079	0.293655700	0.291997145	0.187039506	0.185509609	0.112596979	0.112380515	0.065949770	0.065133982	0.042183135	0.042044669
t#bar{t} isr dn,	0.301518225	0.302934079	0.292771064	0.291997145	0.186459022	0.185509609	0.111631792	0.112380515	0.064735809	0.065133982	0.042884089	0.042044669
t#bar{t} fsr up,	0.267611688	0.302934079	0.291841866	0.291997145	0.197133562	0.185509609	0.123091089	0.112380515	0.072382872	0.065133982	0.047938923	0.042044669
t#bar{t} fsr dn,	0.326239257	0.302934079	0.292388916	0.291997145	0.177486175	0.185509609	0.105065255	0.112380515	0.060097109	0.065133982	0.038723289	0.042044669
t#bar{t} hdamp up,	0.303531247	0.302934079	0.290952890	0.291997145	0.186300272	0.185509609	0.110627970	0.112380515	0.065890248	0.065133982	0.042697373	0.042044669
t#bar{t} hdamp dn,	0.304534981	0.302934079	0.292291738	0.291997145	0.184144100	0.185509609	0.113352108	0.112380515	0.063971324	0.065133982	0.041705749	0.042044669
t#bar{t} UEup,	0.300885287	0.302934079	0.290753499	0.291997145	0.187859041	0.185509609	0.112811263	0.112380515	0.065785858	0.065133982	0.041905053	0.042044669
t#bar{t} UEdn,	0.301850875	0.302934079	0.292499317	0.291997145	0.188567733	0.185509609	0.112190900	0.112380515	0.063673780	0.065133982	0.041217395	0.042044669
t#bar{t} pileup up,	0.303661803	0.302934079	0.292433468	0.291997145	0.185611748	0.185509609	0.112311134	0.112380515	0.064352345	0.065133982	0.041629502	0.042044669
t#bar{t} pileup down,	0.302171077	0.302934079	0.291588422	0.291997145	0.185433709	0.185509609	0.112441314	0.112380515	0.065883525	0.065133982	0.042481953	0.042044669
t#bar{t} trig efficiency correction up,	0.302670614	0.302934079	0.291775478	0.291997145	0.185215090	0.185509609	0.112459058	0.112380515	0.065818404	0.065133982	0.042061356	0.042044669
t#bar{t} trig efficiency correction down,	0.302556925	0.302934079	0.291840778	0.291997145	0.185227163	0.185509609	0.112468901	0.112380515	0.065835495	0.065133982	0.042070737	0.042044669
t#bar{t} sel efficiency correction up,	0.302618452	0.302934079	0.291792891	0.291997145	0.185228379	0.185509609	0.112461866	0.112380515	0.065828781	0.065133982	0.042069631	0.042044669
t#bar{t} sel efficiency correction down,	0.302609797	0.302934079	0.291823251	0.291997145	0.185213666	0.185509609	0.112465992	0.112380515	0.065824952	0.065133982	0.042062342	0.042044669
t#bar{t} b fragmentation up,	0.292518126	0.302934079	0.290531481	0.291997145	0.188758271	0.185509609	0.116478529	0.112380515	0.068079751	0.065133982	0.043633842	0.042044669
t#bar{t} b fragmentation down,	0.307667815	0.302934079	0.292273185	0.291997145	0.183461055	0.185509609	0.110473960	0.112380515	0.064763965	0.065133982	0.041360021	0.042044669
t#bar{t} Peterson Frag,	0.298908999	0.302934079	0.290632420	0.291997145	0.186532571	0.185509609	0.113840025	0.112380515	0.067146679	0.065133982	0.042939306	0.042044669
t#bar{t} semilep BR up,	0.302601748	0.302934079	0.291802211	0.291997145	0.185220080	0.185509609	0.112468456	0.112380515	0.065842158	0.065133982	0.042065347	0.042044669
t#bar{t} semilep BR down,	0.302574977	0.302934079	0.291773304	0.291997145	0.185222653	0.185509609	0.112488928	0.112380515	0.065853653	0.065133982	0.042086484	0.042044669
t#bar{t} ERDon,	0.300748314	0.302934079	0.291834722	0.291997145	0.187239370	0.185509609	0.112580530	0.112380515	0.065883285	0.065133982	0.041713779	0.042044669
t#bar{t} QCDbased,	0.305004492	0.302934079	0.290543558	0.291997145	0.186064796	0.185509609	0.111951167	0.112380515	0.064938430	0.065133982	0.041497556	0.042044669
t#bar{t} gluon move,	0.305569344	0.302934079	0.292065465	0.291997145	0.184317747	0.185509609	0.111570868	0.112380515	0.064059170	0.065133982	0.042417405	0.042044669
