t#bar{t},	0.440463377	0.434467906	0.280665171	0.277180660	0.141009825	0.142480238	0.074122775	0.076464507	0.040312336	0.043642956	0.023426517	0.025763732
t#bar{t} jec_CorrelationGroupMPFInSitu up,	0.435191107	0.434467906	0.276898749	0.277180660	0.141517542	0.142480238	0.076644057	0.076464507	0.043952231	0.043642956	0.025796313	0.025763732
t#bar{t} jec_RelativeFSR up,	0.435485481	0.434467906	0.276241584	0.277180660	0.142986765	0.142480238	0.076091980	0.076464507	0.043339314	0.043642956	0.025854877	0.025763732
t#bar{t} jec_CorrelationGroupUncorrelated up,	0.434374729	0.434467906	0.277894026	0.277180660	0.141704144	0.142480238	0.076975789	0.076464507	0.043324418	0.043642956	0.025726894	0.025763732
t#bar{t} jec_FlavorPureGluon up,	0.433445742	0.434467906	0.278453888	0.277180660	0.142020274	0.142480238	0.077085507	0.076464507	0.043637977	0.043642956	0.025356612	0.025763732
t#bar{t} jec_FlavorPureQuark up,	0.435024675	0.434467906	0.277104401	0.277180660	0.141885308	0.142480238	0.076562113	0.076464507	0.043664072	0.043642956	0.025759431	0.025763732
t#bar{t} jec_FlavorPureCharm up,	0.434504576	0.434467906	0.277589019	0.277180660	0.142416202	0.142480238	0.076445124	0.076464507	0.043344739	0.043642956	0.025700340	0.025763732
t#bar{t} jec_FlavorPureBottom up,	0.435008989	0.434467906	0.276831624	0.277180660	0.141687334	0.142480238	0.076881131	0.076464507	0.043691094	0.043642956	0.025899828	0.025763732
t#bar{t} jer up,	0.435399828	0.434467906	0.276703416	0.277180660	0.141619251	0.142480238	0.076613318	0.076464507	0.043934042	0.043642956	0.025730145	0.025763732
t#bar{t} btag_heavy up,	0.434522369	0.434467906	0.276997983	0.277180660	0.142229287	0.142480238	0.076529922	0.076464507	0.043909597	0.043642956	0.025810842	0.025763732
t#bar{t} btag_light up,	0.435122139	0.434467906	0.277372670	0.277180660	0.141847247	0.142480238	0.076222062	0.076464507	0.043599400	0.043642956	0.025836482	0.025763732
t#bar{t} csv_heavy up,	0.436266324	0.434467906	0.276974892	0.277180660	0.141619696	0.142480238	0.076444197	0.076464507	0.042974845	0.043642956	0.025720046	0.025763732
t#bar{t} csv_light up,	0.434392736	0.434467906	0.277593347	0.277180660	0.141948938	0.142480238	0.076802606	0.076464507	0.043473845	0.043642956	0.025788529	0.025763732
t#bar{t} tracking up,	0.435067581	0.434467906	0.277115210	0.277180660	0.141869593	0.142480238	0.076486108	0.076464507	0.043875263	0.043642956	0.025586245	0.025763732
t#bar{t} jec_CorrelationGroupMPFInSitu down,	0.434748503	0.434467906	0.276678795	0.277180660	0.142467602	0.142480238	0.076732136	0.076464507	0.043757216	0.043642956	0.025615748	0.025763732
t#bar{t} jec_RelativeFSR down,	0.435194826	0.434467906	0.277332840	0.277180660	0.141531749	0.142480238	0.076416798	0.076464507	0.043648948	0.043642956	0.025874839	0.025763732
t#bar{t} jec_CorrelationGroupUncorrelated down,	0.435503296	0.434467906	0.276617792	0.277180660	0.141757273	0.142480238	0.076921357	0.076464507	0.043700551	0.043642956	0.025499730	0.025763732
t#bar{t} jec_FlavorPureGluon down,	0.435663365	0.434467906	0.276639083	0.277180660	0.142049430	0.142480238	0.076716778	0.076464507	0.043169736	0.043642956	0.025761607	0.025763732
t#bar{t} jec_FlavorPureQuark down,	0.435231051	0.434467906	0.277277003	0.277180660	0.141420880	0.142480238	0.076846802	0.076464507	0.043429208	0.043642956	0.025795055	0.025763732
t#bar{t} jec_FlavorPureCharm down,	0.435339334	0.434467906	0.277177217	0.277180660	0.141723046	0.142480238	0.076392508	0.076464507	0.043929067	0.043642956	0.025438829	0.025763732
t#bar{t} jec_FlavorPureBottom down,	0.435532399	0.434467906	0.276867695	0.277180660	0.141935048	0.142480238	0.076473004	0.076464507	0.043709394	0.043642956	0.025482459	0.025763732
t#bar{t} jer down,	0.434869565	0.434467906	0.277250993	0.277180660	0.141837778	0.142480238	0.076971339	0.076464507	0.043603412	0.043642956	0.025466913	0.025763732
t#bar{t} btag_heavy down,	0.436142180	0.434467906	0.277461188	0.277180660	0.140836717	0.142480238	0.076408523	0.076464507	0.043549154	0.043642956	0.025602238	0.025763732
t#bar{t} btag_light down,	0.435557064	0.434467906	0.276959712	0.277180660	0.141514224	0.142480238	0.076634923	0.076464507	0.043616100	0.043642956	0.025717977	0.025763732
t#bar{t} csv_heavy down,	0.434046500	0.434467906	0.276599154	0.277180660	0.142291856	0.142480238	0.076941261	0.076464507	0.043821333	0.043642956	0.026299895	0.025763732
t#bar{t} csv_light down,	0.435252662	0.434467906	0.277415242	0.277180660	0.141613496	0.142480238	0.076536442	0.076464507	0.043386913	0.043642956	0.025795246	0.025763732
t#bar{t} tracking down,	0.433809404	0.434467906	0.277617121	0.277180660	0.142138340	0.142480238	0.076739318	0.076464507	0.044012606	0.043642956	0.025683210	0.025763732
t#bar{t} evtgen,	0.436769105	0.434467906	0.278694498	0.277180660	0.139402529	0.142480238	0.076223575	0.076464507	0.043152143	0.043642956	0.025758150	0.025763732
t#bar{t} m=171.5,	0.432330585	0.434467906	0.280073290	0.277180660	0.141732446	0.142480238	0.075127436	0.076464507	0.045292393	0.043642956	0.025443848	0.025763732
t#bar{t} m=173.5,	0.433374503	0.434467906	0.280241681	0.277180660	0.138541392	0.142480238	0.076958770	0.076464507	0.043433419	0.043642956	0.027450235	0.025763732
t#bar{t} isr up,	0.429581266	0.434467906	0.280273417	0.277180660	0.142722332	0.142480238	0.076181905	0.076464507	0.044613634	0.043642956	0.026627445	0.025763732
t#bar{t} isr dn,	0.436070652	0.434467906	0.275524856	0.277180660	0.142185218	0.142480238	0.076709956	0.076464507	0.043332325	0.043642956	0.026176993	0.025763732
t#bar{t} fsr up,	0.398352585	0.434467906	0.283741833	0.277180660	0.155054334	0.142480238	0.085231515	0.076464507	0.049277997	0.043642956	0.028341736	0.025763732
t#bar{t} fsr dn,	0.460391627	0.434467906	0.270677045	0.277180660	0.134009852	0.142480238	0.070923256	0.076464507	0.040816950	0.043642956	0.023181269	0.025763732
t#bar{t} hdamp up,	0.435318356	0.434467906	0.278533802	0.277180660	0.141274851	0.142480238	0.075623341	0.076464507	0.043775003	0.043642956	0.025474646	0.025763732
t#bar{t} hdamp dn,	0.433349247	0.434467906	0.277689668	0.277180660	0.142025523	0.142480238	0.076629136	0.076464507	0.044371118	0.043642956	0.025935308	0.025763732
t#bar{t} UEup,	0.429889958	0.434467906	0.278509710	0.277180660	0.144048405	0.142480238	0.075848100	0.076464507	0.045492877	0.043642956	0.026210949	0.025763732
t#bar{t} UEdn,	0.432857423	0.434467906	0.278573716	0.277180660	0.141995047	0.142480238	0.076976283	0.076464507	0.044246902	0.043642956	0.025350629	0.025763732
t#bar{t} ERDon,	0.430646613	0.434467906	0.276926908	0.277180660	0.144107726	0.142480238	0.077211417	0.076464507	0.045249542	0.043642956	0.025857794	0.025763732
t#bar{t} QCDbased,	0.434559394	0.434467906	0.276331584	0.277180660	0.142704852	0.142480238	0.075228826	0.076464507	0.044675178	0.043642956	0.026500167	0.025763732
t#bar{t} gluon move,	0.438977612	0.434467906	0.277015999	0.277180660	0.139347868	0.142480238	0.075258865	0.076464507	0.043597749	0.043642956	0.025801907	0.025763732
