t#bar{t},	0.381995465	0.379497021	0.360203991	0.354565208	0.168969867	0.172106450	0.063788966	0.067426003	0.020059225	0.021109339	0.004982487	0.005295981
t#bar{t} jec_CorrelationGroupMPFInSitu up,	0.379345580	0.379497021	0.354815391	0.354565208	0.171911211	0.172106450	0.067486561	0.067426003	0.021065757	0.021109339	0.005375500	0.005295981
t#bar{t} jec_RelativeFSR up,	0.380083962	0.379497021	0.354692913	0.354565208	0.171101056	0.172106450	0.067654442	0.067426003	0.021134562	0.021109339	0.005333064	0.005295981
t#bar{t} jec_CorrelationGroupUncorrelated up,	0.377998136	0.379497021	0.355328581	0.354565208	0.172182071	0.172106450	0.067724258	0.067426003	0.021243368	0.021109339	0.005523586	0.005295981
t#bar{t} jec_FlavorPureGluon up,	0.379328142	0.379497021	0.354061333	0.354565208	0.172111913	0.172106450	0.067539616	0.067426003	0.021431992	0.021109339	0.005527005	0.005295981
t#bar{t} jec_FlavorPureQuark up,	0.379263026	0.379497021	0.354373727	0.354565208	0.172348290	0.172106450	0.067517231	0.067426003	0.021102459	0.021109339	0.005395268	0.005295981
t#bar{t} jec_FlavorPureCharm up,	0.379696956	0.379497021	0.353932618	0.354565208	0.171557417	0.172106450	0.068164293	0.067426003	0.021223725	0.021109339	0.005424991	0.005295981
t#bar{t} jec_FlavorPureBottom up,	0.380087152	0.379497021	0.354309957	0.354565208	0.171232148	0.172106450	0.067706843	0.067426003	0.021307226	0.021109339	0.005356674	0.005295981
t#bar{t} jer up,	0.379583724	0.379497021	0.354798660	0.354565208	0.171917370	0.172106450	0.067018138	0.067426003	0.021247044	0.021109339	0.005435064	0.005295981
t#bar{t} btag_heavy up,	0.379916542	0.379497021	0.354338142	0.354565208	0.171720840	0.172106450	0.067564994	0.067426003	0.021049233	0.021109339	0.005410249	0.005295981
t#bar{t} btag_light up,	0.379242938	0.379497021	0.354688991	0.354565208	0.172022505	0.172106450	0.067513228	0.067426003	0.021083613	0.021109339	0.005448725	0.005295981
t#bar{t} csv_heavy up,	0.380646602	0.379497021	0.354174555	0.354565208	0.171852602	0.172106450	0.067390996	0.067426003	0.020549837	0.021109339	0.005385407	0.005295981
t#bar{t} csv_light up,	0.379042066	0.379497021	0.354595346	0.354565208	0.172003029	0.172106450	0.067777151	0.067426003	0.021143405	0.021109339	0.005439003	0.005295981
t#bar{t} tracking up,	0.380192236	0.379497021	0.354580877	0.354565208	0.171280287	0.172106450	0.067484450	0.067426003	0.021114356	0.021109339	0.005347794	0.005295981
t#bar{t} jec_CorrelationGroupMPFInSitu down,	0.380063501	0.379497021	0.354923167	0.354565208	0.170842519	0.172106450	0.067542665	0.067426003	0.021273844	0.021109339	0.005354304	0.005295981
t#bar{t} jec_RelativeFSR down,	0.380225599	0.379497021	0.354299615	0.354565208	0.171465821	0.172106450	0.067601472	0.067426003	0.021024403	0.021109339	0.005383091	0.005295981
t#bar{t} jec_CorrelationGroupUncorrelated down,	0.381259914	0.379497021	0.354487304	0.354565208	0.171051869	0.172106450	0.067019672	0.067426003	0.020948618	0.021109339	0.005232623	0.005295981
t#bar{t} jec_FlavorPureGluon down,	0.382963854	0.379497021	0.354137570	0.354565208	0.170266065	0.172106450	0.066666063	0.067426003	0.020726163	0.021109339	0.005240285	0.005295981
t#bar{t} jec_FlavorPureQuark down,	0.379051605	0.379497021	0.355727657	0.354565208	0.171371814	0.172106450	0.067429492	0.067426003	0.021135259	0.021109339	0.005284173	0.005295981
t#bar{t} jec_FlavorPureCharm down,	0.379823161	0.379497021	0.354112191	0.354565208	0.171776611	0.172106450	0.067886225	0.067426003	0.021033864	0.021109339	0.005367947	0.005295981
t#bar{t} jec_FlavorPureBottom down,	0.379854713	0.379497021	0.354391755	0.354565208	0.172286262	0.172106450	0.066889652	0.067426003	0.021154122	0.021109339	0.005423496	0.005295981
t#bar{t} jer down,	0.379515972	0.379497021	0.354571331	0.354565208	0.172352762	0.172106450	0.067217855	0.067426003	0.021010981	0.021109339	0.005331099	0.005295981
t#bar{t} btag_heavy down,	0.379969628	0.379497021	0.354468786	0.354565208	0.171658832	0.172106450	0.067392433	0.067426003	0.021092026	0.021109339	0.005418295	0.005295981
t#bar{t} btag_light down,	0.380244025	0.379497021	0.353865082	0.354565208	0.171746764	0.172106450	0.067606669	0.067426003	0.021199984	0.021109339	0.005337476	0.005295981
t#bar{t} csv_heavy down,	0.377658897	0.379497021	0.355438694	0.354565208	0.172260579	0.172106450	0.068087767	0.067426003	0.021221732	0.021109339	0.005332331	0.005295981
t#bar{t} csv_light down,	0.379828628	0.379497021	0.354676305	0.354565208	0.172018316	0.172106450	0.067177612	0.067426003	0.020929395	0.021109339	0.005369744	0.005295981
t#bar{t} tracking down,	0.379885773	0.379497021	0.354561235	0.354565208	0.171627491	0.172106450	0.067425916	0.067426003	0.021226352	0.021109339	0.005273233	0.005295981
t#bar{t} evtgen,	0.373465943	0.379497021	0.362102631	0.354565208	0.170881772	0.172106450	0.068199647	0.067426003	0.019988086	0.021109339	0.005361921	0.005295981
t#bar{t} m=171.5,	0.380279376	0.379497021	0.354549336	0.354565208	0.171006691	0.172106450	0.067813518	0.067426003	0.021296193	0.021109339	0.005054886	0.005295981
t#bar{t} m=173.5,	0.381216753	0.379497021	0.355320324	0.354565208	0.171813410	0.172106450	0.067301130	0.067426003	0.019535014	0.021109339	0.004813369	0.005295981
t#bar{t} isr up,	0.375464231	0.379497021	0.356802369	0.354565208	0.173634654	0.172106450	0.067922415	0.067426003	0.020808575	0.021109339	0.005367756	0.005295981
t#bar{t} isr dn,	0.377424741	0.379497021	0.355902850	0.354565208	0.172702414	0.172106450	0.067285925	0.067426003	0.021393140	0.021109339	0.005290930	0.005295981
t#bar{t} fsr up,	0.354551905	0.379497021	0.359671943	0.354565208	0.184331045	0.172106450	0.073182392	0.067426003	0.022341150	0.021109339	0.005921566	0.005295981
t#bar{t} fsr dn,	0.395721715	0.379497021	0.352832857	0.354565208	0.163376357	0.172106450	0.062803422	0.067426003	0.020288887	0.021109339	0.004976762	0.005295981
t#bar{t} hdamp up,	0.378577978	0.379497021	0.352091736	0.354565208	0.174817774	0.172106450	0.067576855	0.067426003	0.021665004	0.021109339	0.005270653	0.005295981
t#bar{t} hdamp dn,	0.381264197	0.379497021	0.355009074	0.354565208	0.170427309	0.172106450	0.067264737	0.067426003	0.020682788	0.021109339	0.005351895	0.005295981
t#bar{t} UEup,	0.376536801	0.379497021	0.355892927	0.354565208	0.175142342	0.172106450	0.066062760	0.067426003	0.020782200	0.021109339	0.005582970	0.005295981
t#bar{t} UEdn,	0.378741826	0.379497021	0.355288936	0.354565208	0.172671621	0.172106450	0.067978400	0.067426003	0.020083660	0.021109339	0.005235556	0.005295981
t#bar{t} ERDon,	0.377576401	0.379497021	0.353856444	0.354565208	0.174870922	0.172106450	0.067562179	0.067426003	0.020871704	0.021109339	0.005262348	0.005295981
t#bar{t} QCDbased,	0.381760943	0.379497021	0.353840503	0.354565208	0.171292916	0.172106450	0.067209629	0.067426003	0.020698419	0.021109339	0.005197589	0.005295981
t#bar{t} gluon move,	0.379911229	0.379497021	0.354351014	0.354565208	0.171777129	0.172106450	0.067804256	0.067426003	0.020640873	0.021109339	0.005515499	0.005295981
