t#bar{t},	0.201615241	0.167918855	0.182573781	0.163812292	0.162579261	0.163972853	0.150840815	0.159777165	0.151260504	0.171121351	0.151130397	0.173397485
t#bar{t} jec_CorrelationGroupMPFInSitu up,	0.168150828	0.167918855	0.163828327	0.163812292	0.163195936	0.163972853	0.160906298	0.159777165	0.170672952	0.171121351	0.173245659	0.173397485
t#bar{t} jec_RelativeFSR up,	0.168891362	0.167918855	0.163319292	0.163812292	0.164115331	0.163972853	0.159953934	0.159777165	0.171464393	0.171121351	0.172255689	0.173397485
t#bar{t} jec_CorrelationGroupUncorrelated up,	0.169072408	0.167918855	0.161892585	0.163812292	0.164606878	0.163972853	0.158470892	0.159777165	0.170294412	0.171121351	0.175662825	0.173397485
t#bar{t} jec_FlavorPureGluon up,	0.169314466	0.167918855	0.162930013	0.163812292	0.162206481	0.163972853	0.159694981	0.159777165	0.171913866	0.171121351	0.173940193	0.173397485
t#bar{t} jec_FlavorPureQuark up,	0.168820579	0.167918855	0.163280368	0.163812292	0.163442248	0.163972853	0.160057468	0.159777165	0.170692844	0.171121351	0.173706493	0.173397485
t#bar{t} jec_FlavorPureCharm up,	0.167538672	0.167918855	0.163890036	0.163812292	0.163023063	0.163972853	0.160283553	0.159777165	0.171728362	0.171121351	0.173536315	0.173397485
t#bar{t} jec_FlavorPureBottom up,	0.169461099	0.167918855	0.163665639	0.163812292	0.162102242	0.163972853	0.160427145	0.159777165	0.172171663	0.171121351	0.172172212	0.173397485
t#bar{t} jer up,	0.168986977	0.167918855	0.162569978	0.163812292	0.163806406	0.163972853	0.159611429	0.159777165	0.171250224	0.171121351	0.173774987	0.173397485
t#bar{t} btag_heavy up,	0.167911203	0.167918855	0.164858129	0.163812292	0.162881337	0.163972853	0.159312649	0.159777165	0.171573830	0.171121351	0.173462852	0.173397485
t#bar{t} btag_light up,	0.169149533	0.167918855	0.163508766	0.163812292	0.163430331	0.163972853	0.159685859	0.159777165	0.171445388	0.171121351	0.172780122	0.173397485
t#bar{t} csv_heavy up,	0.167128153	0.167918855	0.163578036	0.163812292	0.164649023	0.163972853	0.158794467	0.159777165	0.171947974	0.171121351	0.173902347	0.173397485
t#bar{t} csv_light up,	0.168118800	0.167918855	0.163319435	0.163812292	0.164410539	0.163972853	0.158473609	0.159777165	0.170507236	0.171121351	0.175170381	0.173397485
t#bar{t} tracking up,	0.168064548	0.167918855	0.163593918	0.163812292	0.163832707	0.163972853	0.160008253	0.159777165	0.171868194	0.171121351	0.172632379	0.173397485
t#bar{t} jec_CorrelationGroupMPFInSitu down,	0.166908997	0.167918855	0.163326570	0.163812292	0.163727272	0.163972853	0.160188433	0.159777165	0.172087729	0.171121351	0.173760999	0.173397485
t#bar{t} jec_RelativeFSR down,	0.168516394	0.167918855	0.163709046	0.163812292	0.164642286	0.163972853	0.158388399	0.159777165	0.171487896	0.171121351	0.173255980	0.173397485
t#bar{t} jec_CorrelationGroupUncorrelated down,	0.169668036	0.167918855	0.163755008	0.163812292	0.162312838	0.163972853	0.160784162	0.159777165	0.170491533	0.171121351	0.172988423	0.173397485
t#bar{t} jec_FlavorPureGluon down,	0.167876000	0.167918855	0.164791479	0.163812292	0.162481404	0.163972853	0.159186991	0.159777165	0.170313138	0.171121351	0.175350987	0.173397485
t#bar{t} jec_FlavorPureQuark down,	0.169233788	0.167918855	0.163384441	0.163812292	0.163749602	0.163972853	0.159057279	0.159777165	0.171554816	0.171121351	0.173020074	0.173397485
t#bar{t} jec_FlavorPureCharm down,	0.167164674	0.167918855	0.163026667	0.163812292	0.164369852	0.163972853	0.158647246	0.159777165	0.172456980	0.171121351	0.174334581	0.173397485
t#bar{t} jec_FlavorPureBottom down,	0.168587927	0.167918855	0.162852053	0.163812292	0.163404616	0.163972853	0.159062247	0.159777165	0.172601106	0.171121351	0.173492050	0.173397485
t#bar{t} jer down,	0.169824664	0.167918855	0.162772347	0.163812292	0.164202286	0.163972853	0.158944308	0.159777165	0.171188129	0.171121351	0.173068266	0.173397485
t#bar{t} btag_heavy down,	0.167315555	0.167918855	0.163536553	0.163812292	0.163026482	0.163972853	0.160360187	0.159777165	0.173381724	0.171121351	0.172379499	0.173397485
t#bar{t} btag_light down,	0.168173270	0.167918855	0.162139746	0.163812292	0.163143300	0.163972853	0.159035789	0.159777165	0.172954776	0.171121351	0.174553118	0.173397485
t#bar{t} csv_heavy down,	0.169296930	0.167918855	0.163806346	0.163812292	0.162507692	0.163972853	0.159738589	0.159777165	0.172248216	0.171121351	0.172402227	0.173397485
t#bar{t} csv_light down,	0.168240234	0.167918855	0.162875831	0.163812292	0.163274937	0.163972853	0.159739165	0.159777165	0.171142192	0.171121351	0.174727642	0.173397485
t#bar{t} tracking down,	0.168393508	0.167918855	0.162941300	0.163812292	0.164445691	0.163972853	0.159691874	0.159777165	0.171671529	0.171121351	0.172856098	0.173397485
t#bar{t} evtgen,	0.165666304	0.167918855	0.166871190	0.163812292	0.165009961	0.163972853	0.162405150	0.159777165	0.172610460	0.171121351	0.167436934	0.173397485
t#bar{t} m=171.5,	0.167252838	0.167918855	0.162801099	0.163812292	0.165698625	0.163972853	0.158462965	0.159777165	0.172458659	0.171121351	0.173325815	0.173397485
t#bar{t} m=173.5,	0.170549398	0.167918855	0.164767997	0.163812292	0.162016197	0.163972853	0.158094041	0.159777165	0.170751977	0.171121351	0.173820390	0.173397485
t#bar{t} Herwig++,	0.156686433	0.167918855	0.154504464	0.163812292	0.161845814	0.163972853	0.161661473	0.159777165	0.180728662	0.171121351	0.184573154	0.173397485
t#bar{t} isr up,	0.166123216	0.167918855	0.166732536	0.163812292	0.162992732	0.163972853	0.160313344	0.159777165	0.170361213	0.171121351	0.173476960	0.173397485
t#bar{t} isr dn,	0.169795827	0.167918855	0.163500203	0.163812292	0.165550693	0.163972853	0.158589879	0.159777165	0.170864934	0.171121351	0.171698464	0.173397485
t#bar{t} fsr up,	0.168328387	0.167918855	0.165063198	0.163812292	0.164040794	0.163972853	0.160568701	0.159777165	0.170002262	0.171121351	0.171996658	0.173397485
t#bar{t} fsr dn,	0.165832435	0.167918855	0.165297611	0.163812292	0.165790801	0.163972853	0.159543191	0.159777165	0.169143391	0.171121351	0.174392570	0.173397485
t#bar{t} hdamp up,	0.167789949	0.167918855	0.164978150	0.163812292	0.164212330	0.163972853	0.160518309	0.159777165	0.169908226	0.171121351	0.172593036	0.173397485
t#bar{t} hdamp dn,	0.168426810	0.167918855	0.164989776	0.163812292	0.164374885	0.163972853	0.157928997	0.159777165	0.170140513	0.171121351	0.174139019	0.173397485
t#bar{t} UEup,	0.167650033	0.167918855	0.162479889	0.163812292	0.164751736	0.163972853	0.161535965	0.159777165	0.172387549	0.171121351	0.171194828	0.173397485
t#bar{t} UEdn,	0.170579569	0.167918855	0.165818040	0.163812292	0.160147059	0.163972853	0.157033976	0.159777165	0.172378422	0.171121351	0.174042933	0.173397485
t#bar{t} pileup up,	0.167318567	0.167918855	0.163996141	0.163812292	0.163199671	0.163972853	0.160264060	0.159777165	0.171367265	0.171121351	0.173854296	0.173397485
t#bar{t} pileup down,	0.168642945	0.167918855	0.163390883	0.163812292	0.164774468	0.163972853	0.159206648	0.159777165	0.171034261	0.171121351	0.172950795	0.173397485
t#bar{t} trig efficiency correction up,	0.167901398	0.167918855	0.163248408	0.163812292	0.163895346	0.163972853	0.158850415	0.159777165	0.172081704	0.171121351	0.174022729	0.173397485
t#bar{t} trig efficiency correction down,	0.167899769	0.167918855	0.163242734	0.163812292	0.163883326	0.163972853	0.158825937	0.159777165	0.172088452	0.171121351	0.174059782	0.173397485
t#bar{t} sel efficiency correction up,	0.167913007	0.167918855	0.163250585	0.163812292	0.163890458	0.163972853	0.158843995	0.159777165	0.172079289	0.171121351	0.174022666	0.173397485
t#bar{t} sel efficiency correction down,	0.167887924	0.167918855	0.163240564	0.163812292	0.163888299	0.163972853	0.158832417	0.159777165	0.172090962	0.171121351	0.174059834	0.173397485
t#bar{t} b fragmentation up,	0.167618858	0.167918855	0.163678490	0.163812292	0.163531241	0.163972853	0.158794536	0.159777165	0.172171849	0.171121351	0.174205027	0.173397485
t#bar{t} b fragmentation down,	0.168059355	0.167918855	0.162875260	0.163812292	0.164179527	0.163972853	0.158955237	0.159777165	0.172074769	0.171121351	0.173855852	0.173397485
t#bar{t} Peterson Frag,	0.168415243	0.167918855	0.163195908	0.163812292	0.163750613	0.163972853	0.159035367	0.159777165	0.171907656	0.171121351	0.173695213	0.173397485
t#bar{t} semilep BR up,	0.167886912	0.167918855	0.163224565	0.163812292	0.163884202	0.163972853	0.158866778	0.159777165	0.172083201	0.171121351	0.174054342	0.173397485
t#bar{t} semilep BR down,	0.167914539	0.167918855	0.163222485	0.163812292	0.163885626	0.163972853	0.158827303	0.159777165	0.172097590	0.171121351	0.174052457	0.173397485
t#bar{t} ERDon,	0.162932779	0.167918855	0.162145403	0.163812292	0.164554172	0.163972853	0.159370181	0.159777165	0.174794240	0.171121351	0.176203225	0.173397485
t#bar{t} QCDbased,	0.158165303	0.167918855	0.160295787	0.163812292	0.163510076	0.163972853	0.161633882	0.159777165	0.177016261	0.171121351	0.179378690	0.173397485
t#bar{t} gluon move,	0.169836838	0.167918855	0.165060420	0.163812292	0.165117451	0.163972853	0.159053837	0.159777165	0.170222919	0.171121351	0.170708535	0.173397485
