t#bar{t},	0.063315400	0.059503388	0.061673748	0.057759683	0.060900752	0.057000771	0.059003079	0.054598664	0.055921181	0.052473193	0.054796193	0.052582893	0.052381392	0.052033638	0.050554956	0.048587075	0.048778111	0.049131415	0.047729998	0.047986385	0.046108489	0.046748946	0.045373411	0.046205503	0.044642485	0.045982357	0.044518117	0.045549630	0.043594212	0.046924914	0.043929308	0.047439625	0.044224052	0.045800793	0.043974650	0.047675603	0.044643875	0.048350596	0.043936592	0.047664928
t#bar{t} jec_CorrelationGroupMPFInSitu up,	0.059031559	0.059503388	0.057512156	0.057759683	0.056612955	0.057000771	0.054769164	0.054598664	0.052636355	0.052473193	0.052384533	0.052582893	0.052286819	0.052033638	0.048903930	0.048587075	0.049308303	0.049131415	0.047954830	0.047986385	0.046941524	0.046748946	0.046770300	0.046205503	0.046383218	0.045982357	0.045804014	0.045549630	0.046824949	0.046924914	0.047168057	0.047439625	0.045828742	0.045800793	0.047334296	0.047675603	0.047930898	0.048350596	0.047613398	0.047664928
t#bar{t} jec_RelativeFSR up,	0.059099889	0.059503388	0.057670775	0.057759683	0.056766960	0.057000771	0.055059555	0.054598664	0.052687608	0.052473193	0.052337046	0.052582893	0.051265227	0.052033638	0.048980715	0.048587075	0.049315718	0.049131415	0.048161246	0.047986385	0.046911105	0.046748946	0.046687186	0.046205503	0.046053330	0.045982357	0.045840501	0.045549630	0.046914738	0.046924914	0.047258403	0.047439625	0.045785703	0.045800793	0.047439688	0.047675603	0.048486927	0.048350596	0.047277679	0.047664928
t#bar{t} jec_CorrelationGroupUncorrelated up,	0.059483054	0.059503388	0.057808045	0.057759683	0.056739394	0.057000771	0.055386959	0.054598664	0.052537809	0.052473193	0.052599136	0.052582893	0.052351507	0.052033638	0.049440797	0.048587075	0.048798409	0.049131415	0.047593154	0.047986385	0.046490099	0.046748946	0.046174788	0.046205503	0.046299730	0.045982357	0.045745170	0.045549630	0.046522105	0.046924914	0.046764356	0.047439625	0.045736991	0.045800793	0.047460045	0.047675603	0.047932568	0.048350596	0.048135887	0.047664928
t#bar{t} jec_FlavorPureGluon up,	0.059437881	0.059503388	0.058093949	0.057759683	0.056970813	0.057000771	0.055343203	0.054598664	0.052661001	0.052473193	0.052316467	0.052582893	0.052721168	0.052033638	0.049221878	0.048587075	0.049130129	0.049131415	0.048016174	0.047986385	0.046679407	0.046748946	0.046398691	0.046205503	0.045990378	0.045982357	0.045646734	0.045549630	0.046301643	0.046924914	0.046789712	0.047439625	0.045624214	0.045800793	0.046897336	0.047675603	0.047801227	0.048350596	0.047957996	0.047664928
t#bar{t} jec_FlavorPureQuark up,	0.058782490	0.059503388	0.057594789	0.057759683	0.056660845	0.057000771	0.055277883	0.054598664	0.052706254	0.052473193	0.052565170	0.052582893	0.051888532	0.052033638	0.048974484	0.048587075	0.049673018	0.049131415	0.047957657	0.047986385	0.046618109	0.046748946	0.046531718	0.046205503	0.045924387	0.045982357	0.045301539	0.045549630	0.046252455	0.046924914	0.046977165	0.047439625	0.046101615	0.045800793	0.048023417	0.047675603	0.048415905	0.048350596	0.047772566	0.047664928
t#bar{t} jec_FlavorPureCharm up,	0.059134574	0.059503388	0.057764881	0.057759683	0.057229508	0.057000771	0.055142578	0.054598664	0.052710304	0.052473193	0.052490433	0.052582893	0.052095934	0.052033638	0.048576979	0.048587075	0.049358113	0.049131415	0.047811218	0.047986385	0.047030256	0.046748946	0.045735689	0.046205503	0.045958263	0.045982357	0.045322105	0.045549630	0.046522622	0.046924914	0.046847657	0.047439625	0.046432393	0.045800793	0.047444319	0.047675603	0.048531075	0.048350596	0.047861098	0.047664928
t#bar{t} jec_FlavorPureBottom up,	0.058801277	0.059503388	0.057058205	0.057759683	0.057037891	0.057000771	0.055084705	0.054598664	0.052702377	0.052473193	0.052203821	0.052582893	0.052063700	0.052033638	0.049145373	0.048587075	0.049176388	0.049131415	0.047965518	0.047986385	0.047220269	0.046748946	0.046380608	0.046205503	0.045771075	0.045982357	0.045453653	0.045549630	0.046286504	0.046924914	0.047036980	0.047439625	0.046144237	0.045800793	0.048054567	0.047675603	0.048662829	0.048350596	0.047750024	0.047664928
t#bar{t} jer up,	0.058972269	0.059503388	0.057732538	0.057759683	0.056664518	0.057000771	0.055474859	0.054598664	0.052356350	0.052473193	0.052535725	0.052582893	0.052253364	0.052033638	0.049469298	0.048587075	0.049572253	0.049131415	0.047980556	0.047986385	0.046487533	0.046748946	0.046100452	0.046205503	0.046062055	0.045982357	0.045750709	0.045549630	0.046640793	0.046924914	0.047509572	0.047439625	0.045431189	0.045800793	0.047809277	0.047675603	0.048006989	0.048350596	0.047189699	0.047664928
t#bar{t} btag_heavy up,	0.059224260	0.059503388	0.057764913	0.057759683	0.056409102	0.057000771	0.055133946	0.054598664	0.052270057	0.052473193	0.052902828	0.052582893	0.052313171	0.052033638	0.049029809	0.048587075	0.049347092	0.049131415	0.047854535	0.047986385	0.046648992	0.046748946	0.046281950	0.046205503	0.045957728	0.045982357	0.045297093	0.045549630	0.046644532	0.046924914	0.047365922	0.047439625	0.045589602	0.045800793	0.047422567	0.047675603	0.048538402	0.048350596	0.048003499	0.047664928
t#bar{t} btag_light up,	0.058656626	0.059503388	0.057628642	0.057759683	0.056939057	0.057000771	0.055466513	0.054598664	0.052609929	0.052473193	0.052886906	0.052582893	0.052211411	0.052033638	0.049039066	0.048587075	0.049541150	0.049131415	0.048177057	0.047986385	0.046607860	0.046748946	0.046034418	0.046205503	0.045793703	0.045982357	0.045556929	0.045549630	0.046761115	0.046924914	0.047343172	0.047439625	0.045350975	0.045800793	0.047918702	0.047675603	0.047977409	0.048350596	0.047499360	0.047664928
t#bar{t} csv_heavy up,	0.058143754	0.059503388	0.057744466	0.057759683	0.056652082	0.057000771	0.055299618	0.054598664	0.052179352	0.052473193	0.052243345	0.052582893	0.052074944	0.052033638	0.049308468	0.048587075	0.049052631	0.049131415	0.047959314	0.047986385	0.047738078	0.046748946	0.046075751	0.046205503	0.046126433	0.045982357	0.044940331	0.045549630	0.046214652	0.046924914	0.047554994	0.047439625	0.045830391	0.045800793	0.047801638	0.047675603	0.048968393	0.048350596	0.048091365	0.047664928
t#bar{t} csv_light up,	0.058581510	0.059503388	0.057281047	0.057759683	0.056845573	0.057000771	0.055103169	0.054598664	0.052352310	0.052473193	0.052957560	0.052582893	0.052586821	0.052033638	0.049166826	0.048587075	0.049208262	0.049131415	0.048554767	0.047986385	0.047066604	0.046748946	0.046001134	0.046205503	0.046022004	0.045982357	0.045872959	0.045549630	0.046348498	0.046924914	0.047320252	0.047439625	0.045656846	0.045800793	0.047343459	0.047675603	0.048151817	0.048350596	0.047578579	0.047664928
t#bar{t} tracking up,	0.058852630	0.059503388	0.057596588	0.057759683	0.057264579	0.057000771	0.055004585	0.054598664	0.052415302	0.052473193	0.052465600	0.052582893	0.051963025	0.052033638	0.049203023	0.048587075	0.049235553	0.049131415	0.047808625	0.047986385	0.047421441	0.046748946	0.045972409	0.046205503	0.045835718	0.045982357	0.045569170	0.045549630	0.046261304	0.046924914	0.047519825	0.047439625	0.045933979	0.045800793	0.047637072	0.047675603	0.048152611	0.048350596	0.047886961	0.047664928
t#bar{t} jec_CorrelationGroupMPFInSitu down,	0.058635970	0.059503388	0.057467687	0.057759683	0.057403461	0.057000771	0.055312126	0.054598664	0.052617696	0.052473193	0.053000626	0.052582893	0.052282915	0.052033638	0.049154236	0.048587075	0.049368488	0.049131415	0.047485790	0.047986385	0.046870914	0.046748946	0.046277528	0.046205503	0.045767813	0.045982357	0.045903216	0.045549630	0.046231952	0.046924914	0.046704778	0.047439625	0.045735154	0.045800793	0.047728496	0.047675603	0.048414935	0.048350596	0.047636220	0.047664928
t#bar{t} jec_RelativeFSR down,	0.059081992	0.059503388	0.057507379	0.057759683	0.056643564	0.057000771	0.055271206	0.054598664	0.052816769	0.052473193	0.052550852	0.052582893	0.052567471	0.052033638	0.049244072	0.048587075	0.049165921	0.049131415	0.047721121	0.047986385	0.046659944	0.046748946	0.046035431	0.046205503	0.046090822	0.045982357	0.046003938	0.045549630	0.046991503	0.046924914	0.046428835	0.047439625	0.045973236	0.045800793	0.047592690	0.047675603	0.048220180	0.048350596	0.047433074	0.047664928
t#bar{t} jec_CorrelationGroupUncorrelated down,	0.058970179	0.059503388	0.057249602	0.057759683	0.057059841	0.057000771	0.054840168	0.054598664	0.052490381	0.052473193	0.052809914	0.052582893	0.052136258	0.052033638	0.049272771	0.048587075	0.049026956	0.049131415	0.048131350	0.047986385	0.046755480	0.046748946	0.046140260	0.046205503	0.046614826	0.045982357	0.045035480	0.045549630	0.046216291	0.046924914	0.046961719	0.047439625	0.046049666	0.045800793	0.048182942	0.047675603	0.048848346	0.048350596	0.047207570	0.047664928
t#bar{t} jec_FlavorPureGluon down,	0.059097310	0.059503388	0.057699510	0.057759683	0.056614741	0.057000771	0.055390909	0.054598664	0.052169347	0.052473193	0.053057841	0.052582893	0.051581953	0.052033638	0.049884158	0.048587075	0.049213647	0.049131415	0.047836476	0.047986385	0.047203521	0.046748946	0.046060525	0.046205503	0.045867726	0.045982357	0.045686308	0.045549630	0.046487691	0.046924914	0.046829127	0.047439625	0.046035670	0.045800793	0.048022615	0.047675603	0.047806898	0.048350596	0.047454026	0.047664928
t#bar{t} jec_FlavorPureQuark down,	0.059159721	0.059503388	0.057513330	0.057759683	0.056413142	0.057000771	0.054930782	0.054598664	0.053236935	0.052473193	0.052554870	0.052582893	0.051992376	0.052033638	0.048873889	0.048587075	0.049301585	0.049131415	0.048078759	0.047986385	0.046654673	0.046748946	0.046073896	0.046205503	0.046118310	0.045982357	0.045773384	0.045549630	0.046715368	0.046924914	0.046901958	0.047439625	0.046345121	0.045800793	0.047346995	0.047675603	0.048566334	0.048350596	0.047448571	0.047664928
t#bar{t} jec_FlavorPureCharm down,	0.058737603	0.059503388	0.057298054	0.057759683	0.056780294	0.057000771	0.055046285	0.054598664	0.052396543	0.052473193	0.052631641	0.052582893	0.052243701	0.052033638	0.049198856	0.048587075	0.048870572	0.049131415	0.048352029	0.047986385	0.047232473	0.046748946	0.046460365	0.046205503	0.045834563	0.045982357	0.045542355	0.045549630	0.046661218	0.046924914	0.046935877	0.047439625	0.045707056	0.045800793	0.047769277	0.047675603	0.048370176	0.048350596	0.047931060	0.047664928
t#bar{t} jec_FlavorPureBottom down,	0.058733242	0.059503388	0.057984751	0.057759683	0.057132729	0.057000771	0.055106462	0.054598664	0.052715690	0.052473193	0.052024587	0.052582893	0.051870708	0.052033638	0.049034690	0.048587075	0.048830063	0.049131415	0.047987485	0.047986385	0.046928198	0.046748946	0.045877347	0.046205503	0.045949673	0.045982357	0.045735507	0.045549630	0.046754765	0.046924914	0.047402918	0.047439625	0.045860137	0.045800793	0.048081816	0.047675603	0.047857602	0.048350596	0.048131629	0.047664928
t#bar{t} jer down,	0.059014162	0.059503388	0.057532298	0.057759683	0.057265059	0.057000771	0.055254539	0.054598664	0.052663095	0.052473193	0.052724381	0.052582893	0.051805419	0.052033638	0.049289119	0.048587075	0.049393394	0.049131415	0.048160159	0.047986385	0.046608849	0.046748946	0.046304921	0.046205503	0.045792552	0.045982357	0.045196954	0.045549630	0.047119290	0.046924914	0.047213200	0.047439625	0.045625805	0.045800793	0.047529539	0.047675603	0.047853831	0.048350596	0.047653434	0.047664928
t#bar{t} btag_heavy down,	0.059141474	0.059503388	0.057590879	0.057759683	0.056783281	0.057000771	0.054899517	0.054598664	0.052847797	0.052473193	0.051860598	0.052582893	0.052113093	0.052033638	0.049084896	0.048587075	0.048840713	0.049131415	0.047808623	0.047986385	0.047036273	0.046748946	0.045990745	0.046205503	0.046674186	0.045982357	0.045624680	0.045549630	0.046707043	0.046924914	0.047443043	0.047439625	0.045839432	0.045800793	0.047583299	0.047675603	0.048042455	0.048350596	0.048087973	0.047664928
t#bar{t} btag_light down,	0.059125822	0.059503388	0.057539752	0.057759683	0.057164063	0.057000771	0.055154850	0.054598664	0.052979650	0.052473193	0.052855418	0.052582893	0.051655190	0.052033638	0.048693473	0.048587075	0.049033728	0.049131415	0.047889072	0.047986385	0.046972642	0.046748946	0.046350835	0.046205503	0.045919578	0.045982357	0.045795541	0.045549630	0.046915465	0.046924914	0.046993950	0.047439625	0.046055253	0.045800793	0.047481707	0.047675603	0.048066654	0.048350596	0.047357355	0.047664928
t#bar{t} csv_heavy down,	0.058612554	0.059503388	0.057834023	0.057759683	0.057133624	0.057000771	0.054643412	0.054598664	0.053052868	0.052473193	0.052510078	0.052582893	0.051713311	0.052033638	0.049529666	0.048587075	0.048606318	0.049131415	0.047874837	0.047986385	0.047018473	0.046748946	0.046543287	0.046205503	0.046177790	0.045982357	0.045371571	0.045549630	0.047046746	0.046924914	0.046673421	0.047439625	0.046155773	0.045800793	0.047360352	0.047675603	0.048452123	0.048350596	0.047689771	0.047664928
t#bar{t} csv_light down,	0.058886925	0.059503388	0.057601218	0.057759683	0.056761759	0.057000771	0.054749357	0.054598664	0.052482597	0.052473193	0.052394660	0.052582893	0.052000787	0.052033638	0.048983666	0.048587075	0.049588935	0.049131415	0.048124790	0.047986385	0.046491993	0.046748946	0.046097419	0.046205503	0.045910570	0.045982357	0.045335673	0.045549630	0.046504363	0.046924914	0.047825046	0.047439625	0.046185755	0.045800793	0.047844386	0.047675603	0.048008719	0.048350596	0.048221382	0.047664928
t#bar{t} tracking down,	0.058837199	0.059503388	0.057506423	0.057759683	0.057112183	0.057000771	0.055049475	0.054598664	0.052670447	0.052473193	0.052494743	0.052582893	0.051903758	0.052033638	0.049161357	0.048587075	0.049095076	0.049131415	0.048230452	0.047986385	0.046675147	0.046748946	0.046314601	0.046205503	0.046329612	0.045982357	0.045317916	0.045549630	0.046797543	0.046924914	0.047037229	0.047439625	0.045920270	0.045800793	0.047518493	0.047675603	0.048423101	0.048350596	0.047604973	0.047664928
t#bar{t} evtgen,	0.058288101	0.059503388	0.057541230	0.057759683	0.056866064	0.057000771	0.053573800	0.054598664	0.052676362	0.052473193	0.052681631	0.052582893	0.053200302	0.052033638	0.047654658	0.048587075	0.048353919	0.049131415	0.048536710	0.047986385	0.049760974	0.046748946	0.045106610	0.046205503	0.048554852	0.045982357	0.046140807	0.045549630	0.047595788	0.046924914	0.046053248	0.047439625	0.045834971	0.045800793	0.046001369	0.047675603	0.047664329	0.048350596	0.047914275	0.047664928
t#bar{t} m=171.5,	0.060603672	0.059503388	0.056045016	0.057759683	0.057393594	0.057000771	0.054116412	0.054598664	0.052887476	0.052473193	0.053915845	0.052582893	0.052101311	0.052033638	0.048977323	0.048587075	0.049208987	0.049131415	0.047976135	0.047986385	0.046328577	0.046748946	0.045410527	0.046205503	0.046380952	0.045982357	0.045251719	0.045549630	0.048736016	0.046924914	0.046949902	0.047439625	0.045263655	0.045800793	0.048426513	0.047675603	0.047372096	0.048350596	0.046654271	0.047664928
t#bar{t} m=173.5,	0.061197318	0.059503388	0.058585084	0.057759683	0.058892579	0.057000771	0.054201435	0.054598664	0.053251403	0.052473193	0.052349677	0.052582893	0.051743923	0.052033638	0.047682626	0.048587075	0.049130748	0.049131415	0.046798359	0.047986385	0.046087709	0.046748946	0.048120861	0.046205503	0.045661856	0.045982357	0.043670868	0.045549630	0.045300757	0.046924914	0.048438670	0.047439625	0.044130263	0.045800793	0.049295670	0.047675603	0.047493471	0.048350596	0.047966723	0.047664928
t#bar{t} pileup up,	0.059509001	0.059503388	0.057892937	0.057759683	0.056928839	0.057000771	0.054704100	0.054598664	0.052447385	0.052473193	0.052668662	0.052582893	0.052131173	0.052033638	0.048583725	0.048587075	0.049091730	0.049131415	0.047861269	0.047986385	0.046684700	0.046748946	0.046258914	0.046205503	0.045875243	0.045982357	0.045624612	0.045549630	0.046810991	0.046924914	0.047484900	0.047439625	0.045607585	0.045800793	0.047798825	0.047675603	0.048345727	0.048350596	0.047689680	0.047664928
t#bar{t} pileup down,	0.059432469	0.059503388	0.057603290	0.057759683	0.057041258	0.057000771	0.054503523	0.054598664	0.052485390	0.052473193	0.052528672	0.052582893	0.052042576	0.052033638	0.048597423	0.048587075	0.049160837	0.049131415	0.048095994	0.047986385	0.046778282	0.046748946	0.046140629	0.046205503	0.046075513	0.045982357	0.045521341	0.045549630	0.046963859	0.046924914	0.047503928	0.047439625	0.045966844	0.045800793	0.047554177	0.047675603	0.048404803	0.048350596	0.047599194	0.047664928
t#bar{t} trig efficiency correction up,	0.059153531	0.059503388	0.057468925	0.057759683	0.056992883	0.057000771	0.054568289	0.054598664	0.052655416	0.052473193	0.052627058	0.052582893	0.052090976	0.052033638	0.049118444	0.048587075	0.048971957	0.049131415	0.048009539	0.047986385	0.046954891	0.046748946	0.046228683	0.046205503	0.045972028	0.045982357	0.045711700	0.045549630	0.046710613	0.046924914	0.047276934	0.047439625	0.045774809	0.045800793	0.047589229	0.047675603	0.048316664	0.048350596	0.047807431	0.047664928
t#bar{t} trig efficiency correction down,	0.059141628	0.059503388	0.057470194	0.057759683	0.056995847	0.057000771	0.054564455	0.054598664	0.052646000	0.052473193	0.052629864	0.052582893	0.052096754	0.052033638	0.049114388	0.048587075	0.048978773	0.049131415	0.048010664	0.047986385	0.046956608	0.046748946	0.046227503	0.046205503	0.045979295	0.045982357	0.045704959	0.045549630	0.046710831	0.046924914	0.047273094	0.047439625	0.045775533	0.045800793	0.047599415	0.047675603	0.048312363	0.048350596	0.047811832	0.047664928
t#bar{t} sel efficiency correction up,	0.059149057	0.059503388	0.057467088	0.057759683	0.056994971	0.057000771	0.054571833	0.054598664	0.052651678	0.052473193	0.052625619	0.052582893	0.052086452	0.052033638	0.049114993	0.048587075	0.048968658	0.049131415	0.048009084	0.047986385	0.046958522	0.046748946	0.046230098	0.046205503	0.045973143	0.045982357	0.045705099	0.045549630	0.046704444	0.046924914	0.047284816	0.047439625	0.045779274	0.045800793	0.047597040	0.047675603	0.048319214	0.048350596	0.047808917	0.047664928
t#bar{t} sel efficiency correction down,	0.059146150	0.059503388	0.057472054	0.057759683	0.056993735	0.057000771	0.054560849	0.054598664	0.052649760	0.052473193	0.052631324	0.052582893	0.052101356	0.052033638	0.049117875	0.048587075	0.048982133	0.049131415	0.048011127	0.047986385	0.046952933	0.046748946	0.046226069	0.046205503	0.045978185	0.045982357	0.045711638	0.045549630	0.046717084	0.046924914	0.047265094	0.047439625	0.045771010	0.045800793	0.047591518	0.047675603	0.048309767	0.048350596	0.047810337	0.047664928
t#bar{t} b fragmentation up,	0.059170264	0.059503388	0.057629026	0.057759683	0.057082287	0.057000771	0.054509018	0.054598664	0.052525070	0.052473193	0.052327567	0.052582893	0.052107441	0.052033638	0.048943692	0.048587075	0.049029381	0.049131415	0.047981200	0.047986385	0.047366127	0.046748946	0.046183533	0.046205503	0.046119434	0.045982357	0.045832337	0.045549630	0.046736644	0.046924914	0.047362314	0.047439625	0.045642598	0.045800793	0.047524447	0.047675603	0.048175189	0.048350596	0.047752430	0.047664928
t#bar{t} b fragmentation down,	0.059109921	0.059503388	0.057412190	0.057759683	0.056973961	0.057000771	0.054560153	0.054598664	0.052736978	0.052473193	0.052755205	0.052582893	0.052131061	0.052033638	0.049096099	0.048587075	0.048956842	0.049131415	0.048033237	0.047986385	0.046793760	0.046748946	0.046262272	0.046205503	0.045925987	0.045982357	0.045661452	0.045549630	0.046660263	0.046924914	0.047282622	0.047439625	0.045829793	0.045800793	0.047594015	0.047675603	0.048352986	0.048350596	0.047871203	0.047664928
t#bar{t} Peterson Frag,	0.059125415	0.059503388	0.057510062	0.057759683	0.056969137	0.057000771	0.054552013	0.054598664	0.052515020	0.052473193	0.052475283	0.052582893	0.051946536	0.052033638	0.049122767	0.048587075	0.048869821	0.049131415	0.048056101	0.047986385	0.047205093	0.046748946	0.046386840	0.046205503	0.045935561	0.045982357	0.045788674	0.045549630	0.046660374	0.046924914	0.047448141	0.047439625	0.045752441	0.045800793	0.047503092	0.047675603	0.048396928	0.048350596	0.047780702	0.047664928
t#bar{t} semilep BR up,	0.059141347	0.059503388	0.057470706	0.057759683	0.057003979	0.057000771	0.054556545	0.054598664	0.052641603	0.052473193	0.052625277	0.052582893	0.052108677	0.052033638	0.049121564	0.048587075	0.048989712	0.049131415	0.048016692	0.047986385	0.046940129	0.046748946	0.046215343	0.046205503	0.045971998	0.045982357	0.045713676	0.045549630	0.046721929	0.046924914	0.047273760	0.047439625	0.045774737	0.045800793	0.047595608	0.047675603	0.048302612	0.048350596	0.047814105	0.047664928
t#bar{t} semilep BR down,	0.059147301	0.059503388	0.057470350	0.057759683	0.056994070	0.057000771	0.054566766	0.054598664	0.052651180	0.052473193	0.052628815	0.052582893	0.052093632	0.052033638	0.049115605	0.048587075	0.048975756	0.049131415	0.048009806	0.047986385	0.046955324	0.046748946	0.046228449	0.046205503	0.045975680	0.045982357	0.045707843	0.045549630	0.046710989	0.046924914	0.047274684	0.047439625	0.045775908	0.045800793	0.047594475	0.047675603	0.048314104	0.048350596	0.047809263	0.047664928
t#bar{t} isr up,	0.059529577	0.059503388	0.057068652	0.057759683	0.056906824	0.057000771	0.055172898	0.054598664	0.052158746	0.052473193	0.053179224	0.052582893	0.052309499	0.052033638	0.048544827	0.048587075	0.048719816	0.049131415	0.047596451	0.047986385	0.047450684	0.046748946	0.045218443	0.046205503	0.046462995	0.045982357	0.045720299	0.045549630	0.047349972	0.046924914	0.047050324	0.047439625	0.045901172	0.045800793	0.047921011	0.047675603	0.048236136	0.048350596	0.047502447	0.047664928
t#bar{t} isr dn,	0.060247891	0.059503388	0.059444224	0.057759683	0.056192616	0.057000771	0.053820867	0.054598664	0.053701643	0.052473193	0.051460055	0.052582893	0.052807496	0.052033638	0.049400873	0.048587075	0.048913974	0.049131415	0.047321824	0.047986385	0.047596942	0.046748946	0.046148677	0.046205503	0.045649602	0.045982357	0.046026285	0.045549630	0.047353509	0.046924914	0.047494822	0.047439625	0.044376989	0.045800793	0.047331967	0.047675603	0.047250394	0.048350596	0.047459352	0.047664928
t#bar{t} fsr up,	0.058683524	0.059503388	0.058029560	0.057759683	0.056383841	0.057000771	0.055099980	0.054598664	0.053881745	0.052473193	0.051856740	0.052582893	0.051674268	0.052033638	0.049035209	0.048587075	0.048632435	0.049131415	0.047896705	0.047986385	0.047092768	0.046748946	0.046151154	0.046205503	0.046953367	0.045982357	0.045451868	0.045549630	0.047499173	0.046924914	0.047247547	0.047439625	0.044527562	0.045800793	0.047648652	0.047675603	0.048122597	0.048350596	0.048131305	0.047664928
t#bar{t} fsr dn,	0.059968405	0.059503388	0.058641425	0.057759683	0.057440185	0.057000771	0.053727234	0.054598664	0.053583266	0.052473193	0.051894935	0.052582893	0.052274955	0.052033638	0.048472641	0.048587075	0.048524848	0.049131415	0.046712410	0.047986385	0.046433279	0.046748946	0.047199449	0.046205503	0.045331287	0.045982357	0.045426181	0.045549630	0.047919850	0.046924914	0.046208890	0.047439625	0.045451959	0.045800793	0.047863945	0.047675603	0.048972895	0.048350596	0.047951962	0.047664928
t#bar{t} hdamp up,	0.060427393	0.059503388	0.058545225	0.057759683	0.057475184	0.057000771	0.053699887	0.054598664	0.053740454	0.052473193	0.053110710	0.052582893	0.051680959	0.052033638	0.047881013	0.048587075	0.048835164	0.049131415	0.047558869	0.047986385	0.046615972	0.046748946	0.046779393	0.046205503	0.045911775	0.045982357	0.044787390	0.045549630	0.047511782	0.046924914	0.047041841	0.047439625	0.045460024	0.045800793	0.047857794	0.047675603	0.046826823	0.048350596	0.048252347	0.047664928
t#bar{t} hdamp dn,	0.058435595	0.059503388	0.058905182	0.057759683	0.057686517	0.057000771	0.054156652	0.054598664	0.053636739	0.052473193	0.052536555	0.052582893	0.052486663	0.052033638	0.049529179	0.048587075	0.049479904	0.049131415	0.048316163	0.047986385	0.047323374	0.046748946	0.046012798	0.046205503	0.046036835	0.045982357	0.045662132	0.045549630	0.047949455	0.046924914	0.045712773	0.047439625	0.044088605	0.045800793	0.045968570	0.047675603	0.048073441	0.048350596	0.048002867	0.047664928
t#bar{t} UEup,	0.060055735	0.059503388	0.058255709	0.057759683	0.057467010	0.057000771	0.055046496	0.054598664	0.052551456	0.052473193	0.052797913	0.052582893	0.052971556	0.052033638	0.046835827	0.048587075	0.047694634	0.049131415	0.047287987	0.047986385	0.046902911	0.046748946	0.045540510	0.046205503	0.047058938	0.045982357	0.044816824	0.045549630	0.046713287	0.046924914	0.047416372	0.047439625	0.046580975	0.045800793	0.048327921	0.047675603	0.047644116	0.048350596	0.048033823	0.047664928
t#bar{t} UEdn,	0.059250874	0.059503388	0.056082180	0.057759683	0.057538174	0.057000771	0.054032375	0.054598664	0.053236480	0.052473193	0.052726510	0.052582893	0.053027094	0.052033638	0.048713969	0.048587075	0.048690251	0.049131415	0.047936788	0.047986385	0.047020274	0.046748946	0.045258100	0.046205503	0.047396014	0.045982357	0.045451566	0.045549630	0.048365719	0.046924914	0.046949188	0.047439625	0.046011078	0.045800793	0.047455235	0.047675603	0.046794738	0.048350596	0.048063392	0.047664928
t#bar{t} ERDon,	0.057457693	0.059503388	0.056807357	0.057759683	0.055047575	0.057000771	0.054000091	0.054598664	0.052581111	0.052473193	0.052548649	0.052582893	0.052201355	0.052033638	0.049010603	0.048587075	0.049174566	0.049131415	0.047686181	0.047986385	0.047250883	0.046748946	0.046270456	0.046205503	0.046042144	0.045982357	0.045960484	0.045549630	0.047867338	0.046924914	0.048345678	0.047439625	0.045585030	0.045800793	0.048154566	0.047675603	0.048727120	0.048350596	0.049281120	0.047664928
t#bar{t} QCDbased,	0.056030034	0.059503388	0.055813720	0.057759683	0.056333224	0.057000771	0.052969116	0.054598664	0.050347316	0.052473193	0.050612801	0.052582893	0.051116242	0.052033638	0.047627068	0.048587075	0.049597933	0.049131415	0.047433915	0.047986385	0.046182741	0.046748946	0.046970980	0.046205503	0.046575597	0.045982357	0.046482617	0.045549630	0.048998019	0.046924914	0.048978975	0.047439625	0.047912887	0.045800793	0.050908233	0.047675603	0.049875628	0.048350596	0.049232953	0.047664928
t#bar{t} gluon move,	0.059319415	0.059503388	0.057200986	0.057759683	0.056951311	0.057000771	0.054443531	0.054598664	0.054655215	0.052473193	0.052039925	0.052582893	0.052460583	0.052033638	0.048739371	0.048587075	0.048648257	0.049131415	0.048042986	0.047986385	0.046719541	0.046748946	0.046091165	0.046205503	0.046290947	0.045982357	0.045174537	0.045549630	0.046725284	0.046924914	0.047034788	0.047439625	0.045412046	0.045800793	0.046897549	0.047675603	0.048702981	0.048350596	0.048449585	0.047664928
