t#bar{t},	0.051424931	0.051812508	0.051675777	0.051254957	0.050890289	0.050260975	0.050595507	0.051630824	0.050184461	0.049575738	0.049095122	0.049269462	0.049066792	0.049006909	0.049004775	0.049135245	0.048813076	0.048133467	0.048514275	0.048823322	0.048104233	0.048777803	0.048463214	0.048093649	0.047686272	0.047416040	0.048943864	0.049255502	0.049232844	0.049459569	0.050247288	0.049758610	0.050700728	0.051204328	0.051345959	0.051153722	0.052896905	0.053154858	0.053113686	0.052822511
t#bar{t} jec_CorrelationGroupMPFInSitu up,	0.051924864	0.051812508	0.050994418	0.051254957	0.050535202	0.050260975	0.051542496	0.051630824	0.049540775	0.049575738	0.049492502	0.049269462	0.048842797	0.049006909	0.049251166	0.049135245	0.048026250	0.048133467	0.048997020	0.048823322	0.048221947	0.048777803	0.047981485	0.048093649	0.047803455	0.047416040	0.048867497	0.049255502	0.049425932	0.049459569	0.049897601	0.049758610	0.051572839	0.051204328	0.051087899	0.051153722	0.053022244	0.053154858	0.052971611	0.052822511
t#bar{t} jec_RelativeFSR up,	0.051966052	0.051812508	0.050842352	0.051254957	0.050722656	0.050260975	0.051290417	0.051630824	0.049829364	0.049575738	0.048900570	0.049269462	0.049228198	0.049006909	0.049126236	0.049135245	0.047864453	0.048133467	0.049015287	0.048823322	0.048967300	0.048777803	0.047883139	0.048093649	0.047672943	0.047416040	0.049081596	0.049255502	0.049380143	0.049459569	0.049867373	0.049758610	0.051227515	0.051204328	0.051269001	0.051153722	0.052703385	0.053154858	0.053162021	0.052822511
t#bar{t} jec_CorrelationGroupUncorrelated up,	0.051895328	0.051812508	0.050905910	0.051254957	0.050649060	0.050260975	0.051325255	0.051630824	0.049767538	0.049575738	0.048974821	0.049269462	0.049240905	0.049006909	0.049014389	0.049135245	0.047738009	0.048133467	0.049092787	0.048823322	0.049390194	0.048777803	0.047675071	0.048093649	0.047760662	0.047416040	0.049040102	0.049255502	0.049421242	0.049459569	0.049775874	0.049758610	0.051264221	0.051204328	0.051066424	0.051153722	0.053241895	0.053154858	0.052760313	0.052822511
t#bar{t} jec_FlavorPureGluon up,	0.051976619	0.051812508	0.050850931	0.051254957	0.050713587	0.050260975	0.051262241	0.051630824	0.049916727	0.049575738	0.048979276	0.049269462	0.049025451	0.049006909	0.049230112	0.049135245	0.047897461	0.048133467	0.049031636	0.048823322	0.048644388	0.048777803	0.047988462	0.048093649	0.047548709	0.047416040	0.049245297	0.049255502	0.049367739	0.049459569	0.049861525	0.049758610	0.051336115	0.051204328	0.051107752	0.051153722	0.053102481	0.053154858	0.052913491	0.052822511
t#bar{t} jec_FlavorPureQuark up,	0.051705195	0.051812508	0.051199107	0.051254957	0.050653969	0.050260975	0.051341059	0.051630824	0.049292493	0.049575738	0.049626939	0.049269462	0.049028317	0.049006909	0.048978289	0.049135245	0.048075262	0.048133467	0.048886068	0.048823322	0.048924674	0.048777803	0.047919987	0.048093649	0.047575581	0.047416040	0.049123094	0.049255502	0.049475803	0.049459569	0.049672356	0.049758610	0.051440880	0.051204328	0.051225775	0.051153722	0.052752312	0.053154858	0.053102841	0.052822511
t#bar{t} jec_FlavorPureCharm up,	0.051801846	0.051812508	0.051135763	0.051254957	0.050488829	0.050260975	0.051460715	0.051630824	0.049537958	0.049575738	0.049284077	0.049269462	0.049098649	0.049006909	0.049016924	0.049135245	0.048015107	0.048133467	0.048925365	0.048823322	0.049130004	0.048777803	0.047931764	0.048093649	0.047441404	0.047416040	0.049181729	0.049255502	0.049607345	0.049459569	0.049612110	0.049758610	0.051198112	0.051204328	0.051235552	0.051153722	0.052856507	0.053154858	0.053040241	0.052822511
t#bar{t} jec_FlavorPureBottom up,	0.051956227	0.051812508	0.050942806	0.051254957	0.050537483	0.050260975	0.051549080	0.051630824	0.049436584	0.049575738	0.049353975	0.049269462	0.049168882	0.049006909	0.048924144	0.049135245	0.048116772	0.048133467	0.048918837	0.048823322	0.048845263	0.048777803	0.048040522	0.048093649	0.047345384	0.047416040	0.049360256	0.049255502	0.049625837	0.049459569	0.049503494	0.049758610	0.051143145	0.051204328	0.051336325	0.051153722	0.052962034	0.053154858	0.052932953	0.052822511
t#bar{t} jer up,	0.051951642	0.051812508	0.050893505	0.051254957	0.050706567	0.050260975	0.051397914	0.051630824	0.049440844	0.049575738	0.049571200	0.049269462	0.048909595	0.049006909	0.049174212	0.049135245	0.048013011	0.048133467	0.048978103	0.048823322	0.048173904	0.048777803	0.048102232	0.048093649	0.047454825	0.047416040	0.049210059	0.049255502	0.049539234	0.049459569	0.049615056	0.049758610	0.051733382	0.051204328	0.051249415	0.051153722	0.052705064	0.053154858	0.053180237	0.052822511
t#bar{t} btag_heavy up,	0.051900735	0.051812508	0.051035699	0.051254957	0.050512626	0.050260975	0.051505778	0.051630824	0.049555524	0.049575738	0.049163790	0.049269462	0.049298326	0.049006909	0.048913233	0.049135245	0.048004441	0.048133467	0.049008691	0.048823322	0.048676707	0.048777803	0.048057364	0.048093649	0.047289487	0.047416040	0.049431069	0.049255502	0.049539220	0.049459569	0.049611264	0.049758610	0.051333412	0.051204328	0.051198629	0.051153722	0.053099294	0.053154858	0.052864711	0.052822511
t#bar{t} btag_light up,	0.051879396	0.051812508	0.051039171	0.051254957	0.050534669	0.050260975	0.051496246	0.051630824	0.049613269	0.049575738	0.049260555	0.049269462	0.049031696	0.049006909	0.049041484	0.049135245	0.048254964	0.048133467	0.048833249	0.048823322	0.048557750	0.048777803	0.048076602	0.048093649	0.047590109	0.047416040	0.048891211	0.049255502	0.049730777	0.049459569	0.049523201	0.049758610	0.051437944	0.051204328	0.051250611	0.051153722	0.053018766	0.053154858	0.052938328	0.052822511
t#bar{t} csv_heavy up,	0.052005775	0.051812508	0.050831363	0.051254957	0.050421271	0.050260975	0.051788620	0.051630824	0.049250253	0.049575738	0.049520404	0.049269462	0.049132554	0.049006909	0.048771102	0.049135245	0.048105055	0.048133467	0.048898889	0.048823322	0.049217488	0.048777803	0.048001541	0.048093649	0.047085981	0.047416040	0.049679528	0.049255502	0.049497197	0.049459569	0.049573773	0.049758610	0.051110038	0.051204328	0.051299804	0.051153722	0.052862750	0.053154858	0.052946615	0.052822511
t#bar{t} csv_light up,	0.051696000	0.051812508	0.051407069	0.051254957	0.050294516	0.050260975	0.051604714	0.051630824	0.049732612	0.049575738	0.048975094	0.049269462	0.049294155	0.049006909	0.049077219	0.049135245	0.047845673	0.048133467	0.049125458	0.048823322	0.048459639	0.048777803	0.048062864	0.048093649	0.047493190	0.047416040	0.049136098	0.049255502	0.049626554	0.049459569	0.049686041	0.049758610	0.051257600	0.051204328	0.051230189	0.051153722	0.052979963	0.053154858	0.053015353	0.052822511
t#bar{t} tracking up,	0.051926554	0.051812508	0.051032400	0.051254957	0.050434258	0.050260975	0.051687353	0.051630824	0.049491836	0.049575738	0.049256247	0.049269462	0.049171524	0.049006909	0.049037209	0.049135245	0.047982039	0.048133467	0.049038520	0.048823322	0.048585177	0.048777803	0.047995787	0.048093649	0.047417240	0.047416040	0.049415186	0.049255502	0.049440332	0.049459569	0.049757287	0.049758610	0.051156756	0.051204328	0.051197583	0.051153722	0.053059030	0.053154858	0.052917680	0.052822511
t#bar{t} jec_CorrelationGroupMPFInSitu down,	0.051999876	0.051812508	0.050948797	0.051254957	0.050329418	0.050260975	0.051718729	0.051630824	0.049670049	0.049575738	0.048961625	0.049269462	0.049241428	0.049006909	0.049059342	0.049135245	0.047847228	0.048133467	0.049133951	0.048823322	0.048517105	0.048777803	0.047855493	0.048093649	0.047535514	0.047416040	0.049250164	0.049255502	0.049612949	0.049459569	0.049555163	0.049758610	0.051646438	0.051204328	0.051190638	0.051153722	0.052913211	0.053154858	0.053012881	0.052822511
t#bar{t} jec_RelativeFSR down,	0.051872430	0.051812508	0.051100388	0.051254957	0.050399596	0.050260975	0.051651756	0.051630824	0.049708764	0.049575738	0.048869362	0.049269462	0.049296478	0.049006909	0.049041176	0.049135245	0.048043370	0.048133467	0.048941514	0.048823322	0.048497706	0.048777803	0.048105535	0.048093649	0.047320992	0.047416040	0.049466879	0.049255502	0.049363153	0.049459569	0.049812115	0.049758610	0.051384931	0.051204328	0.051222344	0.051153722	0.052737619	0.053154858	0.053163892	0.052822511
t#bar{t} jec_CorrelationGroupUncorrelated down,	0.051713535	0.051812508	0.051403688	0.051254957	0.050379046	0.050260975	0.051653429	0.051630824	0.049359108	0.049575738	0.049381756	0.049269462	0.049437933	0.049006909	0.048742913	0.049135245	0.048065133	0.048133467	0.049055779	0.048823322	0.048303851	0.048777803	0.048180760	0.048093649	0.047405041	0.047416040	0.049321067	0.049255502	0.049571036	0.049459569	0.049707353	0.049758610	0.051057117	0.051204328	0.051280826	0.051153722	0.053021516	0.053154858	0.052959114	0.052822511
t#bar{t} jec_FlavorPureGluon down,	0.051945054	0.051812508	0.050989524	0.051254957	0.050531087	0.050260975	0.051510059	0.051630824	0.049595648	0.049575738	0.049216134	0.049269462	0.049159656	0.049006909	0.049022102	0.049135245	0.047943143	0.048133467	0.049062730	0.048823322	0.048538178	0.048777803	0.048093026	0.048093649	0.047168350	0.047416040	0.049687614	0.049255502	0.049549839	0.049459569	0.049536387	0.049758610	0.051221382	0.051204328	0.051305495	0.051153722	0.052919924	0.053154858	0.053004667	0.052822511
t#bar{t} jec_FlavorPureQuark down,	0.051949611	0.051812508	0.050888934	0.051254957	0.050449923	0.050260975	0.051589165	0.051630824	0.049418118	0.049575738	0.049286296	0.049269462	0.049190780	0.049006909	0.048710267	0.049135245	0.048273533	0.048133467	0.048814362	0.048823322	0.049275841	0.048777803	0.047847590	0.048093649	0.047442680	0.047416040	0.049277850	0.049255502	0.049496553	0.049459569	0.049534723	0.049758610	0.051527138	0.051204328	0.051112491	0.051153722	0.053067673	0.053154858	0.052846470	0.052822511
t#bar{t} jec_FlavorPureCharm down,	0.051959871	0.051812508	0.050945593	0.051254957	0.050556974	0.050260975	0.051638427	0.051630824	0.049370767	0.049575738	0.049499701	0.049269462	0.049062094	0.049006909	0.049062520	0.049135245	0.047998541	0.048133467	0.049034205	0.048823322	0.048523068	0.048777803	0.047987641	0.048093649	0.047558195	0.047416040	0.049178361	0.049255502	0.049517909	0.049459569	0.049733157	0.049758610	0.051175424	0.051204328	0.051270540	0.051153722	0.052914120	0.053154858	0.053012889	0.052822511
t#bar{t} jec_FlavorPureBottom down,	0.052025950	0.051812508	0.050791858	0.051254957	0.050560409	0.050260975	0.051676480	0.051630824	0.049489887	0.049575738	0.049081672	0.049269462	0.049401972	0.049006909	0.048726899	0.049135245	0.048172205	0.048133467	0.048983411	0.048823322	0.048889192	0.048777803	0.047853315	0.048093649	0.047685468	0.047416040	0.048990627	0.049255502	0.049593132	0.049459569	0.049622719	0.049758610	0.051273962	0.051204328	0.051394204	0.051153722	0.052582463	0.053154858	0.053204177	0.052822511
t#bar{t} jer down,	0.052001085	0.051812508	0.051075475	0.051254957	0.050197874	0.050260975	0.051887316	0.051630824	0.049688460	0.049575738	0.049016905	0.049269462	0.049175278	0.049006909	0.049058456	0.049135245	0.048349899	0.048133467	0.048776029	0.048823322	0.048400427	0.048777803	0.048227596	0.048093649	0.047516583	0.047416040	0.049096568	0.049255502	0.049569581	0.049459569	0.049773191	0.049758610	0.050885170	0.051204328	0.051336861	0.051153722	0.052939413	0.053154858	0.053027834	0.052822511
t#bar{t} btag_heavy down,	0.051957426	0.051812508	0.051057222	0.051254957	0.050323175	0.050260975	0.051772030	0.051630824	0.049781753	0.049575738	0.048789487	0.049269462	0.049259431	0.049006909	0.049265995	0.049135245	0.047703561	0.048133467	0.049206670	0.048823322	0.048242854	0.048777803	0.048062842	0.048093649	0.047336774	0.047416040	0.049418605	0.049255502	0.049629852	0.049459569	0.049588582	0.049758610	0.051341327	0.051204328	0.051304197	0.051153722	0.052968703	0.053154858	0.052989514	0.052822511
t#bar{t} btag_light down,	0.051906420	0.051812508	0.050933390	0.051254957	0.050721618	0.050260975	0.051114332	0.051630824	0.049888837	0.049575738	0.049016370	0.049269462	0.049047414	0.049006909	0.049192455	0.049135245	0.047947606	0.048133467	0.048951214	0.048823322	0.049003152	0.048777803	0.047970161	0.048093649	0.047292170	0.047416040	0.049544291	0.049255502	0.049529782	0.049459569	0.049528375	0.049758610	0.051207790	0.051204328	0.051248067	0.051153722	0.053131803	0.053154858	0.052824755	0.052822511
t#bar{t} csv_heavy down,	0.051794540	0.051812508	0.051070464	0.051254957	0.050546331	0.050260975	0.051493602	0.051630824	0.049541742	0.049575738	0.049090794	0.049269462	0.049318250	0.049006909	0.048802805	0.049135245	0.048132882	0.048133467	0.048852718	0.048823322	0.049411564	0.048777803	0.047803416	0.048093649	0.047664941	0.047416040	0.049078631	0.049255502	0.049484920	0.049459569	0.049703490	0.049758610	0.051081658	0.051204328	0.051316068	0.051153722	0.052711142	0.053154858	0.053100044	0.052822511
t#bar{t} csv_light down,	0.051842007	0.051812508	0.051095528	0.051254957	0.050649989	0.050260975	0.051309459	0.051630824	0.049847694	0.049575738	0.048808122	0.049269462	0.049426189	0.049006909	0.049031599	0.049135245	0.047892795	0.048133467	0.049040614	0.048823322	0.048529812	0.048777803	0.048094465	0.048093649	0.047536757	0.047416040	0.049248023	0.049255502	0.049303147	0.049459569	0.049983396	0.049758610	0.051210240	0.051204328	0.051120259	0.051153722	0.053016772	0.053154858	0.053013134	0.052822511
t#bar{t} tracking down,	0.051908061	0.051812508	0.051052242	0.051254957	0.050448349	0.050260975	0.051602460	0.051630824	0.049569029	0.049575738	0.049225432	0.049269462	0.049096652	0.049006909	0.049193389	0.049135245	0.047746513	0.048133467	0.049138865	0.048823322	0.048776974	0.048777803	0.047918886	0.048093649	0.047552864	0.047416040	0.049172634	0.049255502	0.049513357	0.049459569	0.049716359	0.049758610	0.051174388	0.051204328	0.051250489	0.051153722	0.053038019	0.053154858	0.052905036	0.052822511
t#bar{t} evtgen,	0.052524967	0.051812508	0.050094201	0.051254957	0.051822771	0.050260975	0.050100743	0.051630824	0.049341917	0.049575738	0.050423733	0.049269462	0.049990528	0.049006909	0.048484738	0.049135245	0.047065201	0.048133467	0.049841002	0.048823322	0.047337982	0.048777803	0.047706402	0.048093649	0.047867920	0.047416040	0.049780433	0.049255502	0.049355231	0.049459569	0.049860753	0.049758610	0.050837094	0.051204328	0.051539498	0.051153722	0.052926552	0.053154858	0.053098332	0.052822511
t#bar{t} m=171.5,	0.051670276	0.051812508	0.051250837	0.051254957	0.050878473	0.050260975	0.050867622	0.051630824	0.048998444	0.049575738	0.050119688	0.049269462	0.049352079	0.049006909	0.048374134	0.049135245	0.048375768	0.048133467	0.048909575	0.048823322	0.048728145	0.048777803	0.047670706	0.048093649	0.048033455	0.047416040	0.048157361	0.049255502	0.050373624	0.049459569	0.048800771	0.049758610	0.052417359	0.051204328	0.051156050	0.051153722	0.053061431	0.053154858	0.052804200	0.052822511
t#bar{t} m=173.5,	0.051454868	0.051812508	0.051854775	0.051254957	0.049688532	0.050260975	0.051769129	0.051630824	0.049893748	0.049575738	0.048592698	0.049269462	0.048617787	0.049006909	0.049401725	0.049135245	0.048863869	0.048133467	0.048229297	0.048823322	0.049507094	0.048777803	0.047669849	0.048093649	0.047267964	0.047416040	0.049448863	0.049255502	0.049849336	0.049459569	0.048896088	0.049758610	0.051748954	0.051204328	0.051503491	0.051153722	0.051956567	0.053154858	0.053785367	0.052822511
t#bar{t} pileup up,	0.051738041	0.051812508	0.051302553	0.051254957	0.050440163	0.050260975	0.051452261	0.051630824	0.049570325	0.049575738	0.049359913	0.049269462	0.049066094	0.049006909	0.049118001	0.049135245	0.047974859	0.048133467	0.048967880	0.048823322	0.048604041	0.048777803	0.048089418	0.048093649	0.047457588	0.047416040	0.049332718	0.049255502	0.049307023	0.049459569	0.049925504	0.049758610	0.051168607	0.051204328	0.051113400	0.051153722	0.053140520	0.053154858	0.052871091	0.052822511
t#bar{t} pileup down,	0.051865928	0.051812508	0.051224854	0.051254957	0.050115588	0.050260975	0.051775035	0.051630824	0.049571134	0.049575738	0.049189104	0.049269462	0.048964911	0.049006909	0.049154098	0.049135245	0.048263913	0.048133467	0.048694881	0.048823322	0.048948435	0.048777803	0.048083150	0.048093649	0.047396352	0.047416040	0.049202709	0.049255502	0.049548866	0.049459569	0.049650099	0.049758610	0.051219267	0.051204328	0.051195336	0.051153722	0.053120620	0.053154858	0.052815720	0.052822511
t#bar{t} trig efficiency correction up,	0.051916774	0.051812508	0.051039743	0.051254957	0.050461361	0.050260975	0.051502467	0.051630824	0.049667863	0.049575738	0.049105094	0.049269462	0.049144511	0.049006909	0.049030006	0.049135245	0.048187018	0.048133467	0.048818004	0.048823322	0.048781043	0.048777803	0.048096151	0.048093649	0.047435028	0.047416040	0.049200611	0.049255502	0.049482080	0.049459569	0.049737043	0.049758610	0.051259269	0.051204328	0.051165229	0.051153722	0.053103739	0.053154858	0.052866966	0.052822511
t#bar{t} trig efficiency correction down,	0.051917744	0.051812508	0.051038245	0.051254957	0.050461188	0.050260975	0.051502632	0.051630824	0.049669921	0.049575738	0.049107036	0.049269462	0.049134341	0.049006909	0.049041065	0.049135245	0.048184222	0.048133467	0.048817657	0.048823322	0.048769607	0.048777803	0.048098413	0.048093649	0.047434618	0.047416040	0.049200914	0.049255502	0.049479984	0.049459569	0.049738871	0.049758610	0.051269456	0.051204328	0.051163363	0.051153722	0.053101180	0.053154858	0.052869542	0.052822511
t#bar{t} sel efficiency correction up,	0.051911544	0.051812508	0.051046119	0.051254957	0.050460024	0.050260975	0.051501237	0.051630824	0.049668401	0.049575738	0.049103485	0.049269462	0.049144926	0.049006909	0.049029579	0.049135245	0.048186643	0.048133467	0.048817366	0.048823322	0.048785682	0.048777803	0.048094049	0.048093649	0.047438452	0.047416040	0.049196451	0.049255502	0.049481327	0.049459569	0.049737960	0.049758610	0.051262602	0.051204328	0.051164130	0.051153722	0.053100121	0.053154858	0.052869902	0.052822511
t#bar{t} sel efficiency correction down,	0.051923055	0.051812508	0.051031774	0.051254957	0.050462532	0.050260975	0.051503878	0.051630824	0.049669377	0.049575738	0.049108688	0.049269462	0.049133901	0.049006909	0.049041509	0.049135245	0.048184604	0.048133467	0.048818297	0.048823322	0.048764885	0.048777803	0.048100553	0.048093649	0.047431137	0.047416040	0.049205133	0.049255502	0.049480751	0.049459569	0.049737936	0.049758610	0.051266102	0.051204328	0.051164482	0.051153722	0.053104834	0.053154858	0.052866571	0.052822511
t#bar{t} b fragmentation up,	0.051901114	0.051812508	0.051007102	0.051254957	0.050551853	0.050260975	0.051363656	0.051630824	0.049711912	0.049575738	0.049113681	0.049269462	0.049085059	0.049006909	0.049062150	0.049135245	0.048182314	0.048133467	0.048788325	0.048823322	0.048816574	0.048777803	0.048103064	0.048093649	0.047404486	0.047416040	0.049290002	0.049255502	0.049355367	0.049459569	0.049823347	0.049758610	0.051364575	0.051204328	0.051147701	0.051153722	0.052935837	0.053154858	0.052991881	0.052822511
t#bar{t} b fragmentation down,	0.051940899	0.051812508	0.051048519	0.051254957	0.050405996	0.050260975	0.051600903	0.051630824	0.049636265	0.049575738	0.049115619	0.049269462	0.049164273	0.049006909	0.049034505	0.049135245	0.048181403	0.048133467	0.048838211	0.048823322	0.048693101	0.048777803	0.048127392	0.048093649	0.047416712	0.047416040	0.049227288	0.049255502	0.049492394	0.049459569	0.049745225	0.049758610	0.051160713	0.051204328	0.051173636	0.051153722	0.053181438	0.053154858	0.052815509	0.052822511
t#bar{t} Peterson Frag,	0.051894017	0.051812508	0.051042818	0.051254957	0.050520179	0.050260975	0.051451525	0.051630824	0.049599411	0.049575738	0.049163321	0.049269462	0.049206811	0.049006909	0.048896782	0.049135245	0.048252893	0.048133467	0.048805354	0.048823322	0.048788857	0.048777803	0.048106180	0.048093649	0.047394792	0.047416040	0.049193984	0.049255502	0.049542821	0.049459569	0.049649516	0.049758610	0.051356813	0.051204328	0.051195925	0.051153722	0.053024241	0.053154858	0.052913761	0.052822511
t#bar{t} semilep BR up,	0.051920707	0.051812508	0.051032542	0.051254957	0.050463338	0.050260975	0.051504586	0.051630824	0.049658758	0.049575738	0.049119710	0.049269462	0.049135918	0.049006909	0.049032444	0.049135245	0.048186782	0.048133467	0.048817934	0.048823322	0.048776874	0.048777803	0.048095144	0.048093649	0.047434195	0.047416040	0.049200853	0.049255502	0.049482638	0.049459569	0.049733779	0.049758610	0.051269623	0.051204328	0.051167193	0.051153722	0.053095519	0.053154858	0.052871462	0.052822511
t#bar{t} semilep BR down,	0.051917275	0.051812508	0.051039105	0.051254957	0.050461030	0.050260975	0.051502973	0.051630824	0.049668758	0.049575738	0.049105964	0.049269462	0.049139541	0.049006909	0.049035497	0.049135245	0.048185914	0.048133467	0.048817593	0.048823322	0.048775134	0.048777803	0.048097437	0.048093649	0.047435013	0.047416040	0.049200684	0.049255502	0.049480639	0.049459569	0.049738504	0.049758610	0.051263928	0.051204328	0.051164418	0.051153722	0.053101911	0.053154858	0.052868681	0.052822511
t#bar{t} isr up,	0.051849672	0.051812508	0.050948670	0.051254957	0.050706864	0.050260975	0.051063325	0.051630824	0.050029754	0.049575738	0.049229245	0.049269462	0.048310069	0.049006909	0.049952860	0.049135245	0.047429700	0.048133467	0.049174373	0.048823322	0.049255483	0.048777803	0.047638608	0.048093649	0.047646206	0.047416040	0.049019170	0.049255502	0.049508297	0.049459569	0.049669219	0.049758610	0.051422827	0.051204328	0.051438091	0.051153722	0.052442620	0.053154858	0.053264949	0.052822511
t#bar{t} isr dn,	0.051796794	0.051812508	0.051118141	0.051254957	0.050847567	0.050260975	0.050987602	0.051630824	0.049587401	0.049575738	0.049706193	0.049269462	0.048860688	0.049006909	0.049254387	0.049135245	0.047558495	0.048133467	0.049473695	0.048823322	0.049325384	0.048777803	0.047409036	0.048093649	0.047796057	0.047416040	0.048614894	0.049255502	0.050266003	0.049459569	0.049158385	0.049758610	0.050774423	0.051204328	0.051509661	0.051153722	0.053372159	0.053154858	0.052583034	0.052822511
t#bar{t} fsr up,	0.051612220	0.051812508	0.051365895	0.051254957	0.050510152	0.050260975	0.051100117	0.051630824	0.050010039	0.049575738	0.049092329	0.049269462	0.048620555	0.049006909	0.049344513	0.049135245	0.048493231	0.048133467	0.048410797	0.048823322	0.049838195	0.048777803	0.047948420	0.048093649	0.047563040	0.047416040	0.048738574	0.049255502	0.049960542	0.049459569	0.049363314	0.049758610	0.050733722	0.051204328	0.051468685	0.051153722	0.052831736	0.053154858	0.052993924	0.052822511
t#bar{t} fsr dn,	0.051954927	0.051812508	0.051007769	0.051254957	0.049851276	0.050260975	0.052050995	0.051630824	0.049485102	0.049575738	0.049073272	0.049269462	0.048616636	0.049006909	0.049496694	0.049135245	0.048078242	0.048133467	0.048539813	0.048823322	0.049866916	0.048777803	0.047583421	0.048093649	0.048326736	0.047416040	0.047891527	0.049255502	0.049050914	0.049459569	0.050373416	0.049758610	0.052339502	0.051204328	0.050432685	0.051153722	0.053286825	0.053154858	0.052693330	0.052822511
t#bar{t} hdamp up,	0.052446867	0.051812508	0.050393826	0.051254957	0.050160057	0.050260975	0.051854133	0.051630824	0.050196305	0.049575738	0.047921285	0.049269462	0.049652208	0.049006909	0.049154079	0.049135245	0.047537487	0.048133467	0.049278820	0.048823322	0.048420156	0.048777803	0.047901340	0.048093649	0.047166441	0.047416040	0.050283096	0.049255502	0.048573007	0.049459569	0.050300878	0.049758610	0.051864809	0.051204328	0.050900586	0.051153722	0.052950855	0.053154858	0.053043765	0.052822511
t#bar{t} hdamp dn,	0.052082418	0.051812508	0.050484352	0.051254957	0.051431807	0.050260975	0.050896197	0.051630824	0.049213435	0.049575738	0.049785745	0.049269462	0.049534948	0.049006909	0.048584334	0.049135245	0.047726422	0.048133467	0.049177676	0.048823322	0.049790510	0.048777803	0.047642797	0.048093649	0.048030556	0.047416040	0.048535605	0.049255502	0.049746582	0.049459569	0.049611146	0.049758610	0.050239131	0.051204328	0.051794263	0.051153722	0.052481600	0.053154858	0.053210478	0.052822511
t#bar{t} UEup,	0.052087574	0.051812508	0.050631657	0.051254957	0.050903639	0.050260975	0.051334775	0.051630824	0.049061712	0.049575738	0.050070598	0.049269462	0.049298249	0.049006909	0.048685839	0.049135245	0.047494360	0.048133467	0.049444502	0.048823322	0.048598977	0.048777803	0.047856526	0.048093649	0.047388875	0.047416040	0.049191055	0.049255502	0.049768767	0.049459569	0.049445780	0.049758610	0.051528989	0.051204328	0.051489229	0.051153722	0.052488270	0.053154858	0.053230626	0.052822511
t#bar{t} UEdn,	0.051987215	0.051812508	0.050623965	0.051254957	0.051530167	0.050260975	0.050825278	0.051630824	0.049315300	0.049575738	0.050673092	0.049269462	0.048380685	0.049006909	0.049056518	0.049135245	0.048975133	0.048133467	0.048351869	0.048823322	0.048497642	0.048777803	0.048157401	0.048093649	0.048711443	0.047416040	0.047572800	0.049255502	0.049890967	0.049459569	0.049848850	0.049758610	0.049975981	0.051204328	0.051663151	0.051153722	0.052918856	0.053154858	0.053043686	0.052822511
t#bar{t} ERDon,	0.052249765	0.051812508	0.050549009	0.051254957	0.050574989	0.050260975	0.051595126	0.051630824	0.048989439	0.049575738	0.049876613	0.049269462	0.049293106	0.049006909	0.048578110	0.049135245	0.048180338	0.048133467	0.048894452	0.048823322	0.048683169	0.048777803	0.048217477	0.048093649	0.047335117	0.047416040	0.048954318	0.049255502	0.049804087	0.049459569	0.049355487	0.049758610	0.051797322	0.051204328	0.051288306	0.051153722	0.052965771	0.053154858	0.052817998	0.052822511
t#bar{t} QCDbased,	0.051840516	0.051812508	0.051178692	0.051254957	0.049959999	0.050260975	0.051969850	0.051630824	0.049622128	0.049575738	0.048830303	0.049269462	0.048853468	0.049006909	0.049360085	0.049135245	0.048026847	0.048133467	0.048712576	0.048823322	0.049495712	0.048777803	0.047689388	0.048093649	0.048035159	0.047416040	0.048101041	0.049255502	0.049646023	0.049459569	0.049665458	0.049758610	0.052267347	0.051204328	0.050754434	0.051153722	0.053823936	0.053154858	0.052167038	0.052822511
t#bar{t} gluon move,	0.052110670	0.051812508	0.050879897	0.051254957	0.050391761	0.050260975	0.051562365	0.051630824	0.049676821	0.049575738	0.049029536	0.049269462	0.049284946	0.049006909	0.048963794	0.049135245	0.048332069	0.048133467	0.048700586	0.048823322	0.048494956	0.048777803	0.048252407	0.048093649	0.047443774	0.047416040	0.049394867	0.049255502	0.049131757	0.049459569	0.050042553	0.049758610	0.051151667	0.051204328	0.051214889	0.051153722	0.052863482	0.053154858	0.053077203	0.052822511
