t#bar{t},	0.058000940	0.068810336	0.105226897	0.110122144	0.120195848	0.121874672	0.121985544	0.117063573	0.112677210	0.110204075	0.101569982	0.096021810	0.085645913	0.083136690	0.070672340	0.067855973	0.056814745	0.055649315	0.045543968	0.044644981	0.034447010	0.034265141	0.026233439	0.026033681	0.019228634	0.019808982	0.014240928	0.014886361	0.009714261	0.010425387	0.006739235	0.007251465	0.004705646	0.005160311	0.003113518	0.003216178	0.001936100	0.002130791	0.001307843	0.001438133
t#bar{t} jec_CorrelationGroupMPFInSitu up,	0.068580423	0.068810336	0.110720138	0.110122144	0.120989512	0.121874672	0.116790997	0.117063573	0.110996990	0.110204075	0.096602015	0.096021810	0.082389838	0.083136690	0.068307015	0.067855973	0.055668953	0.055649315	0.044555664	0.044644981	0.034712540	0.034265141	0.025795278	0.026033681	0.019717033	0.019808982	0.014925112	0.014886361	0.010157273	0.010425387	0.006937419	0.007251465	0.005346750	0.005160311	0.003164331	0.003216178	0.002170192	0.002130791	0.001472529	0.001438133
t#bar{t} jec_RelativeFSR up,	0.068818278	0.068810336	0.110195599	0.110122144	0.121522522	0.121874672	0.117323060	0.117063573	0.110350412	0.110204075	0.096849263	0.096021810	0.082875289	0.083136690	0.067627511	0.067855973	0.055743348	0.055649315	0.044658394	0.044644981	0.034746840	0.034265141	0.026027499	0.026033681	0.019379998	0.019808982	0.014879220	0.014886361	0.010186816	0.010425387	0.006882358	0.007251465	0.005236008	0.005160311	0.003154878	0.003216178	0.002107615	0.002130791	0.001435092	0.001438133
t#bar{t} jec_CorrelationGroupUncorrelated up,	0.068494317	0.068810336	0.110258009	0.110122144	0.120863346	0.121874672	0.117762559	0.117063573	0.110079080	0.110204075	0.095901797	0.096021810	0.083000844	0.083136690	0.067800836	0.067855973	0.056045119	0.055649315	0.044721938	0.044644981	0.034638057	0.034265141	0.025717068	0.026033681	0.020008239	0.019808982	0.014789526	0.014886361	0.010679894	0.010425387	0.007082153	0.007251465	0.005256261	0.005160311	0.003172083	0.003216178	0.002265196	0.002130791	0.001463676	0.001438133
t#bar{t} jec_FlavorPureGluon up,	0.068474985	0.068810336	0.109462878	0.110122144	0.121314497	0.121874672	0.116760272	0.117063573	0.110108627	0.110204075	0.096491608	0.096021810	0.082892477	0.083136690	0.068209228	0.067855973	0.056349291	0.055649315	0.044506714	0.044644981	0.034903871	0.034265141	0.025851832	0.026033681	0.019456102	0.019808982	0.015026997	0.014886361	0.010559576	0.010425387	0.007234658	0.007251465	0.005334168	0.005160311	0.003278014	0.003216178	0.002309860	0.002130791	0.001474345	0.001438133
t#bar{t} jec_FlavorPureQuark up,	0.068495651	0.068810336	0.110837428	0.110122144	0.120988375	0.121874672	0.117269662	0.117063573	0.110932270	0.110204075	0.096437324	0.096021810	0.082371148	0.083136690	0.067919077	0.067855973	0.055443978	0.055649315	0.044386667	0.044644981	0.034363379	0.034265141	0.025975741	0.026033681	0.019980905	0.019808982	0.014853089	0.014886361	0.010601786	0.010425387	0.007072965	0.007251465	0.005310549	0.005160311	0.003299527	0.003216178	0.002074667	0.002130791	0.001385813	0.001438133
t#bar{t} jec_FlavorPureCharm up,	0.068764449	0.068810336	0.111462459	0.110122144	0.120890008	0.121874672	0.117140580	0.117063573	0.111091925	0.110204075	0.096162152	0.096021810	0.082828866	0.083136690	0.068233317	0.067855973	0.055919141	0.055649315	0.044143971	0.044644981	0.034445434	0.034265141	0.025581008	0.026033681	0.019266680	0.019808982	0.014923374	0.014886361	0.010272818	0.010425387	0.006967908	0.007251465	0.005288379	0.005160311	0.003115817	0.003216178	0.002091892	0.002130791	0.001409824	0.001438133
t#bar{t} jec_FlavorPureBottom up,	0.068396416	0.068810336	0.111063732	0.110122144	0.121713976	0.121874672	0.116918222	0.117063573	0.111128857	0.110204075	0.096569036	0.096021810	0.083529452	0.083136690	0.068027232	0.067855973	0.054993469	0.055649315	0.044040226	0.044644981	0.034261883	0.034265141	0.025487685	0.026033681	0.019696508	0.019808982	0.014886913	0.014886361	0.010218284	0.010425387	0.007097685	0.007251465	0.005089777	0.005160311	0.003250564	0.003216178	0.002132093	0.002130791	0.001497990	0.001438133
t#bar{t} jer up,	0.068859016	0.068810336	0.110889792	0.110122144	0.120698763	0.121874672	0.117665254	0.117063573	0.110235126	0.110204075	0.096596937	0.096021810	0.082897385	0.083136690	0.067651790	0.067855973	0.055748600	0.055649315	0.044361480	0.044644981	0.034628989	0.034265141	0.025913749	0.026033681	0.019636921	0.019808982	0.014782481	0.014886361	0.010251140	0.010425387	0.006987194	0.007251465	0.005335533	0.005160311	0.003247268	0.003216178	0.002110500	0.002130791	0.001502082	0.001438133
t#bar{t} btag_heavy up,	0.068761927	0.068810336	0.111002805	0.110122144	0.121308042	0.121874672	0.116495091	0.117063573	0.110633061	0.110204075	0.096446993	0.096021810	0.082521594	0.083136690	0.068159892	0.067855973	0.055535624	0.055649315	0.044552976	0.044644981	0.034482201	0.034265141	0.025765875	0.026033681	0.019927692	0.019808982	0.014784608	0.014886361	0.010355150	0.010425387	0.007205906	0.007251465	0.005140511	0.005160311	0.003225962	0.003216178	0.002193299	0.002130791	0.001500790	0.001438133
t#bar{t} btag_light up,	0.068625859	0.068810336	0.110340315	0.110122144	0.121532076	0.121874672	0.117365689	0.117063573	0.111224520	0.110204075	0.096588707	0.096021810	0.082984389	0.083136690	0.068076660	0.067855973	0.055459226	0.055649315	0.044587535	0.044644981	0.034285420	0.034265141	0.025731122	0.026033681	0.019568885	0.019808982	0.014705159	0.014886361	0.010253216	0.010425387	0.006870478	0.007251465	0.005210137	0.005160311	0.003133072	0.003216178	0.002089389	0.002130791	0.001368145	0.001438133
t#bar{t} csv_heavy up,	0.069093617	0.068810336	0.111049984	0.110122144	0.121630386	0.121874672	0.116748316	0.117063573	0.110118784	0.110204075	0.096429835	0.096021810	0.082386610	0.083136690	0.068360379	0.067855973	0.055520866	0.055649315	0.044451706	0.044644981	0.034375820	0.034265141	0.025533547	0.026033681	0.019887178	0.019808982	0.015004246	0.014886361	0.010417063	0.010425387	0.006987397	0.007251465	0.005345957	0.005160311	0.003189457	0.003216178	0.002132925	0.002130791	0.001335926	0.001438133
t#bar{t} csv_light up,	0.068759079	0.068810336	0.110046845	0.110122144	0.121707450	0.121874672	0.117675917	0.117063573	0.110233173	0.110204075	0.096646393	0.096021810	0.082733110	0.083136690	0.068523488	0.067855973	0.055407219	0.055649315	0.044539027	0.044644981	0.034793019	0.034265141	0.025729069	0.026033681	0.019399901	0.019808982	0.014748158	0.014886361	0.010209142	0.010425387	0.007012482	0.007251465	0.005133451	0.005160311	0.003089101	0.003216178	0.002223206	0.002130791	0.001390771	0.001438133
t#bar{t} tracking up,	0.068701101	0.068810336	0.110566933	0.110122144	0.121624473	0.121874672	0.117750986	0.117063573	0.110044144	0.110204075	0.096177908	0.096021810	0.082657391	0.083136690	0.067786912	0.067855973	0.055666083	0.055649315	0.044265283	0.044644981	0.034876740	0.034265141	0.026050618	0.026033681	0.019611001	0.019808982	0.014947031	0.014886361	0.010250964	0.010425387	0.006911247	0.007251465	0.005306711	0.005160311	0.003155076	0.003216178	0.002192868	0.002130791	0.001456529	0.001438133
t#bar{t} jec_CorrelationGroupMPFInSitu down,	0.068498138	0.068810336	0.110524454	0.110122144	0.120895411	0.121874672	0.117071424	0.117063573	0.111103692	0.110204075	0.096958153	0.096021810	0.082200956	0.083136690	0.068131216	0.067855973	0.056144663	0.055649315	0.044318573	0.044644981	0.034512111	0.034265141	0.025804415	0.026033681	0.019833354	0.019808982	0.014728832	0.014886361	0.010336438	0.010425387	0.007135504	0.007251465	0.005069901	0.005160311	0.003194700	0.003216178	0.002131259	0.002130791	0.001406806	0.001438133
t#bar{t} jec_RelativeFSR down,	0.068897040	0.068810336	0.111387917	0.110122144	0.120622630	0.121874672	0.116710859	0.117063573	0.111046246	0.110204075	0.096655825	0.096021810	0.082769508	0.083136690	0.067617315	0.067855973	0.055664408	0.055649315	0.044717290	0.044644981	0.034473606	0.034265141	0.025735717	0.026033681	0.019696836	0.019808982	0.014691964	0.014886361	0.010348770	0.010425387	0.006966089	0.007251465	0.005303766	0.005160311	0.003090685	0.003216178	0.002228032	0.002130791	0.001375497	0.001438133
t#bar{t} jec_CorrelationGroupUncorrelated down,	0.068774110	0.068810336	0.110662471	0.110122144	0.121805383	0.121874672	0.117831655	0.117063573	0.110030984	0.110204075	0.096753099	0.096021810	0.082569166	0.083136690	0.068215129	0.067855973	0.056290377	0.055649315	0.044230751	0.044644981	0.033788924	0.034265141	0.025649708	0.026033681	0.019553505	0.019808982	0.014733906	0.014886361	0.010232177	0.010425387	0.006899440	0.007251465	0.005134273	0.005160311	0.003337997	0.003216178	0.002079187	0.002130791	0.001427758	0.001438133
t#bar{t} jec_FlavorPureGluon down,	0.069144812	0.068810336	0.111082483	0.110122144	0.121945606	0.121874672	0.117471037	0.117063573	0.109994677	0.110204075	0.097182087	0.096021810	0.082375398	0.083136690	0.067984239	0.067855973	0.055672841	0.055649315	0.044272175	0.044644981	0.034526584	0.034265141	0.025643898	0.026033681	0.019348222	0.019808982	0.014659681	0.014886361	0.009934186	0.010425387	0.007005213	0.007251465	0.005120396	0.005160311	0.003218997	0.003216178	0.001938321	0.002130791	0.001479149	0.001438133
t#bar{t} jec_FlavorPureQuark down,	0.068594875	0.068810336	0.111158491	0.110122144	0.121536297	0.121874672	0.116733760	0.117063573	0.110823371	0.110204075	0.096613872	0.096021810	0.081995341	0.083136690	0.068030614	0.067855973	0.055213385	0.055649315	0.044587042	0.044644981	0.034584548	0.034265141	0.025970046	0.026033681	0.019644929	0.019808982	0.015192972	0.014886361	0.010510455	0.010425387	0.006905986	0.007251465	0.005161658	0.005160311	0.003199314	0.003216178	0.002108473	0.002130791	0.001434569	0.001438133
t#bar{t} jec_FlavorPureCharm down,	0.068910020	0.068810336	0.110951891	0.110122144	0.121042528	0.121874672	0.117147433	0.117063573	0.110814553	0.110204075	0.096228598	0.096021810	0.082652895	0.083136690	0.067869431	0.067855973	0.055295814	0.055649315	0.044463919	0.044644981	0.034705019	0.034265141	0.026026415	0.026033681	0.019622503	0.019808982	0.014785488	0.014886361	0.010445821	0.010425387	0.007158941	0.007251465	0.005093039	0.005160311	0.003241160	0.003216178	0.002167127	0.002130791	0.001377405	0.001438133
t#bar{t} jec_FlavorPureBottom down,	0.068518643	0.068810336	0.110631027	0.110122144	0.121385843	0.121874672	0.117170624	0.117063573	0.110580378	0.110204075	0.096535762	0.096021810	0.083228867	0.083136690	0.068132347	0.067855973	0.055465753	0.055649315	0.044448129	0.044644981	0.034391105	0.034265141	0.025918015	0.026033681	0.019308874	0.019808982	0.014974794	0.014886361	0.010412261	0.010425387	0.006930561	0.007251465	0.005308751	0.005160311	0.003173433	0.003216178	0.002122154	0.002130791	0.001362679	0.001438133
t#bar{t} jer down,	0.069356601	0.068810336	0.111264523	0.110122144	0.120462169	0.121874672	0.116522579	0.117063573	0.110570432	0.110204075	0.096527143	0.096021810	0.082908930	0.083136690	0.067736950	0.067855973	0.055716497	0.055649315	0.044752824	0.044644981	0.034620996	0.034265141	0.025837980	0.026033681	0.019903246	0.019808982	0.014755102	0.014886361	0.010088626	0.010425387	0.007037098	0.007251465	0.005298786	0.005160311	0.003195698	0.003216178	0.002076784	0.002130791	0.001367037	0.001438133
t#bar{t} btag_heavy down,	0.068507429	0.068810336	0.109647348	0.110122144	0.121731232	0.121874672	0.117776317	0.117063573	0.110980059	0.110204075	0.096350312	0.096021810	0.083108904	0.083136690	0.067846956	0.067855973	0.055214906	0.055649315	0.044436477	0.044644981	0.034276350	0.034265141	0.025823687	0.026033681	0.019895142	0.019808982	0.014933218	0.014886361	0.010267674	0.010425387	0.007300138	0.007251465	0.005110000	0.005160311	0.003073440	0.003216178	0.002202567	0.002130791	0.001517844	0.001438133
t#bar{t} btag_light down,	0.069031121	0.068810336	0.111298470	0.110122144	0.120999832	0.121874672	0.116831046	0.117063573	0.110731730	0.110204075	0.096727827	0.096021810	0.083032529	0.083136690	0.067798307	0.067855973	0.055268857	0.055649315	0.044152798	0.044644981	0.034215714	0.034265141	0.025825026	0.026033681	0.019899075	0.019808982	0.014747847	0.014886361	0.010380859	0.010425387	0.007027421	0.007251465	0.005257198	0.005160311	0.003235481	0.003216178	0.002057794	0.002130791	0.001481069	0.001438133
t#bar{t} csv_heavy down,	0.068416226	0.068810336	0.110762522	0.110122144	0.120978692	0.121874672	0.118007894	0.117063573	0.110354638	0.110204075	0.096328689	0.096021810	0.082478720	0.083136690	0.068002943	0.067855973	0.055405259	0.055649315	0.044926496	0.044644981	0.034612769	0.034265141	0.025517787	0.026033681	0.019779387	0.019808982	0.014875611	0.014886361	0.010421700	0.010425387	0.006967296	0.007251465	0.005229506	0.005160311	0.003385325	0.003216178	0.002193375	0.002130791	0.001355167	0.001438133
t#bar{t} csv_light down,	0.068604278	0.068810336	0.110738941	0.110122144	0.121137744	0.121874672	0.117878559	0.117063573	0.110979848	0.110204075	0.096468721	0.096021810	0.082746037	0.083136690	0.067784086	0.067855973	0.055440662	0.055649315	0.044504087	0.044644981	0.034208344	0.034265141	0.025811673	0.026033681	0.019608891	0.019808982	0.014735028	0.014886361	0.010261581	0.010425387	0.007170455	0.007251465	0.005104509	0.005160311	0.003238418	0.003216178	0.002106324	0.002130791	0.001471814	0.001438133
t#bar{t} tracking down,	0.068449009	0.068810336	0.110543923	0.110122144	0.121698173	0.121874672	0.116775131	0.117063573	0.110457868	0.110204075	0.097163175	0.096021810	0.082462856	0.083136690	0.068104673	0.067855973	0.055691623	0.055649315	0.044354629	0.044644981	0.034223056	0.034265141	0.025626139	0.026033681	0.019991975	0.019808982	0.014900457	0.014886361	0.010306616	0.010425387	0.007094468	0.007251465	0.005231253	0.005160311	0.003365820	0.003216178	0.002126088	0.002130791	0.001433070	0.001438133
t#bar{t} evtgen,	0.073366864	0.068810336	0.108119452	0.110122144	0.118968261	0.121874672	0.116825511	0.117063573	0.108539107	0.110204075	0.097586061	0.096021810	0.085148597	0.083136690	0.068874541	0.067855973	0.054838702	0.055649315	0.042366771	0.044644981	0.034570638	0.034265141	0.026198238	0.026033681	0.020754551	0.019808982	0.015259744	0.014886361	0.009911114	0.010425387	0.006643697	0.007251465	0.004942666	0.005160311	0.003298486	0.003216178	0.002418998	0.002130791	0.001368001	0.001438133
t#bar{t} m=171.5,	0.069297028	0.068810336	0.107491152	0.110122144	0.123609631	0.121874672	0.117346944	0.117063573	0.111294782	0.110204075	0.093368068	0.096021810	0.083374370	0.083136690	0.067830605	0.067855973	0.056749782	0.055649315	0.043252172	0.044644981	0.033678756	0.034265141	0.026793124	0.026033681	0.019996252	0.019808982	0.015182182	0.014886361	0.011231082	0.010425387	0.007620626	0.007251465	0.004895253	0.005160311	0.002909021	0.003216178	0.002641025	0.002130791	0.001438146	0.001438133
t#bar{t} m=173.5,	0.067859738	0.068810336	0.109533019	0.110122144	0.122606521	0.121874672	0.117176984	0.117063573	0.111431956	0.110204075	0.095042206	0.096021810	0.082336409	0.083136690	0.067572877	0.067855973	0.057615626	0.055649315	0.045217932	0.044644981	0.035138367	0.034265141	0.025738848	0.026033681	0.018895380	0.019808982	0.014352018	0.014886361	0.010141688	0.010425387	0.007314224	0.007251465	0.005294472	0.005160311	0.003150940	0.003216178	0.002154288	0.002130791	0.001426508	0.001438133
t#bar{t} pileup up,	0.069769255	0.068810336	0.111121974	0.110122144	0.122804332	0.121874672	0.117587713	0.117063573	0.110025438	0.110204075	0.095736415	0.096021810	0.082544041	0.083136690	0.067730091	0.067855973	0.055044309	0.055649315	0.044433531	0.044644981	0.033876983	0.034265141	0.025902803	0.026033681	0.019525285	0.019808982	0.014768605	0.014886361	0.010302328	0.010425387	0.007079604	0.007251465	0.005006703	0.005160311	0.003180847	0.003216178	0.002123763	0.002130791	0.001435979	0.001438133
t#bar{t} pileup down,	0.067919801	0.068810336	0.109171292	0.110122144	0.120939587	0.121874672	0.116584996	0.117063573	0.110425747	0.110204075	0.096227325	0.096021810	0.083603512	0.083136690	0.067955924	0.067855973	0.056323269	0.055649315	0.044855569	0.044644981	0.034632708	0.034265141	0.026143874	0.026033681	0.020096793	0.019808982	0.015022181	0.014886361	0.010566086	0.010425387	0.007407829	0.007251465	0.005284067	0.005160311	0.003255607	0.003216178	0.002139961	0.002130791	0.001443872	0.001438133
t#bar{t} trig efficiency correction up,	0.067503298	0.068810336	0.109559052	0.110122144	0.120727162	0.121874672	0.116642479	0.117063573	0.110866969	0.110204075	0.096497439	0.096021810	0.082986459	0.083136690	0.067694866	0.067855973	0.056269745	0.055649315	0.044771292	0.044644981	0.035081732	0.034265141	0.026092398	0.026033681	0.020124788	0.019808982	0.014923721	0.014886361	0.010667612	0.010425387	0.007421920	0.007251465	0.005262028	0.005160311	0.003304448	0.003216178	0.002225719	0.002130791	0.001376873	0.001438133
t#bar{t} trig efficiency correction down,	0.067490733	0.068810336	0.109564413	0.110122144	0.120731541	0.121874672	0.116626526	0.117063573	0.110877155	0.110204075	0.096493720	0.096021810	0.082994026	0.083136690	0.067701276	0.067855973	0.056269988	0.055649315	0.044778087	0.044644981	0.035080635	0.034265141	0.026082633	0.026033681	0.020123272	0.019808982	0.014916098	0.014886361	0.010669979	0.010425387	0.007423564	0.007251465	0.005265321	0.005160311	0.003306788	0.003216178	0.002226439	0.002130791	0.001377808	0.001438133
t#bar{t} sel efficiency correction up,	0.067507311	0.068810336	0.109559255	0.110122144	0.120723692	0.121874672	0.116640294	0.117063573	0.110872071	0.110204075	0.096492191	0.096021810	0.082980028	0.083136690	0.067691055	0.067855973	0.056274949	0.055649315	0.044769895	0.044644981	0.035076594	0.034265141	0.026092219	0.026033681	0.020130176	0.019808982	0.014925604	0.014886361	0.010672113	0.010425387	0.007423441	0.007251465	0.005261110	0.005160311	0.003306393	0.003216178	0.002224679	0.002130791	0.001376929	0.001438133
t#bar{t} sel efficiency correction down,	0.067486620	0.068810336	0.109564188	0.110122144	0.120734964	0.121874672	0.116628670	0.117063573	0.110872019	0.110204075	0.096499092	0.096021810	0.083000614	0.083136690	0.067705162	0.067855973	0.056264723	0.055649315	0.044779527	0.044644981	0.035085850	0.034265141	0.026082800	0.026033681	0.020117813	0.019808982	0.014914175	0.014886361	0.010665424	0.010425387	0.007422028	0.007251465	0.005266261	0.005160311	0.003304822	0.003216178	0.002227495	0.002130791	0.001377754	0.001438133
t#bar{t} b fragmentation up,	0.067139765	0.068810336	0.109144307	0.110122144	0.120570491	0.121874672	0.116645194	0.117063573	0.111369590	0.110204075	0.096827998	0.096021810	0.082814115	0.083136690	0.067434388	0.067855973	0.056638658	0.055649315	0.044911761	0.044644981	0.035244360	0.034265141	0.026031225	0.026033681	0.019907154	0.019808982	0.014833795	0.014886361	0.010720634	0.010425387	0.007376271	0.007251465	0.005342276	0.005160311	0.003363573	0.003216178	0.002295705	0.002130791	0.001388738	0.001438133
t#bar{t} b fragmentation down,	0.067690441	0.068810336	0.109852035	0.110122144	0.120791634	0.121874672	0.116661213	0.117063573	0.110591174	0.110204075	0.096374723	0.096021810	0.083094351	0.083136690	0.067766780	0.067855973	0.056038698	0.055649315	0.044690219	0.044644981	0.035041972	0.034265141	0.026096333	0.026033681	0.020209480	0.019808982	0.014969785	0.014886361	0.010608807	0.010425387	0.007446237	0.007251465	0.005245442	0.005160311	0.003272815	0.003216178	0.002197032	0.002130791	0.001360826	0.001438133
t#bar{t} Peterson Frag,	0.067246357	0.068810336	0.109303347	0.110122144	0.120516632	0.121874672	0.116513263	0.117063573	0.111118485	0.110204075	0.096698341	0.096021810	0.083028377	0.083136690	0.067683071	0.067855973	0.056574391	0.055649315	0.044847864	0.044644981	0.035110363	0.034265141	0.026071121	0.026033681	0.020048868	0.019808982	0.014925943	0.014886361	0.010714168	0.010425387	0.007402488	0.007251465	0.005297016	0.005160311	0.003308033	0.003216178	0.002221892	0.002130791	0.001369981	0.001438133
t#bar{t} semilep BR up,	0.067497191	0.068810336	0.109568038	0.110122144	0.120741819	0.121874672	0.116638526	0.117063573	0.110882028	0.110204075	0.096455512	0.096021810	0.082986097	0.083136690	0.067701582	0.067855973	0.056264743	0.055649315	0.044779317	0.044644981	0.035091125	0.034265141	0.026086226	0.026033681	0.020117942	0.019808982	0.014929157	0.014886361	0.010665476	0.010425387	0.007427872	0.007251465	0.005259927	0.005160311	0.003305561	0.003216178	0.002226338	0.002130791	0.001375523	0.001438133
t#bar{t} semilep BR down,	0.067496239	0.068810336	0.109559852	0.110122144	0.120727291	0.121874672	0.116632224	0.117063573	0.110870766	0.110204075	0.096496765	0.096021810	0.082990411	0.083136690	0.067699978	0.067855973	0.056272224	0.055649315	0.044776102	0.044644981	0.035080746	0.034265141	0.026087664	0.026033681	0.020124288	0.019808982	0.014920356	0.014886361	0.010668894	0.010425387	0.007423174	0.007251465	0.005263942	0.005160311	0.003305520	0.003216178	0.002226246	0.002130791	0.001377317	0.001438133
t#bar{t} isr up,	0.067584388	0.068810336	0.108723271	0.110122144	0.121458278	0.121874672	0.115929787	0.117063573	0.111448317	0.110204075	0.096193793	0.096021810	0.083227732	0.083136690	0.067825540	0.067855973	0.056853793	0.055649315	0.044621616	0.044644981	0.034534519	0.034265141	0.025598727	0.026033681	0.020207926	0.019808982	0.015253349	0.014886361	0.011106813	0.010425387	0.007724413	0.007251465	0.005011083	0.005160311	0.003182383	0.003216178	0.002174878	0.002130791	0.001339394	0.001438133
t#bar{t} isr dn,	0.067412108	0.068810336	0.109911468	0.110122144	0.123002350	0.121874672	0.117113815	0.117063573	0.112459408	0.110204075	0.095144727	0.096021810	0.083322460	0.083136690	0.067542639	0.067855973	0.055398089	0.055649315	0.042972416	0.044644981	0.034549430	0.034265141	0.026403816	0.026033681	0.020583388	0.019808982	0.014197337	0.014886361	0.010564399	0.010425387	0.007612320	0.007251465	0.005147224	0.005160311	0.003344100	0.003216178	0.001921473	0.002130791	0.001397033	0.001438133
t#bar{t} fsr up,	0.057547931	0.068810336	0.100413576	0.110122144	0.116232293	0.121874672	0.115311364	0.117063573	0.113091709	0.110204075	0.097049641	0.096021810	0.085682130	0.083136690	0.071935138	0.067855973	0.060304047	0.055649315	0.046927171	0.044644981	0.036954751	0.034265141	0.027924940	0.026033681	0.022550681	0.019808982	0.015366042	0.014886361	0.011745101	0.010425387	0.007808830	0.007251465	0.005659318	0.005160311	0.003726552	0.003216178	0.002229063	0.002130791	0.001539722	0.001438133
t#bar{t} fsr dn,	0.079489151	0.068810336	0.118053889	0.110122144	0.127253451	0.121874672	0.114464121	0.117063573	0.111506214	0.110204075	0.092743643	0.096021810	0.081127332	0.083136690	0.063926862	0.067855973	0.053063576	0.055649315	0.041131736	0.044644981	0.032046743	0.034265141	0.024436994	0.026033681	0.018978183	0.019808982	0.013912374	0.014886361	0.009404682	0.010425387	0.007218422	0.007251465	0.005100900	0.005160311	0.002698087	0.003216178	0.001964723	0.002130791	0.001478915	0.001438133
t#bar{t} hdamp up,	0.068079764	0.068810336	0.111431609	0.110122144	0.120238386	0.121874672	0.115238084	0.117063573	0.111505736	0.110204075	0.094265397	0.096021810	0.084690906	0.083136690	0.068104933	0.067855973	0.054912426	0.055649315	0.043879060	0.044644981	0.035506125	0.034265141	0.026839105	0.026033681	0.020652533	0.019808982	0.014588193	0.014886361	0.010674105	0.010425387	0.007216752	0.007251465	0.005256224	0.005160311	0.003426863	0.003216178	0.001984410	0.002130791	0.001509387	0.001438133
t#bar{t} hdamp dn,	0.069557606	0.068810336	0.109956189	0.110122144	0.122340957	0.121874672	0.115786030	0.117063573	0.111735554	0.110204075	0.094478703	0.096021810	0.083740273	0.083136690	0.067482553	0.067855973	0.056203640	0.055649315	0.043588256	0.044644981	0.034503772	0.034265141	0.026482879	0.026033681	0.019312952	0.019808982	0.015079219	0.014886361	0.010307315	0.010425387	0.007538160	0.007251465	0.004978953	0.005160311	0.003293702	0.003216178	0.002247328	0.002130791	0.001385961	0.001438133
t#bar{t} UEup,	0.068053221	0.068810336	0.109824179	0.110122144	0.122287542	0.121874672	0.115953598	0.117063573	0.109531929	0.110204075	0.097180815	0.096021810	0.085639652	0.083136690	0.066686346	0.067855973	0.054967024	0.055649315	0.044963808	0.044644981	0.034401250	0.034265141	0.025201200	0.026033681	0.020103768	0.019808982	0.015389188	0.014886361	0.010648769	0.010425387	0.007184474	0.007251465	0.005203069	0.005160311	0.002880746	0.003216178	0.002375088	0.002130791	0.001524335	0.001438133
t#bar{t} UEdn,	0.069640903	0.068810336	0.110329929	0.110122144	0.122130809	0.121874672	0.118888652	0.117063573	0.109100780	0.110204075	0.094967367	0.096021810	0.084386784	0.083136690	0.066892847	0.067855973	0.056269058	0.055649315	0.043555683	0.044644981	0.033219057	0.034265141	0.025674629	0.026033681	0.019732808	0.019808982	0.015090092	0.014886361	0.009800193	0.010425387	0.007432068	0.007251465	0.005561476	0.005160311	0.003246199	0.003216178	0.002298756	0.002130791	0.001781910	0.001438133
t#bar{t} ERDon,	0.068437124	0.068810336	0.108686040	0.110122144	0.121410011	0.121874672	0.115439886	0.117063573	0.111859380	0.110204075	0.094090131	0.096021810	0.083292284	0.083136690	0.068316552	0.067855973	0.056726341	0.055649315	0.045293485	0.044644981	0.035103904	0.034265141	0.025860185	0.026033681	0.019753657	0.019808982	0.014997236	0.014886361	0.010661973	0.010425387	0.007807342	0.007251465	0.005153841	0.005160311	0.003179769	0.003216178	0.002484663	0.002130791	0.001446194	0.001438133
t#bar{t} QCDbased,	0.070458858	0.068810336	0.110539324	0.110122144	0.120561625	0.121874672	0.114035069	0.117063573	0.111739269	0.110204075	0.095228510	0.096021810	0.083880995	0.083136690	0.068212016	0.067855973	0.056502181	0.055649315	0.043718735	0.044644981	0.033786711	0.034265141	0.025858261	0.026033681	0.019780374	0.019808982	0.014558057	0.014886361	0.011222468	0.010425387	0.007189582	0.007251465	0.005849020	0.005160311	0.002828192	0.003216178	0.002456084	0.002130791	0.001594672	0.001438133
t#bar{t} gluon move,	0.068674198	0.068810336	0.110068298	0.110122144	0.121646982	0.121874672	0.118232099	0.117063573	0.109619311	0.110204075	0.095456364	0.096021810	0.083665708	0.083136690	0.067679012	0.067855973	0.056710612	0.055649315	0.044022183	0.044644981	0.033841734	0.034265141	0.026580724	0.026033681	0.019595915	0.019808982	0.014252464	0.014886361	0.010934198	0.010425387	0.007340365	0.007251465	0.005024968	0.005160311	0.003186286	0.003216178	0.002269875	0.002130791	0.001198703	0.001438133
